Accession	1A	1A-strand	1B	1B-strand	2	2-strand
PZ195463	56-3311	1	3565-4852	1	4870-6985	1
PZ195462	56-3311	1	3565-4852	1	4870-6985	1
PZ195461	56-3311	1	3565-4852	1	4870-6985	1
PZ195460	56-3311	1	3565-4852	1	4870-6985	1
PZ195459	56-3311	1	3565-4852	1	4870-6985	1
PZ195458	56-3311	1	3565-4852	1	4870-6985	1
PZ195457	56-3311	1	3565-4852	1	4870-6985	1
PZ195456	56-3311	1	3565-4852	1	4870-6985	1
PZ195455	56-3311	1	3565-4852	1	4870-6985	1
PZ195454	56-3311	1	3565-4852	1	4870-6985	1
PZ146428	51-2637	1	2588-4163	1	4155-6441	1
PZ146427	72-2523	1	NA-NA	NA	3930-6165	1
PZ146425	NA-NA	NA	0-354	1	NA-NA	NA
PZ133622	2-3227	1	3208-4768	1	4792-7006	1
PZ344196	NA-NA	NA	2-580	1	NA-NA	NA
PZ344195	NA-NA	NA	2-328	1	NA-NA	NA
PZ344194	NA-NA	NA	2-380	1	NA-NA	NA
PZ344193	NA-NA	NA	2-398	1	NA-NA	NA
PZ344192	NA-NA	NA	1-664	1	NA-NA	NA
PZ344191	NA-NA	NA	0-700	1	NA-NA	NA
PZ344190	NA-NA	NA	0-433	1	NA-NA	NA
PZ344189	NA-NA	NA	1-447	1	NA-NA	NA
PZ344188	NA-NA	NA	2-524	1	NA-NA	NA
PZ344187	NA-NA	NA	1-538	1	NA-NA	NA
PZ344186	NA-NA	NA	2-393	1	NA-NA	NA
PZ344185	NA-NA	NA	2-641	1	NA-NA	NA
PZ281948	NA-NA	NA	0-362	1	NA-NA	NA
PZ281947	NA-NA	NA	0-362	1	NA-NA	NA
PZ281946	NA-NA	NA	0-362	1	NA-NA	NA
LC930686	81-2844	1	2783-4331	1	4323-6639	1
PZ019026	2-503	1	NA-NA	NA	NA-NA	NA
PZ019025	2-501	1	NA-NA	NA	NA-NA	NA
LC918465	21-3441	1	3422-4982	1	5006-7223	1
PX906847	NA-NA	NA	0-306	1	NA-NA	NA
PX876879	7-3433	1	3423-4974	1	4994-7232	1
PX767488	NA-NA	NA	NA-NA	NA	0-1976	1
PX276334	2-285	1	NA-NA	NA	NA-NA	NA
PX276333	NA-NA	NA	NA-NA	NA	0-449	1
OZ453984	24-2727	1	2684-4214	1	4026-6477	1
OZ453978	29-2585	1	2548-4117	1	3965-6344	1
PX703601	13-3268	1	3258-4809	1	4827-6942	1
PX703600	13-3268	1	3258-4809	1	4827-6942	1
PX703599	56-3311	1	3301-4852	1	4870-6985	1
PX703598	13-3268	1	3258-4809	1	4827-6942	1
PX703597	9-3264	1	3254-4805	1	4823-6938	1
PX703596	18-3273	1	3263-4814	1	4832-6947	1
PX703595	18-3273	1	3263-4814	1	4832-6947	1
PX703594	56-3311	1	3301-4852	1	4870-6985	1
PX703593	56-3311	1	3301-4852	1	4870-6985	1
PX703592	18-3273	1	3263-4814	1	4832-6947	1
PX703591	13-3268	1	3258-4809	1	4827-6942	1
PX703590	18-3273	1	3263-4814	1	4832-6947	1
PZ000444	NA-NA	NA	NA-NA	NA	NA-NA	NA
PZ000443	NA-NA	NA	NA-NA	NA	NA-NA	NA
PZ000442	NA-NA	NA	NA-NA	NA	NA-NA	NA
PZ000441	NA-NA	NA	NA-NA	NA	NA-NA	NA
PZ000440	NA-NA	NA	NA-NA	NA	NA-NA	NA
PZ000439	NA-NA	NA	NA-NA	NA	NA-NA	NA
PZ000438	NA-NA	NA	433-6457	1	NA-NA	NA
PZ000437	NA-NA	NA	NA-NA	NA	NA-NA	NA
PZ000436	NA-NA	NA	NA-NA	NA	NA-NA	NA
PX692893	0-2319	1	2270-3791	1	3780-5991	1
PX692892	140-2260	1	2260-3766	1	3755-5989	1
PX692891	28-2362	1	2313-3834	1	3823-6034	1
PX942159	0-2451	1	NA-NA	NA	NA-NA	NA
PX942072	3825-6279	-1	2362-3811	-1	75-2214	-1
PX942056	1-2455	1	NA-NA	NA	3862-6181	1
PX942048	2-2390	1	NA-NA	NA	3797-6119	1
PX942040	3819-6279	-1	NA-NA	NA	78-2412	-1
PX942036	2-2462	1	NA-NA	NA	3917-6164	1
PX941975	3822-6326	-1	2358-3807	-1	NA-NA	NA
PX941974	3772-6101	-1	NA-NA	NA	NA-NA	NA
PX941967	3700-6151	-1	NA-NA	NA	70-2089	-1
PX941959	36-2490	1	NA-NA	NA	3897-6213	1
PX941894	27-2478	1	NA-NA	NA	3933-6126	1
PX941885	2-2453	1	NA-NA	NA	4028-6173	1
PX941867	3814-6264	-1	NA-NA	NA	78-2406	-1
PX941856	30-2565	1	2627-4085	1	4077-6192	1
PX941828	3828-6278	-1	NA-NA	NA	80-2372	-1
PX941827	3798-6249	-1	NA-NA	NA	90-2343	-1
PX941815	3780-6239	-1	NA-NA	NA	65-2324	-1
PX941755	33-2487	1	NA-NA	NA	NA-NA	NA
PX941741	1-2455	1	NA-NA	NA	4998-6165	1
PX941736	0-2451	1	NA-NA	NA	3906-6192	1
PX941685	3736-6075	-1	NA-NA	NA	81-2094	-1
PX941662	22-2491	1	2505-3954	1	4240-6238	1
PX941636	3830-6281	-1	NA-NA	NA	86-2423	-1
PX941611	3805-6284	-1	NA-NA	NA	77-2348	-1
PX941389	3759-6239	-1	NA-NA	NA	65-2117	-1
PX941379	3806-6256	-1	NA-NA	NA	79-2350	-1
PX941374	3823-6275	-1	NA-NA	NA	89-2219	-1
PX941371	2-2453	1	NA-NA	NA	4028-6188	1
PX941335	36-2490	1	NA-NA	NA	NA-NA	NA
PX941334	31-2488	1	NA-NA	NA	NA-NA	NA
PX941305	3810-6264	-1	NA-NA	NA	75-2403	-1
PX941304	3806-6260	-1	NA-NA	NA	71-2351	-1
PX941303	3706-6086	-1	NA-NA	NA	65-2249	-1
PX941291	25-2551	1	2571-4023	1	4003-6220	1
PX941191	3795-6249	-1	2332-3781	-1	75-2202	-1
PX941165	3683-6209	-1	2211-3663	-1	14-2231	-1
PX941164	0-2346	1	NA-NA	NA	NA-NA	NA
PX941104	3759-6101	-1	NA-NA	NA	71-2297	-1
PX941103	1-2344	1	NA-NA	NA	4117-6055	1
PX941043	2-2555	1	2575-4027	1	4007-6224	1
PX940991	33-2487	1	NA-NA	NA	3894-6198	1
PX940951	3755-6182	-1	NA-NA	NA	74-2297	-1
PX610528	30-2775	1	2789-4280	1	4252-6733	1
PX610527	30-2775	1	2789-4262	1	4254-6699	1
PX610526	NA-NA	NA	NA-NA	NA	0-2445	1
PX610525	NA-NA	NA	NA-NA	NA	0-2445	1
PX610524	NA-NA	NA	NA-NA	NA	0-2451	1
PX610523	NA-NA	NA	NA-NA	NA	0-2445	1
PX610522	NA-NA	NA	NA-NA	NA	0-2427	1
PX610521	NA-NA	NA	NA-NA	NA	0-2451	1
PX610520	NA-NA	NA	NA-NA	NA	0-2427	1
PX610519	NA-NA	NA	NA-NA	NA	0-2451	1
PX610518	NA-NA	NA	NA-NA	NA	0-2445	1
PX610517	NA-NA	NA	NA-NA	NA	0-2451	1
PX610516	NA-NA	NA	NA-NA	NA	0-2445	1
PX610515	NA-NA	NA	NA-NA	NA	0-2451	1
PX610514	NA-NA	NA	NA-NA	NA	0-2451	1
PX597466	18-3273	1	3254-4814	1	4832-6947	1
PX597465	18-3273	1	3254-4814	1	4832-6947	1
PV989640	0-3021	1	3017-4541	1	4559-6605	1
PX666685	NA-NA	NA	NA-NA	NA	NA-NA	NA
LC918945	NA-NA	NA	NA-NA	NA	1-604	1
LC918944	NA-NA	NA	NA-NA	NA	1-603	1
LC918943	NA-NA	NA	NA-NA	NA	1-382	1
LC918942	NA-NA	NA	NA-NA	NA	2-620	1
PX586768	NA-NA	NA	NA-NA	NA	0-173	1
PX586767	NA-NA	NA	NA-NA	NA	0-173	1
PX586766	NA-NA	NA	NA-NA	NA	0-173	1
PX586765	NA-NA	NA	NA-NA	NA	0-173	1
PX586764	NA-NA	NA	NA-NA	NA	0-173	1
PX586763	NA-NA	NA	NA-NA	NA	0-173	1
PX586762	NA-NA	NA	NA-NA	NA	0-173	1
PX586761	NA-NA	NA	NA-NA	NA	0-173	1
PX586760	NA-NA	NA	NA-NA	NA	0-614	1
PX586759	NA-NA	NA	NA-NA	NA	0-614	1
PX586758	NA-NA	NA	NA-NA	NA	0-614	1
PX586757	NA-NA	NA	NA-NA	NA	0-614	1
PX586756	NA-NA	NA	NA-NA	NA	0-614	1
PX586755	NA-NA	NA	NA-NA	NA	0-614	1
PX586754	NA-NA	NA	NA-NA	NA	0-614	1
PX586753	NA-NA	NA	NA-NA	NA	0-614	1
PX586752	NA-NA	NA	NA-NA	NA	0-614	1
PX586751	NA-NA	NA	NA-NA	NA	0-614	1
PX586750	NA-NA	NA	NA-NA	NA	0-614	1
PX586749	NA-NA	NA	0-349	1	NA-NA	NA
PX586748	NA-NA	NA	0-262	1	NA-NA	NA
PX586747	NA-NA	NA	0-262	1	NA-NA	NA
PX586746	NA-NA	NA	0-262	1	NA-NA	NA
PX703104	18-3273	1	3263-4814	1	4832-6947	1
PX548819	18-3273	1	3263-4814	1	4832-6947	1
PX619609	83-2846	1	2776-4333	1	4325-6641	1
PX848849	89-2639	1	2575-4084	1	4076-6551	1
PX139078	NA-NA	NA	2092-3589	1	3787-4942	1
PX489687	13-3268	1	3258-4809	1	4827-6942	1
PX489686	53-3308	1	3298-4849	1	4867-6982	1
PX488484	22-3277	1	3267-4818	1	4836-6951	1
PX871025	NA-NA	NA	3843-6615	-1	NA-NA	NA
PX871024	NA-NA	NA	0-206	-1	NA-NA	NA
PX871023	NA-NA	NA	255-3060	1	NA-NA	NA
PX871022	NA-NA	NA	3796-6601	-1	NA-NA	NA
PX871021	NA-NA	NA	1-280	1	NA-NA	NA
PX870878	NA-NA	NA	0-1401	-1	NA-NA	NA
PX870877	NA-NA	NA	0-528	1	NA-NA	NA
PX870876	NA-NA	NA	1-473	-1	NA-NA	NA
PX870875	NA-NA	NA	1157-2672	1	NA-NA	NA
PX870874	NA-NA	NA	490-2035	-1	NA-NA	NA
PX870873	NA-NA	NA	3100-4666	1	NA-NA	NA
PX870872	NA-NA	NA	2-894	-1	NA-NA	NA
PX565185	19-3445	1	3435-4986	1	5006-7244	1
PX731269	2-701	1	760-2163	1	NA-NA	NA
PX730266	2-1049	1	1108-2764	1	2741-4373	1
PX731517	819-2097	-1	0-865	-1	NA-NA	NA
PX730404	NA-NA	NA	1-802	1	NA-NA	NA
PX730396	NA-NA	NA	0-488	-1	NA-NA	NA
PX730395	NA-NA	NA	2048-3521	-1	NA-NA	NA
PX730243	NA-NA	NA	0-2023	-1	NA-NA	NA
PX731287	NA-NA	NA	0-1455	1	NA-NA	NA
PX731235	NA-NA	NA	0-665	-1	NA-NA	NA
PX731123	NA-NA	NA	2-1176	1	NA-NA	NA
PX731031	NA-NA	NA	0-1358	-1	NA-NA	NA
PX730842	NA-NA	NA	420-1023	1	NA-NA	NA
PX730839	NA-NA	NA	680-1263	-1	NA-NA	NA
PX730702	NA-NA	NA	1-1438	1	NA-NA	NA
PX730254	NA-NA	NA	1-1462	1	1422-3003	1
PX492159	26-2468	1	2422-3931	1	3923-6206	1
PV872385	NA-NA	NA	NA-NA	NA	0-2058	1
PV872384	NA-NA	NA	NA-NA	NA	0-2058	1
ON653007	NA-NA	NA	1-364	1	NA-NA	NA
ON653006	NA-NA	NA	1-364	1	NA-NA	NA
ON653005	NA-NA	NA	1-364	1	NA-NA	NA
ON653004	NA-NA	NA	1-364	1	NA-NA	NA
ON653003	NA-NA	NA	1-364	1	NA-NA	NA
ON653002	NA-NA	NA	1-364	1	NA-NA	NA
PV730103	28-2698	1	2646-4185	1	3997-6472	1
OL874470	13-3433	1	3414-4974	1	NA-NA	NA
OL874469	13-3433	1	3414-4974	1	4998-7230	1
OL874468	13-3433	1	3414-4974	1	NA-NA	NA
OL874467	13-3433	1	3414-4974	1	NA-NA	NA
OL874466	13-3433	1	3414-4974	1	NA-NA	NA
PX221760	0-2256	1	2555-3704	1	3696-6075	1
PX221758	6-2763	1	3062-4211	1	NA-NA	NA
PX221757	8-2765	1	2828-4208	1	4200-6579	1
PX221756	8-2765	1	2828-4208	1	4200-6579	1
PX221740	6-2493	1	NA-NA	NA	NA-NA	NA
PX221739	NA-NA	NA	2843-4136	1	4062-6381	1
PX482536	NA-NA	NA	0-810	1	802-3199	1
PQ661610	NA-NA	NA	0-405	1	NA-NA	NA
PQ661609	NA-NA	NA	0-405	1	NA-NA	NA
PQ661608	NA-NA	NA	0-405	1	NA-NA	NA
PQ661607	NA-NA	NA	0-405	1	NA-NA	NA
PQ661606	NA-NA	NA	0-405	1	NA-NA	NA
PQ661605	NA-NA	NA	0-405	1	NA-NA	NA
PQ661604	NA-NA	NA	0-405	1	NA-NA	NA
PQ661603	NA-NA	NA	0-405	1	NA-NA	NA
PQ661602	NA-NA	NA	0-405	1	NA-NA	NA
PQ661601	NA-NA	NA	0-405	1	NA-NA	NA
PQ661600	NA-NA	NA	0-405	1	NA-NA	NA
PQ661599	NA-NA	NA	0-405	1	NA-NA	NA
PQ661598	NA-NA	NA	0-405	1	NA-NA	NA
PQ638340	0-165	1	116-1628	1	1572-2384	1
PQ638339	1-1051	1	984-2496	1	2488-3761	1
PX495085	13-3268	1	3258-4809	1	4827-6942	1
LC900477	0-1773	1	1724-3236	1	3228-5540	1
LC900476	81-2631	1	2567-4076	1	4068-5146	1
LC900475	84-2634	1	2570-4079	1	4071-6474	1
LC900474	30-2598	1	2561-4070	1	3915-6261	1
LC900473	36-2511	1	2462-3974	1	3966-6219	1
LC900472	79-2683	1	2643-4155	1	4138-6367	1
LC900471	77-2681	1	2641-4153	1	4136-6365	1
LC900470	32-2507	1	2458-3970	1	3962-6242	1
LC900469	31-2506	1	2457-3969	1	3961-6241	1
LC900463	86-2636	1	2572-4081	1	4073-6551	1
LC900462	36-2511	1	2462-3974	1	3966-6176	1
LC900461	31-2506	1	2457-3969	1	3961-6226	1
LC900460	32-2507	1	2458-3970	1	3962-6227	1
LC900459	35-2510	1	2461-3973	1	3965-6230	1
LC900458	87-2637	1	2573-4082	1	4074-6488	1
LC900456	32-2507	1	2458-3970	1	3962-5737	1
LC900455	31-2506	1	2457-3969	1	3961-6198	1
LC900454	25-2593	1	2553-4065	1	4048-6256	1
LC900453	3-2634	1	2570-4079	1	4071-6439	1
LC900452	35-2510	1	2461-3973	1	3965-6221	1
LC900450	14-2549	1	2503-4075	1	3878-6332	1
LC900448	14-2549	1	2503-4075	1	3878-6332	1
LC900443	88-2674	1	2634-4146	1	4129-6337	1
LC900442	92-2642	1	2578-4087	1	4079-6344	1
LC900441	37-2512	1	2463-3975	1	3919-6283	1
LC900440	0-2031	1	1982-3503	1	3348-5709	1
LC900439	30-2598	1	2549-4070	1	3915-6276	1
LC900438	2-2633	1	2569-4078	1	4070-6638	1
LC900436	33-2508	1	2459-3971	1	3963-6219	1
LC900435	27-2595	1	2558-4067	1	3912-6258	1
LC900433	35-2510	1	2461-3973	1	3965-5990	1
LC900432	35-2510	1	2461-3973	1	3965-6278	1
LC900431	33-2508	1	2459-3971	1	3963-6219	1
LC900428	28-2596	1	2559-4068	1	3913-6259	1
LC900427	29-2504	1	2455-3967	1	3959-6215	1
LC900425	29-2597	1	2557-4069	1	4052-6260	1
LC900424	29-2504	1	2455-3967	1	3959-6215	1
LC900423	13-2581	1	2544-4053	1	3898-6244	1
LC900421	84-2703	1	2663-4175	1	4158-6369	1
LC900420	32-2507	1	2458-3970	1	3962-6209	1
LC900419	35-2510	1	2461-3973	1	3860-6290	1
LC900418	46-2539	1	2490-4002	1	3946-6313	1
LC900417	41-2516	1	2467-3979	1	3866-6290	1
LC900416	8-2639	1	2575-4084	1	4076-6584	1
LC900412	29-2504	1	2458-3967	1	3959-6229	1
LC900406	10-2545	1	2502-4071	1	3874-6364	1
LC900405	41-2516	1	2467-3979	1	3971-6163	1
LC900401	3-2643	1	2576-4088	1	4080-6550	1
LC900400	6-2646	1	2585-4091	1	4083-6579	1
LC900399	36-2511	1	2465-3974	1	3861-6306	1
LC900398	6-2649	1	2582-4094	1	4086-6591	1
LC900397	0-2637	1	2570-4082	1	4074-6552	1
LC900395	10-2653	1	2586-4098	1	4090-6568	1
LC900394	39-2514	1	2465-3977	1	3921-6297	1
LC900393	10-2641	1	2577-4086	1	4078-6589	1
LC900392	2-2429	1	2380-3892	1	3836-6152	1
LC900389	41-2516	1	2467-3979	1	3923-6239	1
LC900386	22-2653	1	2589-4098	1	4090-6592	1
LC900385	46-2521	1	2472-3984	1	3901-6277	1
LC900383	2-1901	1	1831-3346	1	3338-5846	1
LC900382	36-2511	1	2462-3974	1	3861-6282	1
LC900381	41-2516	1	2467-3979	1	3866-6329	1
LC900380	36-2757	1	2705-4244	1	4236-6567	1
LC900377	81-2631	1	2564-4076	1	4068-6564	1
LC900376	21-2571	1	2501-4016	1	4008-6435	1
LC900375	36-2757	1	2690-4244	1	4236-6567	1
LC900374	31-2752	1	2688-4239	1	4231-6562	1
LC900370	19-2560	1	2520-4032	1	4015-6232	1
LC900365	17-2510	1	2461-3973	1	3917-6296	1
LC900363	1-2248	1	2184-3693	1	3685-6139	1
LC900362	33-2508	1	2459-3971	1	3963-6234	1
LC900361	28-2503	1	2454-3966	1	3958-6232	1
LC900360	2-1787	1	1738-3250	1	3137-5565	1
LC900359	13-2617	1	2553-4062	1	4054-6330	1
LC900346	44-2675	1	2608-4120	1	4112-6659	1
LC900344	2-2645	1	2578-4090	1	4082-6544	1
LC900343	2-1199	1	1150-2662	1	2606-4976	1
LC900342	1-2365	1	2244-3828	1	3820-6103	1
LC900341	104-2708	1	2686-4180	1	4025-6371	1
PV166045	NA-NA	NA	0-1530	1	NA-NA	NA
PV166044	NA-NA	NA	0-1530	1	NA-NA	NA
PV166043	NA-NA	NA	0-1530	1	NA-NA	NA
PV166042	NA-NA	NA	0-1530	1	NA-NA	NA
PV166041	NA-NA	NA	0-1530	1	NA-NA	NA
PV166040	NA-NA	NA	0-1530	1	NA-NA	NA
PV166039	NA-NA	NA	0-1530	1	NA-NA	NA
PV166038	NA-NA	NA	0-1530	1	NA-NA	NA
PV166037	NA-NA	NA	NA-NA	NA	0-2277	1
PV166036	NA-NA	NA	NA-NA	NA	0-2277	1
PV166035	NA-NA	NA	NA-NA	NA	2-2192	1
PV166034	NA-NA	NA	NA-NA	NA	0-2277	1
PV166033	NA-NA	NA	NA-NA	NA	0-2298	1
PV166032	NA-NA	NA	NA-NA	NA	0-2298	1
PV166031	NA-NA	NA	NA-NA	NA	0-2277	1
PV166030	NA-NA	NA	NA-NA	NA	0-2277	1
PV166029	NA-NA	NA	NA-NA	NA	0-2277	1
PV166028	NA-NA	NA	NA-NA	NA	0-2277	1
PV166027	NA-NA	NA	NA-NA	NA	0-2298	1
PV166026	NA-NA	NA	NA-NA	NA	0-2277	1
PV166025	NA-NA	NA	NA-NA	NA	0-2301	1
PV166024	113-2600	1	2599-4174	1	4163-6440	1
PV166023	16-2503	1	2502-4077	1	4066-6343	1
PV166022	16-2503	1	2502-4077	1	4066-6343	1
PV166021	15-2502	1	2501-4076	1	4065-6342	1
PV166020	14-2501	1	2500-4075	1	4064-6341	1
PV166019	10-2497	1	2496-4071	1	4060-6337	1
PV166018	15-2502	1	2501-4076	1	4065-6342	1
PV166017	24-2511	1	2510-4085	1	4074-6351	1
PV166016	15-2502	1	2501-4076	1	4065-6342	1
PV166015	26-2513	1	2512-4087	1	4076-6374	1
PV166014	27-2514	1	2513-4088	1	4077-6375	1
PV166013	16-2503	1	2502-4077	1	4066-6343	1
PV166012	1-2470	1	2469-4044	1	4033-6180	1
PV166011	18-2505	1	2504-4079	1	4068-6336	1
PV297766	NA-NA	NA	0-1437	1	NA-NA	NA
PV297765	NA-NA	NA	0-1437	1	NA-NA	NA
PV297764	NA-NA	NA	0-1437	1	NA-NA	NA
PV087402	NA-NA	NA	0-492	1	NA-NA	NA
PV087401	0-576	1	590-2033	1	1980-4509	1
PV087400	0-513	1	527-1945	1	NA-NA	NA
PX137063	83-2669	1	2665-4141	1	3986-6347	1
PX137061	56-2648	1	2644-4120	1	3965-6311	1
PX137060	1-2593	1	2589-4065	1	3910-6256	1
PX137059	28-2620	1	2616-4092	1	3937-6283	1
PX137058	26-2618	1	2614-4090	1	3935-6281	1
PX137057	55-2647	1	2643-4119	1	3964-6310	1
PX137056	17-2609	1	2605-4081	1	3926-6272	1
PX137055	30-2625	1	2588-4097	1	3942-5526	1
PX137054	28-2623	1	2586-4095	1	3940-6286	1
PX137026	5-2540	1	2485-4066	1	3869-6353	1
PX137025	15-2550	1	2507-4076	1	4020-6342	1
PX137024	16-2551	1	2508-4077	1	4021-6343	1
PX137023	17-2552	1	2509-4078	1	4022-6344	1
PX137022	16-2551	1	2508-4077	1	4021-6343	1
PX137021	15-2550	1	2507-4076	1	3999-6342	1
PX137020	17-2552	1	2509-4078	1	3881-6335	1
PX137019	31-2506	1	2457-3969	1	3961-6265	1
PX137018	5-2480	1	2431-3943	1	3887-6191	1
PX137017	18-2493	1	2444-3956	1	3780-6303	1
PX137016	31-2506	1	2457-3969	1	3913-6217	1
PX137015	35-2510	1	2461-3973	1	3917-6299	1
PX137014	36-2511	1	2462-3974	1	3918-6300	1
PX137013	35-2510	1	2461-3973	1	3860-6248	1
PX137012	NA-NA	NA	NA-NA	NA	0-2258	1
PX137011	34-2755	1	2691-4242	1	4234-6559	1
PX137010	3-2727	1	2663-4214	1	4206-6552	1
PX137009	31-2755	1	2691-4242	1	4234-6547	1
PX465100	NA-NA	NA	1-16	1	8-573	1
PX465099	NA-NA	NA	1-16	1	8-573	1
PX459866	NA-NA	NA	NA-NA	NA	0-315	1
PX459865	NA-NA	NA	NA-NA	NA	0-222	1
PX459864	NA-NA	NA	NA-NA	NA	0-540	1
PV605202	NA-NA	NA	24-4242	1	4257-5349	1
PV605181	11-2657	1	2569-4135	1	4124-6443	1
PV605168	NA-NA	NA	NA-NA	NA	3693-5727	1
PV605161	NA-NA	NA	NA-NA	NA	4040-4591	1
PV605160	NA-NA	NA	2365-3823	-1	3864-6132	-1
PV605151	41-2624	1	2674-4072	1	4001-6257	1
PX452315	NA-NA	NA	93-640	1	139-478	1
PV418557	59-2606	1	2569-4138	1	4091-6455	1
PV418556	0-2670	1	2621-4157	1	3957-6444	1
PV418555	0-2667	1	2618-4154	1	3954-6466	1
PV418554	0-2670	1	2621-4157	1	3957-6460	1
PV418553	0-2670	1	2621-4157	1	3957-6465	1
PV418552	NA-NA	NA	NA-NA	NA	0-962	1
PV418551	NA-NA	NA	548-2059	1	NA-NA	NA
PV418550	NA-NA	NA	NA-NA	NA	2-2311	1
PV418549	NA-NA	NA	NA-NA	NA	1-2227	1
PV418548	NA-NA	NA	NA-NA	NA	116-2447	1
PV418547	NA-NA	NA	NA-NA	NA	57-2416	1
PV418546	0-2670	1	2621-4157	1	NA-NA	NA
PV418545	0-735	1	686-2070	1	NA-NA	NA
PX395425	NA-NA	NA	NA-NA	NA	NA-NA	NA
PX395424	NA-NA	NA	NA-NA	NA	NA-NA	NA
PX395423	1-582	1	NA-NA	NA	NA-NA	NA
PX395422	0-368	1	NA-NA	NA	NA-NA	NA
PX395421	NA-NA	NA	0-291	1	NA-NA	NA
PX395420	NA-NA	NA	0-283	1	NA-NA	NA
PX395419	NA-NA	NA	2-238	1	NA-NA	NA
PX395418	NA-NA	NA	0-123	1	147-189	1
PX395417	NA-NA	NA	NA-NA	NA	0-152	1
PX395416	NA-NA	NA	NA-NA	NA	0-122	1
PX395415	NA-NA	NA	NA-NA	NA	0-153	1
PX378139	NA-NA	NA	0-690	1	682-859	1
PX378138	NA-NA	NA	0-690	1	682-859	1
PX378137	NA-NA	NA	0-690	1	682-859	1
PX378136	NA-NA	NA	0-312	1	304-676	1
PX378135	NA-NA	NA	0-312	1	304-676	1
PX378134	NA-NA	NA	0-312	1	304-676	1
PX378133	NA-NA	NA	0-312	1	304-676	1
PX378132	NA-NA	NA	0-312	1	304-676	1
PX378131	NA-NA	NA	0-312	1	304-649	1
PV211181	NA-NA	NA	NA-NA	NA	0-420	1
PV211180	NA-NA	NA	NA-NA	NA	0-420	1
PV211179	NA-NA	NA	NA-NA	NA	0-424	1
PV211178	NA-NA	NA	NA-NA	NA	0-442	1
PV211177	NA-NA	NA	NA-NA	NA	0-423	1
PV211176	NA-NA	NA	NA-NA	NA	0-422	1
PX236818	101-2582	1	2596-4108	1	3983-6215	1
PX236817	18-2475	1	2489-3986	1	3876-5446	1
PX255451	75-2853	1	3233-4340	1	4332-6681	1
PX255450	62-2822	1	3202-4309	1	4301-6638	1
PX255449	20-2822	1	3202-4309	1	4121-6653	1
PX255448	84-2886	1	3266-4373	1	4185-6675	1
PX255447	81-2766	1	2780-4253	1	4245-6207	1
PX255446	84-2886	1	3266-4373	1	4365-6729	1
PX289198	0-3273	1	3527-4814	1	4832-6947	1
PX289197	2-3029	1	3283-4570	1	4588-6703	1
PX289196	2-3029	1	3283-4570	1	4588-6703	1
OR951098	48-807	1	806-2387	1	2424-3177	1
OR951097	305-2255	1	2254-3832	1	3812-6008	1
OR951096	NA-NA	NA	241-1608	1	NA-NA	NA
OR951095	NA-NA	NA	0-1371	1	NA-NA	NA
OR951094	NA-NA	NA	468-1701	1	NA-NA	NA
OR951093	NA-NA	NA	0-960	1	NA-NA	NA
OR951092	NA-NA	NA	85-901	1	NA-NA	NA
OR951091	NA-NA	NA	162-1107	1	NA-NA	NA
OR951090	NA-NA	NA	116-1718	1	NA-NA	NA
OR951089	NA-NA	NA	260-1539	1	NA-NA	NA
OR951088	NA-NA	NA	185-1754	1	1772-3737	1
OR951087	390-2625	1	2624-4205	1	4188-6510	1
OR951086	0-1615	1	1614-3192	1	3133-4824	1
OR951085	1-1090	1	NA-NA	NA	NA-NA	NA
OR951084	NA-NA	NA	338-1589	1	NA-NA	NA
OR951083	NA-NA	NA	19-1056	1	NA-NA	NA
OR951082	61-2527	1	2526-4095	1	4113-6324	1
OR951081	0-1842	1	1853-3380	1	NA-NA	NA
OR951080	37-2707	1	2718-4293	1	4093-6523	1
OR951079	31-2635	1	2646-4218	1	4159-6535	1
OR951078	NA-NA	NA	37-877	1	NA-NA	NA
OR951077	NA-NA	NA	85-1256	1	NA-NA	NA
OR951076	NA-NA	NA	19-1300	1	1316-2049	1
OR951075	NA-NA	NA	89-1646	1	1648-3781	1
OR951074	161-2774	1	2773-4375	1	4319-6512	1
OR951073	NA-NA	NA	361-1940	1	NA-NA	NA
OR951072	278-2219	1	2197-3658	1	NA-NA	NA
OR951071	NA-NA	NA	2-1484	1	NA-NA	NA
OR951070	NA-NA	NA	32-918	1	NA-NA	NA
OR951069	NA-NA	NA	216-1650	1	NA-NA	NA
OR951068	23-1853	1	1855-3355	1	3359-5687	1
OR951067	NA-NA	NA	98-1330	1	NA-NA	NA
OR951066	NA-NA	NA	0-996	1	NA-NA	NA
OR951065	NA-NA	NA	1-1282	1	1268-2001	1
OR951064	NA-NA	NA	483-1265	1	NA-NA	NA
OR951063	NA-NA	NA	1-1480	1	1524-1540	1
OR951062	NA-NA	NA	0-1080	1	NA-NA	NA
OR951061	NA-NA	NA	38-1015	1	NA-NA	NA
OR951060	180-1992	1	1991-3485	1	NA-NA	NA
OR951059	262-2473	1	2472-4050	1	NA-NA	NA
OR951058	164-2384	1	2383-3624	1	NA-NA	NA
OR951057	NA-NA	NA	95-1372	1	NA-NA	NA
OR951056	NA-NA	NA	2-1001	1	1013-1743	1
OR951055	40-2623	1	2622-4224	1	4168-6142	1
OR951054	NA-NA	NA	47-672	1	NA-NA	NA
OR951053	205-3574	1	3585-5022	1	4963-7009	1
OR951052	29-2350	1	2320-3892	1	NA-NA	NA
OR951051	NA-NA	NA	2-1091	1	NA-NA	NA
OR951050	NA-NA	NA	109-1441	1	NA-NA	NA
OR951049	143-2237	1	2239-3838	1	3785-5987	1
OR951048	4-2434	1	2436-4035	1	4030-4347	1
OR951047	3-888	1	890-2156	1	2434-4624	1
OR951046	NA-NA	NA	1-1204	1	NA-NA	NA
OR951045	219-2820	1	2822-4370	1	4385-5114	1
OR951044	NA-NA	NA	24-1029	1	1027-1448	1
OR951043	NA-NA	NA	31-1015	1	1061-1779	1
OR951042	122-2573	1	2575-4183	1	NA-NA	NA
OR951041	NA-NA	NA	182-1790	1	1801-3922	1
OR951040	200-2114	1	2116-3625	1	3659-4383	1
OR951039	NA-NA	NA	31-1278	1	NA-NA	NA
OR951038	NA-NA	NA	274-1882	1	1893-4014	1
OR951037	275-2225	1	NA-NA	NA	NA-NA	NA
OR951036	179-2651	1	2650-4261	1	4269-6393	1
OR951035	NA-NA	NA	44-1655	1	1663-3557	1
OR951034	404-2312	1	2311-3901	1	3881-5439	1
OR951033	162-2085	1	2084-3274	1	NA-NA	NA
OR951032	19-2539	1	2538-4149	1	4157-6281	1
OR951031	NA-NA	NA	37-1081	1	NA-NA	NA
OR951030	182-2105	1	2104-3040	1	3659-5858	1
OR951029	NA-NA	NA	9-969	1	967-1733	1
OR951028	NA-NA	NA	266-1877	1	1885-4009	1
OR951027	122-2681	1	2680-4225	1	4231-6451	1
OR951026	87-2685	1	2684-4247	1	4246-6427	1
OR951025	92-2651	1	2650-4195	1	4201-6421	1
OR951024	NA-NA	NA	0-1251	1	1257-1981	1
OR951023	137-2504	1	2503-4060	1	4063-6011	1
OR951022	126-2667	1	2666-4223	1	4226-6384	1
OR951021	107-2648	1	2647-4204	1	4207-6352	1
OR951020	NA-NA	NA	64-1405	1	NA-NA	NA
OR951019	NA-NA	NA	0-845	1	NA-NA	NA
OR951018	NA-NA	NA	0-987	1	999-1236	1
OR951017	0-1587	1	1586-3131	1	NA-NA	NA
OR951016	1-1855	1	1854-3423	1	3415-5782	1
OR951015	NA-NA	NA	139-1681	1	NA-NA	NA
OR951014	2-1850	1	1849-3427	1	NA-NA	NA
OR951013	1-724	1	723-2249	1	NA-NA	NA
OR951012	NA-NA	NA	128-1394	1	NA-NA	NA
OR951011	NA-NA	NA	0-1302	1	NA-NA	NA
OR951010	110-1796	1	1792-3352	1	NA-NA	NA
OR951009	NA-NA	NA	190-707	1	NA-NA	NA
OR951008	NA-NA	NA	125-878	1	NA-NA	NA
OR951007	NA-NA	NA	430-1951	1	NA-NA	NA
PX237220	NA-NA	NA	NA-NA	NA	0-2025	1
PX280286	NA-NA	NA	NA-NA	NA	NA-NA	NA
PX237222	86-3098	1	3091-4618	1	4636-6682	1
PX237221	NA-NA	NA	NA-NA	NA	0-2022	1
PX148103	NA-NA	NA	0-99	1	91-171	1
PX132666	NA-NA	NA	2-284	1	276-767	1
PX132665	NA-NA	NA	2-284	1	276-767	1
PX132664	NA-NA	NA	1-262	1	254-749	1
PP239060	NA-NA	NA	0-1149	1	1177-3316	1
PX171445	NA-NA	NA	0-147	1	NA-NA	NA
MW826416	5-2636	1	2917-4120	1	3929-6974	1
PX146716	NA-NA	NA	NA-NA	NA	16-2233	1
PX095946	2947-3689	-1	1473-2925	-1	0-1493	-1
PX095874	NA-NA	NA	2209-2891	-1	657-2145	-1
PX095873	NA-NA	NA	0-812	-1	NA-NA	NA
PX095817	3907-7273	-1	NA-NA	NA	171-2142	-1
PX095816	NA-NA	NA	3076-4574	-1	85-3082	-1
PX095815	NA-NA	NA	34-591	-1	NA-NA	NA
PX095814	NA-NA	NA	0-582	1	NA-NA	NA
PX095800	2-2570	1	2587-4090	1	4028-6362	1
PX095793	4451-7190	-1	NA-NA	NA	98-2966	-1
PX095754	NA-NA	NA	0-1113	-1	NA-NA	NA
PX095750	NA-NA	NA	2807-4271	1	4263-7398	1
PX095749	0-2832	1	3002-4364	1	4353-6936	1
PX095698	NA-NA	NA	2-494	1	523-2743	1
PX095697	NA-NA	NA	2-675	-1	NA-NA	NA
PX095696	NA-NA	NA	NA-NA	NA	NA-NA	NA
PX095695	846-2860	-1	NA-NA	NA	NA-NA	NA
PX113257	NA-NA	NA	NA-NA	NA	296-749	1
PX113256	NA-NA	NA	NA-NA	NA	24-691	1
PX113255	NA-NA	NA	NA-NA	NA	NA-NA	NA
PX113254	13-1296	1	NA-NA	NA	NA-NA	NA
PX113253	24-2604	1	2489-4076	1	3930-6374	1
PX113252	1-2704	1	NA-NA	NA	4021-6367	1
PX113251	6-2496	1	NA-NA	NA	3846-6234	1
PV067282	NA-NA	NA	NA-NA	NA	0-368	1
PV999259	NA-NA	NA	NA-NA	NA	0-132	1
PV999258	NA-NA	NA	0-1206	1	1224-1530	1
PV999257	NA-NA	NA	1-1296	1	NA-NA	NA
PV999256	NA-NA	NA	1-274	1	263-358	1
PV999255	0-348	1	359-1072	1	NA-NA	NA
PV979748	3978-6204	-1	2479-3898	-1	45-2490	-1
PV979747	7-2317	1	2262-3966	1	3760-4302	1
PV987765	18-2460	1	2432-3923	1	3915-6201	1
PP980351	NA-NA	NA	0-726	1	538-3055	1
PP980350	2-2672	1	2623-4159	1	3971-6500	1
PP980349	NA-NA	NA	0-726	1	538-3034	1
PP980348	NA-NA	NA	0-726	1	538-3034	1
PP980347	NA-NA	NA	0-726	1	538-3034	1
PP980346	NA-NA	NA	0-726	1	538-3034	1
PP980345	NA-NA	NA	0-726	1	538-3034	1
PP980344	2-2672	1	2623-4159	1	3971-6467	1
PP980343	NA-NA	NA	0-726	1	538-3016	1
PP980342	NA-NA	NA	0-726	1	538-3034	1
PP980341	NA-NA	NA	0-726	1	538-3034	1
PP980340	NA-NA	NA	0-726	1	538-3034	1
PP980339	NA-NA	NA	0-726	1	538-3034	1
PV983331	NA-NA	NA	0-810	-1	NA-NA	NA
PV793827	100-3406	1	3390-4938	1	4931-7178	1
PV793829	42-3228	1	3230-4757	1	4683-6879	1
PV793828	NA-NA	NA	3495-5046	1	4924-7243	1
PV793826	70-3358	1	3342-4896	1	4889-7124	1
PV793833	NA-NA	NA	1600-2992	1	NA-NA	NA
PV793832	NA-NA	NA	284-1823	1	NA-NA	NA
PV793831	NA-NA	NA	2297-3905	1	NA-NA	NA
PV793830	NA-NA	NA	566-2120	1	NA-NA	NA
PV880246	NA-NA	NA	NA-NA	NA	0-405	1
PV880245	NA-NA	NA	NA-NA	NA	0-435	1
PV880244	125-2612	1	2566-3790	1	NA-NA	NA
PV880243	0-396	1	353-1868	1	1857-4104	1
PV880242	NA-NA	NA	NA-NA	NA	0-1167	1
PV880241	NA-NA	NA	NA-NA	NA	0-561	1
PV880240	NA-NA	NA	NA-NA	NA	0-2064	1
PV880239	0-1977	1	1931-2403	1	NA-NA	NA
PV880238	0-87	1	41-1550	1	1542-3804	1
PQ421854	3750-6069	-1	2095-3460	-1	153-1935	-1
PQ421853	3766-6097	-1	2111-3530	-1	160-1951	-1
PQ421852	3612-5013	-1	NA-NA	NA	7-3376	-1
PQ421851	NA-NA	NA	76-1135	1	NA-NA	NA
PQ421850	133-2836	1	2832-4341	1	4300-6469	1
PQ421849	355-2491	1	2505-4005	1	4013-6143	1
PQ421848	3-2334	1	2624-3989	1	4149-5940	1
PQ421847	3759-6090	-1	2103-3309	-1	152-1943	-1
PQ421846	3757-6082	-1	2102-3467	-1	160-1942	-1
PQ421845	3755-6080	-1	2100-3465	-1	158-1940	-1
PQ421844	3756-5979	-1	2101-3466	-1	159-1941	-1
PQ421843	5-2333	1	2623-3988	1	4145-5924	1
PQ421842	3743-5969	-1	2088-3453	-1	152-1931	-1
PQ421841	NA-NA	NA	1563-3051	1	NA-NA	NA
PP942995	0-485	1	NA-NA	NA	NA-NA	NA
PP942994	0-485	1	NA-NA	NA	NA-NA	NA
PV853945	42-2466	1	2423-3938	1	3924-6120	1
PV847578	NA-NA	NA	NA-NA	NA	0-2331	1
PV843273	0-2664	1	2748-4251	1	4240-6436	1
PV838126	NA-NA	NA	0-326	1	NA-NA	NA
PV838125	NA-NA	NA	0-326	1	NA-NA	NA
PV838124	NA-NA	NA	0-308	1	NA-NA	NA
PV838123	NA-NA	NA	0-308	1	NA-NA	NA
PV838122	NA-NA	NA	0-308	1	NA-NA	NA
PV838121	NA-NA	NA	0-308	1	NA-NA	NA
PV838120	NA-NA	NA	0-308	1	NA-NA	NA
PV838119	NA-NA	NA	0-308	1	NA-NA	NA
PV838118	NA-NA	NA	0-308	1	NA-NA	NA
PV838117	NA-NA	NA	0-308	1	NA-NA	NA
PV838116	NA-NA	NA	0-308	1	NA-NA	NA
PV838115	NA-NA	NA	0-308	1	NA-NA	NA
PV838114	NA-NA	NA	0-308	1	NA-NA	NA
PV838113	NA-NA	NA	0-308	1	NA-NA	NA
PV838112	NA-NA	NA	0-308	1	NA-NA	NA
PV838111	NA-NA	NA	0-311	1	NA-NA	NA
PV838110	NA-NA	NA	0-311	1	NA-NA	NA
PV838109	NA-NA	NA	0-311	1	NA-NA	NA
PV838108	NA-NA	NA	0-311	1	NA-NA	NA
PV838107	NA-NA	NA	0-311	1	NA-NA	NA
PV838106	NA-NA	NA	0-311	1	NA-NA	NA
PV838105	NA-NA	NA	0-311	1	NA-NA	NA
PV838104	NA-NA	NA	0-311	1	NA-NA	NA
PV838103	NA-NA	NA	0-311	1	NA-NA	NA
PV838102	NA-NA	NA	0-311	1	NA-NA	NA
PV838101	NA-NA	NA	0-311	1	NA-NA	NA
PV838100	NA-NA	NA	0-311	1	NA-NA	NA
PV838099	NA-NA	NA	0-311	1	NA-NA	NA
PV838098	NA-NA	NA	0-311	1	NA-NA	NA
PV838097	NA-NA	NA	0-311	1	NA-NA	NA
PV838096	NA-NA	NA	0-311	1	NA-NA	NA
PV838095	NA-NA	NA	0-311	1	NA-NA	NA
PV838094	NA-NA	NA	0-311	1	NA-NA	NA
PV838093	NA-NA	NA	0-311	1	NA-NA	NA
PV791158	79-2881	1	NA-NA	NA	NA-NA	NA
PV780444	NA-NA	NA	NA-NA	NA	0-2115	1
PV780443	NA-NA	NA	NA-NA	NA	0-2115	1
PV780442	NA-NA	NA	NA-NA	NA	0-2115	1
PV780441	NA-NA	NA	NA-NA	NA	0-2115	1
PV780440	NA-NA	NA	NA-NA	NA	0-2115	1
PV780439	NA-NA	NA	NA-NA	NA	0-2115	1
PV780438	NA-NA	NA	NA-NA	NA	0-2115	1
PV780437	22-3277	1	3267-4818	1	4836-6951	1
PV780436	15-3270	1	3260-4811	1	4829-6944	1
PV780435	13-3268	1	3258-4809	1	4827-6942	1
PV780434	53-3308	1	3298-4849	1	4867-6982	1
OP556335	2-1373	1	1669-4546	1	NA-NA	NA
PP872139	NA-NA	NA	NA-NA	NA	0-2328	1
PP872138	NA-NA	NA	0-1032	1	1024-3283	1
PP872137	NA-NA	NA	0-1425	1	1417-3683	1
PP872136	NA-NA	NA	0-720	1	712-3208	1
PP872135	NA-NA	NA	NA-NA	NA	0-2469	1
PP872134	NA-NA	NA	NA-NA	NA	0-1005	1
PP872133	0-2475	1	NA-NA	NA	NA-NA	NA
PP872132	NA-NA	NA	0-2298	1	NA-NA	NA
PP872131	NA-NA	NA	0-1221	1	1213-3538	1
PP872130	NA-NA	NA	NA-NA	NA	0-2340	1
PP872129	0-669	1	NA-NA	NA	NA-NA	NA
PP872128	NA-NA	NA	NA-NA	NA	0-1428	1
PP872127	NA-NA	NA	NA-NA	NA	0-1044	1
PP872126	NA-NA	NA	0-585	1	577-2923	1
PP872125	0-2322	1	NA-NA	NA	NA-NA	NA
PP872124	0-2478	1	NA-NA	NA	NA-NA	NA
PP872123	NA-NA	NA	0-918	1	910-3403	1
PP872122	NA-NA	NA	NA-NA	NA	0-2169	1
PP872121	NA-NA	NA	NA-NA	NA	0-1425	1
PP872120	NA-NA	NA	0-1644	1	NA-NA	NA
PP872119	NA-NA	NA	0-1428	1	1420-3856	1
PP872118	0-1077	1	NA-NA	NA	NA-NA	NA
PP872117	NA-NA	NA	NA-NA	NA	0-2049	1
PP872116	NA-NA	NA	NA-NA	NA	0-1752	1
PP872115	NA-NA	NA	NA-NA	NA	0-963	1
PP872114	NA-NA	NA	NA-NA	NA	0-777	1
PP872113	NA-NA	NA	NA-NA	NA	0-993	1
PP872112	0-1164	1	NA-NA	NA	NA-NA	NA
PP872111	NA-NA	NA	0-2226	1	NA-NA	NA
PP872110	2-1445	1	NA-NA	NA	NA-NA	NA
PP872109	0-2550	1	NA-NA	NA	NA-NA	NA
PP872108	NA-NA	NA	NA-NA	NA	0-1410	1
PP872107	NA-NA	NA	NA-NA	NA	0-1353	1
PP872106	0-2181	1	NA-NA	NA	NA-NA	NA
PP872105	0-753	1	NA-NA	NA	NA-NA	NA
PP872104	NA-NA	NA	NA-NA	NA	0-2256	1
PP872103	0-1815	1	NA-NA	NA	NA-NA	NA
PP872102	0-903	1	NA-NA	NA	NA-NA	NA
PP872101	0-633	1	NA-NA	NA	NA-NA	NA
PP872100	1-1116	1	NA-NA	NA	NA-NA	NA
PP872099	NA-NA	NA	NA-NA	NA	0-2541	1
PP872098	NA-NA	NA	0-1428	1	1420-3958	1
PP872097	0-2625	1	NA-NA	NA	NA-NA	NA
PP872096	0-2628	1	NA-NA	NA	NA-NA	NA
PP872095	NA-NA	NA	NA-NA	NA	0-1365	1
PP872094	NA-NA	NA	NA-NA	NA	0-2493	1
PP872093	NA-NA	NA	NA-NA	NA	0-1257	1
PP872092	NA-NA	NA	NA-NA	NA	0-1464	1
PP872091	0-1821	1	NA-NA	NA	NA-NA	NA
PP872090	0-2328	1	NA-NA	NA	NA-NA	NA
PP872089	NA-NA	NA	0-1002	1	NA-NA	NA
PP872088	0-2640	1	NA-NA	NA	NA-NA	NA
PP872087	0-2181	1	NA-NA	NA	NA-NA	NA
PP872086	0-2067	1	NA-NA	NA	NA-NA	NA
PP872085	NA-NA	NA	0-1125	1	1117-3430	1
PP872084	0-1566	1	NA-NA	NA	1510-3862	1
PP872083	0-777	1	NA-NA	NA	NA-NA	NA
PP872082	0-2004	1	NA-NA	NA	NA-NA	NA
PP872081	0-3510	1	NA-NA	NA	3319-5359	1
PP872080	NA-NA	NA	0-2490	1	NA-NA	NA
PP872079	0-3621	1	NA-NA	NA	3430-5476	1
PP872078	0-2625	1	NA-NA	NA	NA-NA	NA
PP872077	NA-NA	NA	NA-NA	NA	0-2469	1
PP872076	NA-NA	NA	NA-NA	NA	0-2475	1
PP872075	NA-NA	NA	NA-NA	NA	0-2595	1
PP872074	NA-NA	NA	0-1134	1	NA-NA	NA
PP872073	0-3513	1	NA-NA	NA	3319-5194	1
PP872072	0-939	1	NA-NA	NA	NA-NA	NA
PP872071	NA-NA	NA	NA-NA	NA	0-1536	1
PP872070	0-1458	1	NA-NA	NA	NA-NA	NA
PP872069	NA-NA	NA	0-441	1	433-2731	1
PP872068	NA-NA	NA	NA-NA	NA	0-2217	1
PP872067	NA-NA	NA	0-2478	1	NA-NA	NA
PP872066	0-2181	1	NA-NA	NA	NA-NA	NA
PP872065	0-1221	1	NA-NA	NA	1030-3079	1
PP872064	NA-NA	NA	0-684	1	676-3184	1
PP872063	NA-NA	NA	0-1014	1	NA-NA	NA
PP872062	0-1977	1	NA-NA	NA	NA-NA	NA
PP872061	NA-NA	NA	0-489	1	433-2821	1
PP872060	NA-NA	NA	0-1170	1	NA-NA	NA
PP872059	NA-NA	NA	0-1713	1	NA-NA	NA
PP872058	NA-NA	NA	0-849	1	NA-NA	NA
PP872057	0-705	1	NA-NA	NA	NA-NA	NA
PP872056	0-3621	1	NA-NA	NA	3430-5476	1
PP872055	0-2457	1	NA-NA	NA	NA-NA	NA
PP872054	0-1812	1	NA-NA	NA	NA-NA	NA
PP872053	0-2493	1	NA-NA	NA	NA-NA	NA
PP872052	NA-NA	NA	0-855	1	NA-NA	NA
PP872051	0-2640	1	NA-NA	NA	NA-NA	NA
PP872050	0-1791	1	NA-NA	NA	NA-NA	NA
PP872049	0-1140	1	NA-NA	NA	NA-NA	NA
PP872048	0-2628	1	NA-NA	NA	NA-NA	NA
PP872047	324-3834	1	NA-NA	NA	3643-5686	1
PP872046	NA-NA	NA	NA-NA	NA	0-2322	1
PP872045	0-2187	1	NA-NA	NA	NA-NA	NA
PP872044	NA-NA	NA	0-1032	1	NA-NA	NA
PP872043	0-3621	1	NA-NA	NA	3430-5491	1
PP872042	0-957	1	NA-NA	NA	NA-NA	NA
PP872041	NA-NA	NA	0-1293	1	NA-NA	NA
PP872040	NA-NA	NA	0-354	1	346-2662	1
PP872039	0-1602	1	NA-NA	NA	NA-NA	NA
PP872038	NA-NA	NA	0-1119	1	1111-3214	1
PP872037	NA-NA	NA	NA-NA	NA	0-753	1
PP872036	0-2526	1	NA-NA	NA	NA-NA	NA
PP872035	0-672	1	NA-NA	NA	NA-NA	NA
PP872034	NA-NA	NA	NA-NA	NA	0-2322	1
PP872033	NA-NA	NA	NA-NA	NA	0-2160	1
PP872032	0-1866	1	NA-NA	NA	NA-NA	NA
PP872031	NA-NA	NA	NA-NA	NA	0-993	1
PP872030	NA-NA	NA	0-906	1	NA-NA	NA
PP872029	NA-NA	NA	0-348	1	340-2863	1
PP872028	NA-NA	NA	0-1398	1	1390-3871	1
PP872027	0-1620	1	NA-NA	NA	NA-NA	NA
PP872026	0-2517	1	NA-NA	NA	NA-NA	NA
PP872025	NA-NA	NA	NA-NA	NA	0-2493	1
PP872024	NA-NA	NA	NA-NA	NA	0-1464	1
PP872023	0-2310	1	NA-NA	NA	NA-NA	NA
PP872022	NA-NA	NA	NA-NA	NA	0-2586	1
PP872021	NA-NA	NA	0-915	1	NA-NA	NA
PP872020	0-642	1	NA-NA	NA	NA-NA	NA
PP872019	0-1185	1	NA-NA	NA	NA-NA	NA
PP872018	NA-NA	NA	NA-NA	NA	0-1617	1
PP872017	NA-NA	NA	0-888	1	880-3148	1
PP872016	NA-NA	NA	0-714	1	NA-NA	NA
PP872015	NA-NA	NA	0-1005	1	997-3313	1
PP872014	0-1875	1	NA-NA	NA	NA-NA	NA
PP872013	NA-NA	NA	0-345	1	337-2845	1
PP872012	NA-NA	NA	0-1158	1	NA-NA	NA
PP872011	0-3513	1	NA-NA	NA	3319-5236	1
PP872010	NA-NA	NA	NA-NA	NA	0-2106	1
PP872009	NA-NA	NA	0-954	1	NA-NA	NA
PP872008	0-2061	1	NA-NA	NA	NA-NA	NA
PP872007	0-2244	1	NA-NA	NA	NA-NA	NA
PP872006	NA-NA	NA	0-951	1	943-3520	1
PP872005	NA-NA	NA	NA-NA	NA	0-1146	1
PP872004	NA-NA	NA	NA-NA	NA	0-2202	1
PP872003	NA-NA	NA	0-984	1	NA-NA	NA
PP872002	0-2505	1	NA-NA	NA	NA-NA	NA
PP872001	0-2328	1	NA-NA	NA	NA-NA	NA
PP872000	0-3510	1	NA-NA	NA	3319-5371	1
PP871999	NA-NA	NA	NA-NA	NA	0-2433	1
PP871998	NA-NA	NA	NA-NA	NA	0-1899	1
PP871997	NA-NA	NA	NA-NA	NA	0-1101	1
PP871996	0-2415	1	NA-NA	NA	NA-NA	NA
PP871995	0-651	1	NA-NA	NA	NA-NA	NA
PP871994	0-1605	1	NA-NA	NA	NA-NA	NA
PP871993	NA-NA	NA	NA-NA	NA	0-2285	1
PP871992	0-1335	1	NA-NA	NA	NA-NA	NA
PP871991	0-915	1	NA-NA	NA	NA-NA	NA
PP871990	0-2019	1	NA-NA	NA	NA-NA	NA
PP871989	NA-NA	NA	NA-NA	NA	0-2235	1
PP871988	NA-NA	NA	NA-NA	NA	0-1383	1
PP871987	0-1602	1	NA-NA	NA	NA-NA	NA
PP871986	0-2307	1	NA-NA	NA	NA-NA	NA
PP871985	NA-NA	NA	0-1431	1	1423-3937	1
PP871984	0-3621	1	NA-NA	NA	3430-5476	1
PP871983	0-1764	1	NA-NA	NA	NA-NA	NA
PP871982	0-1494	1	NA-NA	NA	NA-NA	NA
PP871981	NA-NA	NA	0-918	1	910-3493	1
PP871980	NA-NA	NA	NA-NA	NA	0-1008	1
PP871979	0-3621	1	NA-NA	NA	3430-5476	1
PP871978	NA-NA	NA	NA-NA	NA	0-2442	1
PP871977	NA-NA	NA	NA-NA	NA	0-2019	1
PP871976	NA-NA	NA	NA-NA	NA	0-1089	1
PP871975	0-2475	1	NA-NA	NA	NA-NA	NA
PP871974	NA-NA	NA	0-1431	1	1423-3856	1
PP871973	NA-NA	NA	NA-NA	NA	0-2019	1
PP871972	NA-NA	NA	NA-NA	NA	0-2562	1
PP871971	NA-NA	NA	NA-NA	NA	0-2076	1
PP871970	NA-NA	NA	0-1248	1	1240-3709	1
PP871969	0-2571	1	NA-NA	NA	NA-NA	NA
PP871968	0-2640	1	NA-NA	NA	NA-NA	NA
PP871967	NA-NA	NA	NA-NA	NA	0-1275	1
PP871966	0-2550	1	NA-NA	NA	NA-NA	NA
PP871965	NA-NA	NA	NA-NA	NA	0-1164	1
PP871964	0-1020	1	NA-NA	NA	NA-NA	NA
PP871963	NA-NA	NA	NA-NA	NA	0-2358	1
PP871962	0-2634	1	2570-3872	1	NA-NA	NA
PP871961	0-3621	1	NA-NA	NA	3430-5476	1
PP871960	NA-NA	NA	0-906	1	898-3073	1
PP871959	NA-NA	NA	NA-NA	NA	0-2319	1
PP871958	NA-NA	NA	NA-NA	NA	0-1254	1
PP871957	NA-NA	NA	NA-NA	NA	0-768	1
PP871956	0-942	1	NA-NA	NA	NA-NA	NA
PP871955	NA-NA	NA	NA-NA	NA	0-2196	1
PP871954	NA-NA	NA	NA-NA	NA	0-2307	1
PP871953	NA-NA	NA	NA-NA	NA	0-1485	1
PP871952	0-2568	1	NA-NA	NA	NA-NA	NA
PP871951	0-942	1	NA-NA	NA	NA-NA	NA
PP871950	0-1008	1	NA-NA	NA	NA-NA	NA
PP871949	0-1134	1	NA-NA	NA	NA-NA	NA
PP871948	NA-NA	NA	NA-NA	NA	0-1473	1
PP871947	NA-NA	NA	NA-NA	NA	0-765	1
PP871946	NA-NA	NA	NA-NA	NA	0-1266	1
PP871945	0-1269	1	NA-NA	NA	NA-NA	NA
PP871944	NA-NA	NA	NA-NA	NA	0-2172	1
PP871943	0-1782	1	NA-NA	NA	NA-NA	NA
PP871942	0-2475	1	NA-NA	NA	NA-NA	NA
PP871941	NA-NA	NA	0-1599	1	NA-NA	NA
PP871940	0-1176	1	NA-NA	NA	NA-NA	NA
PP871939	NA-NA	NA	NA-NA	NA	0-1995	1
PP871938	0-1626	1	NA-NA	NA	NA-NA	NA
PP871937	0-1011	1	NA-NA	NA	NA-NA	NA
PP871936	NA-NA	NA	0-855	1	NA-NA	NA
PP871935	NA-NA	NA	0-1050	1	NA-NA	NA
PP871934	NA-NA	NA	0-2013	1	NA-NA	NA
PP871933	NA-NA	NA	0-1209	1	NA-NA	NA
PP871932	NA-NA	NA	0-879	1	NA-NA	NA
PP871931	NA-NA	NA	0-930	1	NA-NA	NA
PP871930	0-1995	1	NA-NA	NA	NA-NA	NA
PP871929	NA-NA	NA	0-696	1	679-1366	1
PP871928	NA-NA	NA	NA-NA	NA	0-2082	1
PP871927	NA-NA	NA	0-1371	1	NA-NA	NA
PP871926	NA-NA	NA	NA-NA	NA	0-1029	1
PP871925	0-987	1	NA-NA	NA	NA-NA	NA
PP871924	NA-NA	NA	NA-NA	NA	0-1305	1
PP871923	0-2475	1	NA-NA	NA	NA-NA	NA
PP871922	0-1821	1	NA-NA	NA	NA-NA	NA
PP871921	NA-NA	NA	0-687	1	694-2878	1
PP871920	0-1026	1	NA-NA	NA	NA-NA	NA
PP871919	NA-NA	NA	0-1467	1	1459-3766	1
PP871918	NA-NA	NA	0-1089	1	NA-NA	NA
PP871917	NA-NA	NA	0-4173	1	3985-6478	1
PP871916	NA-NA	NA	0-1263	1	NA-NA	NA
PP871915	0-2544	1	NA-NA	NA	NA-NA	NA
PP871914	0-2475	1	NA-NA	NA	NA-NA	NA
PP871913	0-762	1	NA-NA	NA	NA-NA	NA
PP871912	NA-NA	NA	0-777	1	NA-NA	NA
PP871911	NA-NA	NA	0-1305	1	NA-NA	NA
PP871910	NA-NA	NA	0-1098	1	1090-3466	1
PP871909	NA-NA	NA	NA-NA	NA	0-1515	1
PP871908	NA-NA	NA	0-1224	1	NA-NA	NA
PP871907	0-2769	1	NA-NA	NA	NA-NA	NA
PP871906	0-1083	1	NA-NA	NA	NA-NA	NA
PP871905	NA-NA	NA	0-912	1	NA-NA	NA
PP871904	NA-NA	NA	0-990	1	982-3301	1
PP871903	0-1596	1	NA-NA	NA	NA-NA	NA
PP871902	NA-NA	NA	NA-NA	NA	0-1092	1
PP871901	NA-NA	NA	0-351	1	370-2398	1
PP871900	0-759	1	NA-NA	NA	NA-NA	NA
PP871899	0-1464	1	NA-NA	NA	NA-NA	NA
PP871898	NA-NA	NA	0-855	1	847-3088	1
PP871897	NA-NA	NA	0-1305	1	NA-NA	NA
PP871896	NA-NA	NA	0-1059	1	NA-NA	NA
PP871895	NA-NA	NA	NA-NA	NA	0-1545	1
PP871894	0-2367	1	NA-NA	NA	NA-NA	NA
PP871893	NA-NA	NA	0-909	1	NA-NA	NA
PP871892	0-1518	1	NA-NA	NA	NA-NA	NA
PP871891	NA-NA	NA	NA-NA	NA	0-2205	1
PP871890	NA-NA	NA	0-558	1	550-2872	1
PP871889	NA-NA	NA	NA-NA	NA	0-2064	1
PP871888	0-1845	1	NA-NA	NA	NA-NA	NA
PP871887	NA-NA	NA	0-1368	1	NA-NA	NA
PP871886	0-2670	1	NA-NA	NA	NA-NA	NA
PP871885	NA-NA	NA	NA-NA	NA	0-870	1
PP871884	NA-NA	NA	NA-NA	NA	0-2166	1
PP871883	NA-NA	NA	NA-NA	NA	0-1656	1
PP871882	NA-NA	NA	NA-NA	NA	0-636	1
PP871881	NA-NA	NA	0-1473	1	1465-3793	1
PP871880	NA-NA	NA	NA-NA	NA	0-2373	1
PP871879	NA-NA	NA	NA-NA	NA	0-1668	1
PP871878	NA-NA	NA	0-1170	1	1114-3496	1
PP871877	NA-NA	NA	NA-NA	NA	0-2007	1
PP871876	0-2475	1	NA-NA	NA	NA-NA	NA
PP871875	NA-NA	NA	0-2004	1	NA-NA	NA
PP871874	NA-NA	NA	NA-NA	NA	0-2559	1
PP871873	NA-NA	NA	0-516	1	508-2749	1
PP871872	NA-NA	NA	NA-NA	NA	0-2493	1
PP871871	NA-NA	NA	0-951	1	NA-NA	NA
PP871870	NA-NA	NA	0-1464	1	NA-NA	NA
PP871869	NA-NA	NA	NA-NA	NA	0-2184	1
PP871868	NA-NA	NA	NA-NA	NA	0-2256	1
PP871867	0-1434	1	NA-NA	NA	NA-NA	NA
PP871866	NA-NA	NA	NA-NA	NA	0-2151	1
PP871865	0-648	1	NA-NA	NA	NA-NA	NA
PP871864	NA-NA	NA	0-1479	1	1471-3754	1
PP871863	NA-NA	NA	0-1605	1	NA-NA	NA
PP871862	0-1209	1	NA-NA	NA	NA-NA	NA
PP871861	NA-NA	NA	0-708	1	700-1792	1
PP871860	NA-NA	NA	NA-NA	NA	0-2316	1
PP871859	NA-NA	NA	NA-NA	NA	0-1194	1
PP871858	0-1047	1	NA-NA	NA	NA-NA	NA
PP871857	NA-NA	NA	0-1116	1	NA-NA	NA
PP871856	NA-NA	NA	0-342	1	334-2830	1
PP871855	NA-NA	NA	NA-NA	NA	0-1830	1
PP871854	0-855	1	NA-NA	NA	NA-NA	NA
PP871853	NA-NA	NA	0-1035	1	NA-NA	NA
PP871852	NA-NA	NA	NA-NA	NA	0-975	1
PP871851	NA-NA	NA	0-768	1	760-1714	1
PP871850	0-1182	1	NA-NA	NA	NA-NA	NA
PP871849	NA-NA	NA	NA-NA	NA	0-2256	1
PP871848	NA-NA	NA	NA-NA	NA	0-1950	1
PP871847	0-702	1	NA-NA	NA	NA-NA	NA
PP871846	NA-NA	NA	NA-NA	NA	0-2358	1
PP871845	0-2811	1	NA-NA	NA	NA-NA	NA
PP871844	0-1902	1	NA-NA	NA	NA-NA	NA
PP871843	NA-NA	NA	0-1209	1	NA-NA	NA
PP871842	0-2292	1	NA-NA	NA	NA-NA	NA
PP871841	NA-NA	NA	0-1104	1	NA-NA	NA
PP871840	0-1122	1	NA-NA	NA	NA-NA	NA
PP871839	NA-NA	NA	0-819	1	NA-NA	NA
PP871838	0-1365	1	NA-NA	NA	NA-NA	NA
PP871837	0-924	1	NA-NA	NA	NA-NA	NA
PP871836	NA-NA	NA	0-879	1	871-2284	1
PP871835	NA-NA	NA	0-402	1	394-1114	1
PP871834	NA-NA	NA	NA-NA	NA	0-1365	1
PP871833	0-2643	1	NA-NA	NA	NA-NA	NA
PP871832	0-2634	1	NA-NA	NA	NA-NA	NA
PP871831	NA-NA	NA	NA-NA	NA	0-1221	1
PP871830	NA-NA	NA	NA-NA	NA	0-1485	1
PP871829	0-1035	1	NA-NA	NA	NA-NA	NA
PP871828	0-2370	1	NA-NA	NA	NA-NA	NA
PP871827	0-1095	1	NA-NA	NA	NA-NA	NA
PP871826	NA-NA	NA	NA-NA	NA	0-1734	1
PP871825	0-1155	1	NA-NA	NA	NA-NA	NA
PP871824	NA-NA	NA	0-1125	1	NA-NA	NA
PP871823	0-990	1	NA-NA	NA	NA-NA	NA
PP871822	0-2136	1	NA-NA	NA	NA-NA	NA
PP871821	NA-NA	NA	0-1179	1	NA-NA	NA
PP871820	0-1389	1	NA-NA	NA	NA-NA	NA
PP871819	NA-NA	NA	NA-NA	NA	0-2505	1
PP871818	0-1458	1	NA-NA	NA	NA-NA	NA
PP871817	NA-NA	NA	NA-NA	NA	0-2043	1
PP871816	0-1263	1	1259-2783	1	NA-NA	NA
PP871815	0-2670	1	2609-4157	1	3969-6465	1
PP871814	0-726	1	680-1184	1	NA-NA	NA
PP871813	0-1140	1	1076-1472	1	NA-NA	NA
PP871812	0-3381	1	3362-4922	1	4946-7109	1
PP871811	0-2649	1	2585-3548	1	NA-NA	NA
PP871810	0-570	1	566-1130	1	NA-NA	NA
PP871809	0-1074	1	1028-2234	1	NA-NA	NA
PP871808	0-3018	1	3014-4538	1	4605-6591	1
PP871807	0-2304	1	2258-2681	1	NA-NA	NA
PP871806	0-462	1	398-1745	1	NA-NA	NA
PP871805	0-615	1	515-1580	1	NA-NA	NA
PP871804	0-3420	1	3401-4961	1	4985-7148	1
PP871803	0-1236	1	1232-2756	1	NA-NA	NA
PP871802	NA-NA	NA	0-762	1	NA-NA	NA
PP871801	0-378	1	314-995	1	NA-NA	NA
PP871800	0-2520	1	2480-3992	1	3975-6186	1
PP871799	0-2637	1	2573-4082	1	4074-6582	1
PP871798	0-3021	1	3017-4541	1	4560-6609	1
PP871797	0-2139	1	2093-3395	1	NA-NA	NA
PP871796	0-1200	1	1136-1592	1	NA-NA	NA
PP871795	0-2685	1	NA-NA	NA	3985-6481	1
PP871794	0-414	1	356-1292	1	NA-NA	NA
PP871793	0-2628	1	2564-2963	1	NA-NA	NA
PP871792	0-651	1	611-1094	1	NA-NA	NA
PP871791	0-1473	1	1427-2936	1	2823-5289	1
PP871790	167-2720	1	2656-4165	1	4157-6647	1
PP871789	31-2623	1	2583-4095	1	4078-5776	1
PP871788	103-2707	1	2643-4152	1	4144-6664	1
PP871787	202-2740	1	2676-4185	1	4177-6691	1
PP871786	148-3187	1	3183-4707	1	4726-6772	1
PP871785	900-3528	1	3464-4973	1	4965-5904	1
PP871784	36-2511	1	2465-3974	1	3966-6072	1
PP871783	340-2815	1	2769-4278	1	4165-6559	1
PP871782	86-2636	1	2572-4081	1	4073-4949	1
PP871781	0-1575	1	1529-1994	1	NA-NA	NA
PP871780	124-2755	1	2691-3153	1	NA-NA	NA
PP871779	0-1833	1	1787-2183	1	NA-NA	NA
PP871778	47-2525	1	2479-3340	1	NA-NA	NA
PP871777	271-2911	1	2847-4035	1	NA-NA	NA
PP871776	475-2953	1	2907-4416	1	4408-6748	1
PP871775	461-3107	1	3043-4552	1	4544-7043	1
PP871774	461-2936	1	2890-4399	1	4391-6635	1
PP871773	143-2618	1	2572-3082	1	NA-NA	NA
PP871772	323-2882	1	2818-3505	1	NA-NA	NA
PP871771	0-1179	1	NA-NA	NA	NA-NA	NA
PP871770	8-2651	1	2587-4096	1	NA-NA	NA
PP871769	219-2778	1	2714-4223	1	4215-6678	1
PP871768	81-2556	1	2510-4019	1	NA-NA	NA
PP871767	942-3417	1	3371-4880	1	NA-NA	NA
PP871766	476-3026	1	2962-4471	1	4463-6299	1
PP871765	140-2618	1	2572-4081	1	4025-6401	1
PP871764	545-3020	1	2974-3469	1	NA-NA	NA
PP871763	317-2792	1	2746-4255	1	4247-6554	1
PP871762	11-2453	1	2407-3916	1	3908-6197	1
PP871761	6-2646	1	2582-4076	1	4068-6540	1
PP871760	168-2799	1	2735-4160	1	NA-NA	NA
PP871759	87-2640	1	2576-3251	1	NA-NA	NA
PP871758	0-909	1	845-2354	1	2346-4848	1
PP871757	4-2479	1	2433-2868	1	NA-NA	NA
PP871756	16-2818	1	2727-3954	1	NA-NA	NA
PP871755	433-2908	1	2862-4308	1	NA-NA	NA
PP871754	436-2995	1	2931-3540	1	NA-NA	NA
PP871753	0-1134	1	1088-2597	1	NA-NA	NA
PP871752	0-2769	1	2702-4217	1	4173-6690	1
PP871751	148-2623	1	2577-4086	1	3973-6397	1
PP871750	331-2878	1	2814-3423	1	NA-NA	NA
PP871749	161-2792	1	2728-4237	1	4229-6659	1
PP871748	170-2645	1	2599-4108	1	3995-6419	1
PP871747	71-2546	1	2500-2941	1	NA-NA	NA
PP871746	37-2515	1	2469-3612	1	NA-NA	NA
PP871745	225-2829	1	2765-4274	1	4266-6804	1
PP871744	189-2667	1	2621-4130	1	4122-6423	1
PP871743	0-945	1	899-1250	1	NA-NA	NA
PP871742	105-2754	1	2690-4199	1	4191-6498	1
PP871741	0-2403	1	2339-3806	1	NA-NA	NA
PP871740	129-2604	1	2558-3944	1	NA-NA	NA
PP871739	171-2733	1	2669-3629	1	NA-NA	NA
PP871738	0-690	1	626-2135	1	NA-NA	NA
PP871737	142-2617	1	2571-4080	1	4072-6385	1
PP871736	29-2504	1	2458-3100	1	NA-NA	NA
PP871735	39-2514	1	2468-2957	1	NA-NA	NA
PP871734	29-2831	1	2740-3967	1	3911-6227	1
PP871733	299-2861	1	2797-4306	1	NA-NA	NA
PP871732	379-2944	1	2880-3261	1	NA-NA	NA
PP871731	501-3135	1	3071-4580	1	4572-7062	1
PP871730	0-459	1	329-1211	1	NA-NA	NA
PP871729	0-2418	1	2369-3881	1	3873-6204	1
PP871728	307-2782	1	2736-4245	1	4237-6589	1
PP871727	339-2814	1	2768-3602	1	NA-NA	NA
PP871726	32-2507	1	2461-3970	1	3962-6272	1
PP871725	342-2817	1	2771-4280	1	4224-5721	1
PP871724	0-2025	1	2024-2111	1	NA-NA	NA
PP871723	4-2305	1	NA-NA	NA	NA-NA	NA
PP871722	0-705	1	665-1046	1	NA-NA	NA
PP871721	74-2678	1	2614-4123	1	4115-6497	1
PP871720	6-2535	1	2492-4064	1	4053-6357	1
PP871719	33-2601	1	2561-4073	1	4056-5754	1
PV076096	1-472	1	NA-NA	NA	NA-NA	NA
PV076095	0-2445	1	NA-NA	NA	3852-6159	1
PV076094	35-2486	1	NA-NA	NA	3812-6131	1
PV708886	2-2597	1	2614-4093	1	4085-6503	1
PV470470	NA-NA	NA	0-1631	1	NA-NA	NA
LC877794	NA-NA	NA	NA-NA	NA	0-585	1
LC877793	NA-NA	NA	NA-NA	NA	0-618	1
PV656460	14-2378	1	2314-3850	1	3842-6113	1
PV656459	14-2378	1	2314-3850	1	3842-6113	1
PQ619424	NA-NA	NA	NA-NA	NA	0-379	1
PQ619423	NA-NA	NA	NA-NA	NA	0-381	1
PQ619422	NA-NA	NA	NA-NA	NA	2-402	1
PQ619421	NA-NA	NA	NA-NA	NA	0-426	1
PQ619420	NA-NA	NA	NA-NA	NA	0-432	1
PQ619419	NA-NA	NA	NA-NA	NA	2-374	1
PP211426	NA-NA	NA	31-4261	1	4261-5419	1
PP211349	NA-NA	NA	NA-NA	NA	3678-3767	1
PP211348	NA-NA	NA	NA-NA	NA	3632-5636	1
PP211347	NA-NA	NA	NA-NA	NA	3679-5683	1
PP211346	NA-NA	NA	NA-NA	NA	3678-5712	1
PP211345	NA-NA	NA	1-3673	1	3678-3986	1
PP211344	NA-NA	NA	2-3677	1	3682-5704	1
PP211343	NA-NA	NA	NA-NA	NA	3683-5705	1
PP211271	NA-NA	NA	NA-NA	NA	NA-NA	NA
PP211270	NA-NA	NA	1-930	1	NA-NA	NA
PP211238	NA-NA	NA	1-1153	1	NA-NA	NA
PP211223	NA-NA	NA	NA-NA	NA	NA-NA	NA
PP211222	NA-NA	NA	1-1330	1	NA-NA	NA
PP211221	NA-NA	NA	1-2065	1	NA-NA	NA
PQ533463	2-1006	1	NA-NA	NA	NA-NA	NA
PQ533462	0-987	1	1067-2474	1	2466-4389	1
PV602113	NA-NA	NA	NA-NA	NA	0-2379	1
PV600843	18-3273	1	3263-4814	1	4832-6947	1
PV590879	NA-NA	NA	0-341	1	NA-NA	NA
PV590878	NA-NA	NA	0-354	1	NA-NA	NA
PV590877	NA-NA	NA	0-358	1	NA-NA	NA
PV590876	NA-NA	NA	0-353	1	NA-NA	NA
PV568368	NA-NA	NA	0-399	1	NA-NA	NA
PV568367	NA-NA	NA	0-396	1	NA-NA	NA
PV568366	NA-NA	NA	0-210	1	NA-NA	NA
PV568365	NA-NA	NA	0-327	1	NA-NA	NA
PV568364	NA-NA	NA	0-405	1	NA-NA	NA
PV568363	NA-NA	NA	0-279	1	NA-NA	NA
PV568362	NA-NA	NA	0-351	1	NA-NA	NA
PV568361	NA-NA	NA	0-372	1	NA-NA	NA
PV568360	NA-NA	NA	0-264	1	NA-NA	NA
PV568359	NA-NA	NA	0-360	1	NA-NA	NA
PV568358	NA-NA	NA	0-360	1	NA-NA	NA
PV568357	NA-NA	NA	0-369	1	NA-NA	NA
PV568356	NA-NA	NA	0-363	1	NA-NA	NA
PV568355	NA-NA	NA	0-228	1	NA-NA	NA
PV568354	NA-NA	NA	0-369	1	NA-NA	NA
PV568353	NA-NA	NA	0-327	1	NA-NA	NA
PV568352	NA-NA	NA	0-207	1	NA-NA	NA
PV568351	NA-NA	NA	0-375	1	NA-NA	NA
PV568350	NA-NA	NA	0-375	1	NA-NA	NA
PV548864	NA-NA	NA	0-447	1	NA-NA	NA
PV548863	NA-NA	NA	0-421	1	NA-NA	NA
PV544235	17-2228	1	2176-3727	1	3716-6161	1
PV351774	3978-6204	-1	2479-3898	-1	45-2490	-1
PV351773	62-2594	1	2881-4072	1	4064-6401	1
PV351772	4044-6750	-1	2596-4030	-1	105-2640	-1
PV351771	6-2775	1	3431-4223	1	4179-6738	1
PV351770	29-2255	1	2335-3754	1	3743-6188	1
PV539770	33-2460	1	2459-3971	1	3915-6294	1
PV524668	18-3264	1	3263-4814	1	4832-6947	1
PV455027	24-2655	1	NA-NA	NA	4092-6597	1
PV400867	28-2527	1	2526-4026	1	4009-6229	1
PV400866	18-2433	1	2432-3923	1	3915-6204	1
PV400865	24-2439	1	2438-3929	1	3921-6204	1
PV017218	NA-NA	NA	NA-NA	NA	0-2298	1
PQ583783	NA-NA	NA	0-591	1	NA-NA	NA
PQ583782	NA-NA	NA	0-1383	1	NA-NA	NA
FJ890355	NA-NA	NA	1-1420	1	1412-3893	1
FJ890354	NA-NA	NA	1-739	1	742-1348	1
FJ890353	NA-NA	NA	1-727	1	719-1340	1
FJ890352	NA-NA	NA	0-987	1	841-3421	1
FJ890351	NA-NA	NA	1-829	1	722-3065	1
FJ973620	38-2699	1	2653-4222	1	4211-6488	1
FJ571074	NA-NA	NA	NA-NA	NA	0-2403	1
FJ571073	NA-NA	NA	NA-NA	NA	0-2556	1
FJ571072	NA-NA	NA	NA-NA	NA	0-2532	1
FJ571071	NA-NA	NA	NA-NA	NA	0-2538	1
FJ571070	NA-NA	NA	NA-NA	NA	0-2538	1
FJ571069	NA-NA	NA	NA-NA	NA	0-2313	1
FJ571068	NA-NA	NA	0-1620	1	1570-3970	1
FJ571067	NA-NA	NA	0-1641	1	1630-3913	1
FJ571066	NA-NA	NA	0-1413	1	1415-3578	1
FJ571065	NA-NA	NA	0-1569	1	1568-4106	1
FJ222451	14-2378	1	2314-3850	1	3842-6113	1
PV169360	22-3745	1	3735-5286	1	5309-7505	1
PQ408913	NA-NA	NA	0-321	1	NA-NA	NA
PQ408912	NA-NA	NA	NA-NA	NA	0-2217	1
PQ408911	NA-NA	NA	NA-NA	NA	0-2217	1
PQ408910	NA-NA	NA	NA-NA	NA	0-2217	1
PQ408909	NA-NA	NA	NA-NA	NA	0-2232	1
PQ408908	NA-NA	NA	NA-NA	NA	0-2040	1
PQ408907	NA-NA	NA	NA-NA	NA	0-2034	1
PQ408906	NA-NA	NA	NA-NA	NA	0-2040	1
PQ408905	NA-NA	NA	NA-NA	NA	0-2040	1
PQ408904	NA-NA	NA	NA-NA	NA	0-2034	1
OR134528	22-3745	1	3735-5286	1	5309-7505	1
OR134527	22-3745	1	3735-5286	1	5309-7505	1
OR134526	22-3745	1	3735-5286	1	5309-7505	1
OR134525	22-3745	1	3735-5286	1	5309-7505	1
OR134524	22-3745	1	3735-5286	1	5309-7505	1
OR134523	22-3745	1	3735-5286	1	5309-7505	1
OR134522	22-3745	1	3735-5286	1	5309-7505	1
OR134521	22-3745	1	3735-5286	1	5309-7505	1
OR134520	22-3745	1	3735-5286	1	5309-7505	1
OR134519	22-3745	1	3735-5286	1	5309-7505	1
OR134518	22-3745	1	3735-5286	1	5309-7505	1
PV089624	21-2554	1	2555-4085	1	4068-6291	1
PV089611	NA-NA	NA	NA-NA	NA	0-2220	1
PV089610	NA-NA	NA	NA-NA	NA	0-2220	1
PV089609	NA-NA	NA	NA-NA	NA	0-2220	1
PV089623	81-2569	1	2570-4076	1	4068-6540	1
PV089622	114-2596	1	2597-4112	1	4104-6612	1
PV089617	NA-NA	NA	NA-NA	NA	0-2577	1
PV089616	NA-NA	NA	NA-NA	NA	0-2502	1
PV089615	NA-NA	NA	NA-NA	NA	0-2502	1
PV089608	NA-NA	NA	NA-NA	NA	0-2475	1
PV089607	NA-NA	NA	NA-NA	NA	0-2511	1
PV089606	NA-NA	NA	NA-NA	NA	0-2427	1
PV089605	NA-NA	NA	NA-NA	NA	0-2505	1
PV089604	NA-NA	NA	NA-NA	NA	0-2505	1
PV089603	NA-NA	NA	NA-NA	NA	0-2505	1
PV089621	499-2928	1	2928-4437	1	4429-6709	1
PV089620	NA-NA	NA	NA-NA	NA	0-2200	1
PV089619	NA-NA	NA	NA-NA	NA	0-2298	1
PV089618	NA-NA	NA	NA-NA	NA	0-2277	1
PV089614	NA-NA	NA	NA-NA	NA	0-2277	1
PV089613	NA-NA	NA	NA-NA	NA	0-2322	1
PV089612	NA-NA	NA	NA-NA	NA	0-2253	1
PV089602	NA-NA	NA	NA-NA	NA	0-2310	1
PV089601	NA-NA	NA	NA-NA	NA	0-2292	1
PV089600	NA-NA	NA	NA-NA	NA	0-2358	1
PV089599	NA-NA	NA	NA-NA	NA	0-2385	1
PV089598	NA-NA	NA	NA-NA	NA	0-2331	1
PV089597	NA-NA	NA	NA-NA	NA	0-2352	1
PV189393	83-2843	1	2842-4378	1	4370-6734	1
PV189392	82-2842	1	2841-4377	1	4369-6733	1
PV189391	81-2841	1	2840-4376	1	4368-6732	1
PV189390	83-2843	1	2842-4378	1	4370-6734	1
PV189389	83-2843	1	2842-4378	1	4370-6734	1
PV189388	80-2813	1	2812-4348	1	4340-6656	1
PV189387	0-2616	1	2615-4151	1	4143-6330	1
PV189386	83-2843	1	2842-4378	1	4370-6734	1
PV189385	82-2842	1	2841-4377	1	4369-6733	1
PV189384	81-2841	1	2840-4376	1	4368-6732	1
PV189383	81-2841	1	2840-4376	1	4368-6732	1
PQ789237	NA-NA	NA	1-293	1	NA-NA	NA
PQ789236	NA-NA	NA	0-282	1	NA-NA	NA
PQ789235	NA-NA	NA	0-379	1	NA-NA	NA
PQ789234	NA-NA	NA	1-370	1	NA-NA	NA
PQ789233	NA-NA	NA	2-361	1	NA-NA	NA
PP357251	NA-NA	NA	0-424	1	NA-NA	NA
PP357250	NA-NA	NA	0-423	1	NA-NA	NA
PP357249	NA-NA	NA	0-422	1	NA-NA	NA
PV247174	47-2771	1	2707-4252	1	4244-6641	1
PV247173	45-2769	1	2705-4256	1	4248-6600	1
PV210984	0-2775	1	NA-NA	NA	NA-NA	NA
PV210983	0-2775	1	NA-NA	NA	NA-NA	NA
PV210982	0-2778	1	NA-NA	NA	NA-NA	NA
PV210981	0-2778	1	NA-NA	NA	NA-NA	NA
PV210980	0-2724	1	NA-NA	NA	NA-NA	NA
PV210979	0-2778	1	NA-NA	NA	NA-NA	NA
PV210978	0-2232	1	NA-NA	NA	NA-NA	NA
PV210977	0-2226	1	NA-NA	NA	NA-NA	NA
PV210976	0-2220	1	NA-NA	NA	NA-NA	NA
PV210975	0-2217	1	NA-NA	NA	NA-NA	NA
PV210974	0-2229	1	NA-NA	NA	NA-NA	NA
PV210973	0-2229	1	NA-NA	NA	NA-NA	NA
PV210972	0-2226	1	NA-NA	NA	NA-NA	NA
PV210971	0-2226	1	NA-NA	NA	NA-NA	NA
PV210970	0-2226	1	NA-NA	NA	NA-NA	NA
PV210969	0-2226	1	NA-NA	NA	NA-NA	NA
PV093029	10-3430	1	3411-4971	1	4995-7209	1
PV093028	7-3427	1	3408-4968	1	4992-7206	1
PV093027	10-3430	1	3411-4971	1	4995-7209	1
PV093026	10-3430	1	3411-4971	1	4995-7209	1
PV093025	8-3428	1	3409-4969	1	4993-7207	1
PV093024	103-2635	1	2649-4122	1	4114-6559	1
PV093023	69-3039	1	3107-4559	1	4578-6618	1
PV093022	74-3044	1	3112-4564	1	4583-6623	1
PV093021	0-3300	1	3284-4829	1	4847-6860	1
PV093020	125-3296	1	3280-4825	1	4843-6856	1
PV093019	125-3296	1	3280-4825	1	4843-6856	1
PV093018	126-3297	1	3281-4826	1	4844-6857	1
PV088328	14-2378	1	2314-3850	1	3842-6086	1
PQ899177	NA-NA	NA	0-321	1	NA-NA	NA
PQ899176	NA-NA	NA	0-327	1	NA-NA	NA
PQ899175	NA-NA	NA	0-276	1	NA-NA	NA
PQ899174	NA-NA	NA	1-283	1	NA-NA	NA
PQ899173	NA-NA	NA	0-318	1	NA-NA	NA
PQ899172	NA-NA	NA	0-275	1	NA-NA	NA
PQ899171	NA-NA	NA	0-309	1	NA-NA	NA
PQ860806	NA-NA	NA	0-219	1	NA-NA	NA
PQ541182	NA-NA	NA	319-1689	1	NA-NA	NA
PQ541179	9-2781	1	3296-4265	1	4179-6863	1
PQ541178	1-1815	1	1815-3264	1	3256-5436	1
PQ541169	NA-NA	NA	NA-NA	NA	3720-5606	1
PQ541164	9-2781	1	3395-4265	1	4116-6830	1
PQ541155	382-2575	1	2898-4053	1	4045-6385	1
PQ788589	NA-NA	NA	0-621	1	NA-NA	NA
PQ150499	NA-NA	NA	NA-NA	NA	NA-NA	NA
PQ805455	14-2348	1	2308-3820	1	3809-6002	1
PQ805454	12-2454	1	2408-3917	1	3909-6216	1
PQ805453	6-2478	1	2432-3941	1	3933-6192	1
PQ883185	NA-NA	NA	0-1186	1	NA-NA	NA
PQ883184	NA-NA	NA	0-1186	1	NA-NA	NA
PQ883183	NA-NA	NA	0-1186	1	NA-NA	NA
PQ883182	NA-NA	NA	0-1186	1	NA-NA	NA
PQ789807	NA-NA	NA	0-241	1	NA-NA	NA
PQ998994	NA-NA	NA	0-363	1	NA-NA	NA
PQ998993	NA-NA	NA	0-360	1	NA-NA	NA
PQ998992	NA-NA	NA	0-315	1	NA-NA	NA
PQ678099	NA-NA	NA	0-798	1	NA-NA	NA
PQ678098	8-2708	1	2707-4156	1	4148-4603	1
PQ678019	162-2335	1	2336-3992	1	3786-5937	1
PQ678018	20-2702	1	3007-4198	1	4198-6379	1
PQ678017	36-2739	1	2735-4244	1	4203-6372	1
PQ678016	141-2580	1	2861-4064	1	4056-6871	1
PQ678015	36-2832	1	2951-4310	1	4302-7296	1
PQ678014	38-2705	1	3361-4153	1	4109-6638	1
PQ678013	38-2660	1	3013-4111	1	4103-6550	1
PQ678012	88-2701	1	2988-4179	1	4171-6508	1
PQ678011	29-2666	1	2578-4144	1	4136-6506	1
PQ678010	84-2733	1	2726-4160	1	4152-6708	1
PQ678009	31-2257	1	2256-3756	1	3745-6193	1
PQ678008	4-2779	1	3435-4227	1	4183-6712	1
PQ678007	19-2725	1	2739-4173	1	4129-6679	1
PQ740944	0-3255	1	3245-4796	1	4814-6929	1
PP786658	22-3304	1	3294-4839	1	4868-6983	1
PQ792554	50-2900	1	3070-4432	1	4400-7004	1
PQ792210	0-3711	1	3566-6752	1	NA-NA	NA
PQ792140	125-1439	1	1642-2959	1	2980-4732	1
PQ791985	51-2919	1	2807-4451	1	4419-7023	1
PQ622678	13-7699	1	7899-10023	1	NA-NA	NA
PQ622677	37-7696	1	7896-10020	1	NA-NA	NA
PQ893528	13-3109	1	3135-4605	1	4623-6681	1
PQ893527	0-2940	1	2936-4460	1	4478-6515	1
PQ628032	NA-NA	NA	NA-NA	NA	0-2157	1
PQ628031	NA-NA	NA	NA-NA	NA	0-2115	1
PQ862915	NA-NA	NA	2-1001	1	NA-NA	NA
PQ862914	NA-NA	NA	1-1000	1	NA-NA	NA
PQ862913	NA-NA	NA	1-1000	1	NA-NA	NA
PQ862912	NA-NA	NA	2-1001	1	NA-NA	NA
PQ862911	NA-NA	NA	2-1004	1	NA-NA	NA
PQ615938	0-2619	1	NA-NA	NA	NA-NA	NA
OR752625	NA-NA	NA	2-362	1	NA-NA	NA
OR752624	NA-NA	NA	2-362	1	NA-NA	NA
OR752623	NA-NA	NA	2-362	1	NA-NA	NA
OR752622	NA-NA	NA	2-362	1	NA-NA	NA
OR752621	NA-NA	NA	2-362	1	NA-NA	NA
OR752620	NA-NA	NA	2-362	1	NA-NA	NA
OR752619	NA-NA	NA	2-362	1	NA-NA	NA
OR752618	NA-NA	NA	2-362	1	NA-NA	NA
OR752617	NA-NA	NA	2-362	1	NA-NA	NA
OR752616	NA-NA	NA	2-362	1	NA-NA	NA
OR752615	NA-NA	NA	2-362	1	NA-NA	NA
OR752614	NA-NA	NA	2-362	1	NA-NA	NA
OR752613	NA-NA	NA	2-362	1	NA-NA	NA
OR752612	NA-NA	NA	2-362	1	NA-NA	NA
OR752611	NA-NA	NA	2-362	1	NA-NA	NA
OR752610	NA-NA	NA	2-362	1	NA-NA	NA
OR752609	NA-NA	NA	2-362	1	NA-NA	NA
OR752608	NA-NA	NA	2-362	1	NA-NA	NA
OR752607	NA-NA	NA	2-362	1	NA-NA	NA
OR752606	NA-NA	NA	2-362	1	NA-NA	NA
OR752605	NA-NA	NA	2-362	1	NA-NA	NA
OR752604	NA-NA	NA	2-362	1	NA-NA	NA
OR752603	NA-NA	NA	2-362	1	NA-NA	NA
OR752602	NA-NA	NA	2-362	1	NA-NA	NA
OR752601	NA-NA	NA	2-362	1	NA-NA	NA
OR752600	NA-NA	NA	2-362	1	NA-NA	NA
OR752599	NA-NA	NA	2-362	1	NA-NA	NA
OR752598	NA-NA	NA	2-362	1	NA-NA	NA
OR752597	NA-NA	NA	2-362	1	NA-NA	NA
OR752596	NA-NA	NA	2-362	1	NA-NA	NA
OR752595	NA-NA	NA	2-362	1	NA-NA	NA
OR752594	NA-NA	NA	2-362	1	NA-NA	NA
OR752593	NA-NA	NA	2-362	1	NA-NA	NA
OR752592	NA-NA	NA	2-362	1	NA-NA	NA
OR752591	NA-NA	NA	2-362	1	NA-NA	NA
OR752590	NA-NA	NA	2-362	1	NA-NA	NA
OR752589	NA-NA	NA	2-362	1	NA-NA	NA
OR752588	NA-NA	NA	2-362	1	NA-NA	NA
OR752587	NA-NA	NA	2-362	1	NA-NA	NA
OR752586	NA-NA	NA	2-362	1	NA-NA	NA
OR752585	NA-NA	NA	2-362	1	NA-NA	NA
OR752584	NA-NA	NA	2-362	1	NA-NA	NA
OR752583	NA-NA	NA	2-362	1	NA-NA	NA
OR752582	NA-NA	NA	2-362	1	NA-NA	NA
OR752581	NA-NA	NA	2-362	1	NA-NA	NA
OR752580	NA-NA	NA	2-362	1	NA-NA	NA
OR752579	NA-NA	NA	2-362	1	NA-NA	NA
OR752578	NA-NA	NA	2-362	1	NA-NA	NA
OR752577	NA-NA	NA	2-362	1	NA-NA	NA
OR752576	NA-NA	NA	2-362	1	NA-NA	NA
OR752575	NA-NA	NA	2-362	1	NA-NA	NA
OR752574	NA-NA	NA	2-362	1	NA-NA	NA
OR752573	NA-NA	NA	2-362	1	NA-NA	NA
OR752572	NA-NA	NA	2-362	1	NA-NA	NA
OR752571	NA-NA	NA	2-362	1	NA-NA	NA
OR752570	NA-NA	NA	2-362	1	NA-NA	NA
OR752569	NA-NA	NA	2-362	1	NA-NA	NA
OR752568	NA-NA	NA	2-362	1	NA-NA	NA
OR752567	NA-NA	NA	2-362	1	NA-NA	NA
OR752566	NA-NA	NA	2-362	1	NA-NA	NA
OR752565	NA-NA	NA	2-362	1	NA-NA	NA
OR752564	NA-NA	NA	2-362	1	NA-NA	NA
OR752563	NA-NA	NA	2-362	1	NA-NA	NA
OR752562	NA-NA	NA	2-362	1	NA-NA	NA
OR752561	NA-NA	NA	2-362	1	NA-NA	NA
OR752560	NA-NA	NA	2-362	1	NA-NA	NA
OR752559	NA-NA	NA	2-362	1	NA-NA	NA
OR752558	NA-NA	NA	2-362	1	NA-NA	NA
OR752557	NA-NA	NA	2-362	1	NA-NA	NA
OR752556	NA-NA	NA	0-407	1	NA-NA	NA
OR752555	NA-NA	NA	0-407	1	NA-NA	NA
OR752554	NA-NA	NA	0-407	1	NA-NA	NA
OR752553	NA-NA	NA	0-407	1	NA-NA	NA
OR752552	NA-NA	NA	0-407	1	NA-NA	NA
OR752551	NA-NA	NA	0-407	1	NA-NA	NA
OR752550	NA-NA	NA	0-407	1	NA-NA	NA
OR752549	NA-NA	NA	0-407	1	NA-NA	NA
OR752548	NA-NA	NA	0-407	1	NA-NA	NA
OR752547	NA-NA	NA	0-407	1	NA-NA	NA
OR752546	NA-NA	NA	0-407	1	NA-NA	NA
OR752545	NA-NA	NA	0-407	1	NA-NA	NA
OR752544	NA-NA	NA	0-407	1	NA-NA	NA
OR752543	NA-NA	NA	0-407	1	NA-NA	NA
OR752542	NA-NA	NA	0-407	1	NA-NA	NA
OR752541	NA-NA	NA	0-383	1	NA-NA	NA
OR752540	NA-NA	NA	0-401	1	NA-NA	NA
OR752539	NA-NA	NA	0-383	1	NA-NA	NA
OR752538	NA-NA	NA	0-389	1	NA-NA	NA
OR752537	NA-NA	NA	0-383	1	NA-NA	NA
OR752536	NA-NA	NA	0-401	1	NA-NA	NA
OR752535	NA-NA	NA	0-383	1	NA-NA	NA
OR752534	NA-NA	NA	0-389	1	NA-NA	NA
OR752533	NA-NA	NA	0-389	1	NA-NA	NA
OR752532	NA-NA	NA	0-401	1	NA-NA	NA
OR752531	NA-NA	NA	0-383	1	NA-NA	NA
OR752530	NA-NA	NA	0-407	1	NA-NA	NA
OR752529	NA-NA	NA	0-407	1	NA-NA	NA
OR752528	NA-NA	NA	0-407	1	NA-NA	NA
OR752527	NA-NA	NA	0-389	1	NA-NA	NA
OR752526	NA-NA	NA	0-398	1	NA-NA	NA
OR752525	NA-NA	NA	0-398	1	NA-NA	NA
OR752524	NA-NA	NA	0-398	1	NA-NA	NA
OR752523	NA-NA	NA	0-398	1	NA-NA	NA
OR752522	NA-NA	NA	0-398	1	NA-NA	NA
OR752521	NA-NA	NA	0-383	1	NA-NA	NA
OR752520	NA-NA	NA	0-407	1	NA-NA	NA
OR752519	NA-NA	NA	0-407	1	NA-NA	NA
OR752518	NA-NA	NA	0-398	1	NA-NA	NA
OR752517	NA-NA	NA	0-389	1	NA-NA	NA
OR752516	NA-NA	NA	0-398	1	NA-NA	NA
OR752515	NA-NA	NA	0-410	1	NA-NA	NA
OR752514	NA-NA	NA	0-398	1	NA-NA	NA
OR752513	NA-NA	NA	0-398	1	NA-NA	NA
OR752512	NA-NA	NA	0-407	1	NA-NA	NA
OR752511	NA-NA	NA	0-401	1	NA-NA	NA
OR752510	NA-NA	NA	0-410	1	NA-NA	NA
OR752509	NA-NA	NA	0-389	1	NA-NA	NA
OR752508	NA-NA	NA	0-383	1	NA-NA	NA
OR752507	NA-NA	NA	0-410	1	NA-NA	NA
OR752506	NA-NA	NA	0-389	1	NA-NA	NA
OR752505	NA-NA	NA	0-407	1	NA-NA	NA
OR752504	NA-NA	NA	0-407	1	NA-NA	NA
OR752503	NA-NA	NA	0-398	1	NA-NA	NA
OR752502	NA-NA	NA	0-389	1	NA-NA	NA
OR752501	NA-NA	NA	0-383	1	NA-NA	NA
OR752500	NA-NA	NA	0-401	1	NA-NA	NA
OR752499	NA-NA	NA	0-383	1	NA-NA	NA
OR752498	NA-NA	NA	0-383	1	NA-NA	NA
OR752497	NA-NA	NA	0-407	1	NA-NA	NA
OR752496	NA-NA	NA	0-383	1	NA-NA	NA
OR752495	NA-NA	NA	0-383	1	NA-NA	NA
OR752494	NA-NA	NA	0-407	1	NA-NA	NA
OR752493	NA-NA	NA	0-389	1	NA-NA	NA
OR752492	NA-NA	NA	0-389	1	NA-NA	NA
OR752491	NA-NA	NA	0-383	1	NA-NA	NA
OR752490	NA-NA	NA	0-383	1	NA-NA	NA
OR752489	NA-NA	NA	0-407	1	NA-NA	NA
OR752488	NA-NA	NA	0-383	1	NA-NA	NA
OR752487	NA-NA	NA	0-401	1	NA-NA	NA
OR752486	NA-NA	NA	0-383	1	NA-NA	NA
OR752485	NA-NA	NA	0-389	1	NA-NA	NA
PQ586402	NA-NA	NA	0-471	1	NA-NA	NA
PQ586401	NA-NA	NA	0-471	1	NA-NA	NA
PQ586400	NA-NA	NA	0-471	1	NA-NA	NA
PQ586399	NA-NA	NA	0-471	1	NA-NA	NA
PQ586398	NA-NA	NA	0-471	1	NA-NA	NA
PQ586397	NA-NA	NA	0-471	1	NA-NA	NA
PQ586396	NA-NA	NA	0-471	1	NA-NA	NA
PQ586395	NA-NA	NA	0-471	1	NA-NA	NA
PQ586394	NA-NA	NA	0-360	1	NA-NA	NA
PQ586393	NA-NA	NA	0-360	1	NA-NA	NA
PQ586392	NA-NA	NA	0-360	1	NA-NA	NA
PQ586391	NA-NA	NA	0-360	1	NA-NA	NA
PQ586390	NA-NA	NA	0-360	1	NA-NA	NA
PQ586389	NA-NA	NA	0-360	1	NA-NA	NA
PQ586388	NA-NA	NA	0-360	1	NA-NA	NA
PQ586387	NA-NA	NA	0-360	1	NA-NA	NA
PQ510867	74-2855	1	2794-4342	1	4334-6650	1
PQ510866	74-2855	1	2794-4342	1	4334-6650	1
PQ510865	74-2855	1	2794-4342	1	4334-6650	1
PQ510864	74-2855	1	2794-4342	1	4334-6650	1
PQ510863	74-2837	1	2776-4324	1	4316-6680	1
PQ510862	82-2845	1	2784-4332	1	4324-6688	1
PQ510861	74-2837	1	2776-4324	1	4316-6680	1
PQ510860	82-2845	1	2784-4332	1	4324-6688	1
PQ510859	83-2846	1	2785-4333	1	4325-6689	1
PQ510858	84-2847	1	2786-4334	1	4326-6690	1
PQ510857	71-2834	1	2773-4321	1	4313-6677	1
PQ510856	83-2846	1	2785-4333	1	4325-6689	1
PQ510855	84-2847	1	2786-4334	1	4326-6690	1
PQ510854	83-2846	1	2785-4333	1	4325-6689	1
PQ510853	54-2835	1	2774-4322	1	4314-6711	1
PQ539468	NA-NA	NA	0-372	1	NA-NA	NA
PQ539467	NA-NA	NA	0-372	1	NA-NA	NA
PQ552759	18-3273	1	3263-4814	1	4832-6947	1
PQ573797	2-1517	1	NA-NA	NA	NA-NA	NA
PQ573796	0-1605	1	NA-NA	NA	NA-NA	NA
OQ835730	NA-NA	NA	NA-NA	NA	4215-5268	1
OQ835729	NA-NA	NA	79-4303	1	4328-5381	1
PQ530056	0-2733	1	2732-4268	1	4260-6619	1
PQ541070	NA-NA	NA	0-253	1	NA-NA	NA
PQ541069	NA-NA	NA	NA-NA	NA	0-286	1
PQ541068	NA-NA	NA	NA-NA	NA	0-263	1
PQ496878	NA-NA	NA	0-415	1	NA-NA	NA
PQ496877	NA-NA	NA	0-376	1	NA-NA	NA
PQ496876	NA-NA	NA	0-376	1	NA-NA	NA
PQ496875	NA-NA	NA	0-338	1	NA-NA	NA
PQ496874	NA-NA	NA	0-376	1	NA-NA	NA
PQ496873	NA-NA	NA	0-338	1	NA-NA	NA
PQ496872	NA-NA	NA	0-338	1	NA-NA	NA
PQ496871	NA-NA	NA	0-338	1	NA-NA	NA
PQ496870	NA-NA	NA	0-338	1	NA-NA	NA
PQ496869	NA-NA	NA	0-376	1	NA-NA	NA
PQ496868	NA-NA	NA	0-376	1	NA-NA	NA
PQ496867	NA-NA	NA	NA-NA	NA	0-332	1
PQ496866	NA-NA	NA	NA-NA	NA	0-332	1
PQ496865	NA-NA	NA	NA-NA	NA	0-332	1
PQ496864	NA-NA	NA	NA-NA	NA	0-332	1
PQ496863	NA-NA	NA	NA-NA	NA	0-332	1
PQ496862	NA-NA	NA	NA-NA	NA	0-332	1
PQ496861	NA-NA	NA	NA-NA	NA	0-332	1
PQ496860	NA-NA	NA	NA-NA	NA	0-332	1
PQ496859	NA-NA	NA	NA-NA	NA	0-332	1
PQ496858	NA-NA	NA	NA-NA	NA	0-332	1
PQ476025	NA-NA	NA	NA-NA	NA	0-336	1
PQ496891	148-2956	1	2958-4443	1	4435-6802	1
PQ496890	106-2869	1	2871-4356	1	4348-6733	1
LC849253	1-2686	1	2643-4173	1	3985-6484	1
LC849230	NA-NA	NA	36-4266	1	4284-5424	1
LC849229	NA-NA	NA	36-4266	1	4284-5424	1
LC849228	NA-NA	NA	36-4266	1	4284-4600	1
PQ525428	58-2860	1	2799-4347	1	4339-6655	1
PP741992	NA-NA	NA	0-201	1	NA-NA	NA
PP741991	NA-NA	NA	0-201	1	NA-NA	NA
PP741990	NA-NA	NA	0-201	1	NA-NA	NA
PP741996	NA-NA	NA	0-321	1	NA-NA	NA
PP741995	NA-NA	NA	0-321	1	NA-NA	NA
PP741994	NA-NA	NA	0-321	1	NA-NA	NA
PP741993	NA-NA	NA	0-321	1	NA-NA	NA
PQ435248	0-2745	1	2687-4232	1	4224-6675	1
PQ435247	0-2745	1	2687-4232	1	4224-6675	1
PQ435246	0-2745	1	2687-4232	1	4224-6675	1
PQ435245	0-2745	1	2687-4232	1	4224-6675	1
PQ435244	0-2745	1	2687-4232	1	4224-6675	1
PQ435243	0-2745	1	2687-4232	1	4224-6675	1
PQ435242	0-2745	1	2687-4232	1	4224-6675	1
PQ435241	0-2745	1	2687-4232	1	4224-6675	1
PQ435240	0-2745	1	2687-4232	1	4224-6675	1
PQ435239	0-2745	1	2687-4232	1	4224-6675	1
PQ435238	0-2745	1	2687-4232	1	4224-6675	1
PQ435237	0-2745	1	2687-4232	1	4224-6675	1
PQ161557	NA-NA	NA	30-4254	1	NA-NA	NA
PQ435198	18-3273	1	3263-4814	1	4832-6947	1
PQ423920	0-2670	1	2621-4157	1	3969-6465	1
PQ423919	0-2670	1	2621-4157	1	3969-6444	1
PQ423918	0-2670	1	2621-4157	1	3969-6474	1
PQ423917	0-2670	1	2621-4157	1	3969-6465	1
PQ423916	0-2670	1	2621-4157	1	3969-6480	1
PQ423915	0-2670	1	2621-4157	1	3969-6465	1
PQ423914	0-2670	1	2621-4157	1	3969-6465	1
PQ423913	0-2670	1	2621-4157	1	3969-6465	1
PQ423912	0-2673	1	2624-4160	1	3972-6486	1
PQ423911	0-2673	1	2624-4160	1	3972-6486	1
PQ423910	0-2667	1	2618-4154	1	3966-6444	1
LC810976	NA-NA	NA	1-382	1	NA-NA	NA
LC810975	NA-NA	NA	1-382	1	NA-NA	NA
LC810974	NA-NA	NA	1-382	1	NA-NA	NA
LC810973	NA-NA	NA	1-382	1	NA-NA	NA
LC810972	NA-NA	NA	1-382	1	NA-NA	NA
LC810971	NA-NA	NA	1-382	1	NA-NA	NA
LC810970	NA-NA	NA	1-382	1	NA-NA	NA
LC810969	NA-NA	NA	1-382	1	NA-NA	NA
LC810967	NA-NA	NA	1-382	1	NA-NA	NA
LC810966	NA-NA	NA	1-382	1	NA-NA	NA
LC810965	NA-NA	NA	1-382	1	NA-NA	NA
LC810964	NA-NA	NA	1-382	1	NA-NA	NA
LC810963	NA-NA	NA	1-382	1	NA-NA	NA
LC810962	NA-NA	NA	1-382	1	NA-NA	NA
LC810961	NA-NA	NA	1-382	1	NA-NA	NA
LC810960	NA-NA	NA	1-382	1	NA-NA	NA
LC810959	NA-NA	NA	1-382	1	NA-NA	NA
LC810958	NA-NA	NA	1-382	1	NA-NA	NA
LC810957	NA-NA	NA	1-382	1	NA-NA	NA
LC810956	NA-NA	NA	1-382	1	NA-NA	NA
LC810955	NA-NA	NA	1-382	1	NA-NA	NA
LC810954	NA-NA	NA	1-382	1	NA-NA	NA
LC810953	NA-NA	NA	1-382	1	NA-NA	NA
LC810952	NA-NA	NA	1-382	1	NA-NA	NA
LC810951	NA-NA	NA	1-382	1	NA-NA	NA
LC810950	NA-NA	NA	1-382	1	NA-NA	NA
LC810949	NA-NA	NA	1-382	1	NA-NA	NA
LC810948	NA-NA	NA	1-382	1	NA-NA	NA
LC810947	NA-NA	NA	1-382	1	NA-NA	NA
LC810946	NA-NA	NA	1-382	1	NA-NA	NA
LC810968	NA-NA	NA	1-382	1	NA-NA	NA
PQ220260	794-2603	1	0-801	1	NA-NA	NA
PQ220259	NA-NA	NA	0-660	1	653-2162	1
PQ220258	0-738	1	754-2368	1	NA-NA	NA
PQ220257	0-2037	1	2186-3575	1	3568-5677	1
PQ308726	18-3273	1	3263-4814	1	4832-6947	1
LC845131	NA-NA	NA	NA-NA	NA	0-2496	1
PQ055542	NA-NA	NA	19-1243	1	NA-NA	NA
PQ055541	NA-NA	NA	5-1453	1	NA-NA	NA
PQ055540	NA-NA	NA	122-1555	1	NA-NA	NA
PQ055539	93-1074	1	1073-2684	1	NA-NA	NA
PQ055538	6-3072	1	2954-4265	1	NA-NA	NA
PQ055537	NA-NA	NA	1887-3489	1	NA-NA	NA
PQ055536	11-1988	1	2005-3565	1	NA-NA	NA
PQ055535	14-2306	1	2365-3979	1	NA-NA	NA
PQ055534	NA-NA	NA	848-2543	1	2388-3909	1
PQ055533	NA-NA	NA	2151-3846	1	NA-NA	NA
PQ055532	NA-NA	NA	2495-3995	1	NA-NA	NA
PQ055531	9-2055	1	NA-NA	NA	2081-5819	1
PQ055530	NA-NA	NA	750-2526	1	NA-NA	NA
PQ055529	NA-NA	NA	4443-6219	1	NA-NA	NA
PQ055528	NA-NA	NA	2917-4876	1	NA-NA	NA
PQ055527	NA-NA	NA	23-6293	1	NA-NA	NA
PQ055526	NA-NA	NA	2682-4314	1	371-2669	1
PQ055525	NA-NA	NA	29-6623	1	NA-NA	NA
PQ055524	NA-NA	NA	3487-5317	1	NA-NA	NA
PQ055523	NA-NA	NA	65-4283	1	4327-5362	1
PQ055522	NA-NA	NA	36-1293	1	NA-NA	NA
PQ055521	NA-NA	NA	3-1989	1	1998-3042	1
PQ231052	NA-NA	NA	0-415	1	NA-NA	NA
PP977475	NA-NA	NA	0-403	1	NA-NA	NA
PP977474	NA-NA	NA	0-943	1	NA-NA	NA
PP977473	NA-NA	NA	1-944	1	NA-NA	NA
PP977472	NA-NA	NA	0-937	1	NA-NA	NA
PP977471	NA-NA	NA	0-943	1	NA-NA	NA
PP977470	NA-NA	NA	0-940	1	NA-NA	NA
PP977469	NA-NA	NA	0-937	1	NA-NA	NA
PP977468	NA-NA	NA	0-952	1	NA-NA	NA
PP977467	NA-NA	NA	2-938	1	NA-NA	NA
PP977466	NA-NA	NA	0-943	1	NA-NA	NA
PP977465	NA-NA	NA	0-939	1	NA-NA	NA
PP977464	NA-NA	NA	0-945	1	NA-NA	NA
PP977463	NA-NA	NA	0-945	1	NA-NA	NA
PP977462	NA-NA	NA	0-949	1	NA-NA	NA
OR367608	178-2626	1	2574-4092	1	4084-6309	1
OR367604	1-940	1	894-2460	1	2452-2881	1
OR367602	77-2525	1	2482-3997	1	3986-6209	1
OR367599	NA-NA	NA	0-690	1	NA-NA	NA
OR367595	145-2482	1	2433-3954	1	3943-5850	1
OR367593	1-2374	1	2331-3741	1	NA-NA	NA
OR367589	1-868	1	822-2008	1	NA-NA	NA
OR367588	164-2615	1	2569-4078	1	4022-5589	1
OR367587	0-2529	1	2483-3992	1	3936-6186	1
OR367584	0-231	1	185-1231	1	NA-NA	NA
OR367582	2-1856	1	1813-3328	1	3317-3657	1
OR367580	1-2152	1	2009-3527	1	3516-5517	1
OR367576	1-2245	1	2202-3717	1	3655-5938	1
OR367571	1-2473	1	2421-3999	1	3850-6277	1
OR367611	NA-NA	NA	2542-3991	1	NA-NA	NA
OR367610	NA-NA	NA	1-865	1	NA-NA	NA
OR367609	NA-NA	NA	2269-3718	1	NA-NA	NA
OR367607	NA-NA	NA	2133-3468	-1	NA-NA	NA
OR367606	NA-NA	NA	2669-4028	1	NA-NA	NA
OR367603	NA-NA	NA	540-1995	-1	NA-NA	NA
OR367601	NA-NA	NA	2485-3934	1	NA-NA	NA
OR367598	NA-NA	NA	111-1560	-1	NA-NA	NA
OR367594	NA-NA	NA	2573-4022	1	NA-NA	NA
OR367570	NA-NA	NA	0-936	1	NA-NA	NA
MW810341	208-2542	1	2865-4014	1	NA-NA	NA
MW810339	35-2171	1	2494-3643	1	3632-4967	1
MW810338	25-2485	1	2496-3948	1	NA-NA	NA
MW810337	178-2716	1	3324-4179	1	NA-NA	NA
MW810334	2931-5382	-1	1468-2323	-1	NA-NA	NA
MW810332	18-2469	1	3077-3932	1	NA-NA	NA
PP382210	13-3268	1	3258-4809	1	4827-6942	1
PP382209	22-3304	1	3294-4839	1	4868-6983	1
PQ182548	NA-NA	NA	2-1010	1	NA-NA	NA
PP623814	14-2825	1	2815-4315	1	4296-6345	1
OR827024	22-3304	1	3294-4839	1	4868-6992	1
PP272729	97-2320	1	NA-NA	NA	NA-NA	NA
PP272615	NA-NA	NA	45-4275	1	4293-5433	1
PP272491	NA-NA	NA	35-4265	1	4283-5423	1
PP272490	NA-NA	NA	52-4282	1	4300-5440	1
PP272489	NA-NA	NA	41-4271	1	4289-5429	1
PP272488	NA-NA	NA	40-4270	1	4288-5428	1
PP272487	NA-NA	NA	31-4261	1	4279-5419	1
PP272486	NA-NA	NA	145-4375	1	4393-5533	1
PQ110289	NA-NA	NA	NA-NA	NA	NA-NA	NA
PQ062282	23-2420	1	23-2465	1	3920-6200	1
PQ062281	NA-NA	NA	NA-NA	NA	0-2280	1
PQ062280	NA-NA	NA	NA-NA	NA	0-2286	1
PQ062279	NA-NA	NA	NA-NA	NA	0-2286	1
PQ062278	NA-NA	NA	NA-NA	NA	0-2283	1
LC778163	49-2794	1	2736-4281	1	4273-6730	1
LC778161	49-2794	1	2736-4281	1	4273-6730	1
PP740881	NA-NA	NA	0-339	1	NA-NA	NA
PP740880	NA-NA	NA	NA-NA	NA	0-411	1
PP478076	12-3027	1	3026-4550	1	4568-6590	1
PP478075	5-3014	1	3013-4537	1	4555-6565	1
OM966723	34-2509	1	2463-3972	1	3964-6127	1
OM966722	36-2511	1	2465-3974	1	3966-6252	1
OM105033	91-2641	1	NA-NA	NA	4078-4451	1
OM104033	NA-NA	NA	NA-NA	NA	3572-5612	1
OM104032	33-2508	1	2461-2542	1	NA-NA	NA
OM104031	2-2402	1	2353-3865	1	3857-5338	1
OM104030	88-2638	1	2580-4083	1	4075-4854	1
OM104029	74-2627	1	2557-4072	1	4064-4492	1
OM105048	21-2496	1	2450-3959	1	3951-6291	1
OM105047	NA-NA	NA	0-1050	1	1042-3328	1
OM105035	29-2750	1	2686-4237	1	4229-6562	1
OM105034	37-2512	1	NA-NA	NA	NA-NA	NA
OM105032	74-2624	1	2554-4069	1	4061-4508	1
OM105003	35-2510	1	2464-3874	1	NA-NA	NA
PP171482	NA-NA	NA	0-201	1	NA-NA	NA
PP171481	NA-NA	NA	0-201	1	NA-NA	NA
PP171480	NA-NA	NA	0-201	1	NA-NA	NA
PP171479	NA-NA	NA	0-201	1	NA-NA	NA
PP171478	NA-NA	NA	0-201	1	NA-NA	NA
PP171477	NA-NA	NA	0-201	1	NA-NA	NA
PP171476	NA-NA	NA	0-201	1	NA-NA	NA
PP171475	NA-NA	NA	0-201	1	NA-NA	NA
PP171474	NA-NA	NA	0-201	1	NA-NA	NA
PP171473	NA-NA	NA	0-201	1	NA-NA	NA
PQ037214	56-3311	1	3565-4852	1	4870-6985	1
PQ045729	NA-NA	NA	NA-NA	NA	0-1797	1
PQ045728	NA-NA	NA	NA-NA	NA	0-1791	1
PQ045727	NA-NA	NA	NA-NA	NA	0-1776	1
PQ045726	NA-NA	NA	NA-NA	NA	0-1791	1
PQ045725	NA-NA	NA	NA-NA	NA	0-1812	1
PQ045724	NA-NA	NA	NA-NA	NA	0-1806	1
PQ045723	NA-NA	NA	NA-NA	NA	0-1890	1
PQ045722	NA-NA	NA	NA-NA	NA	0-1864	1
PQ045721	NA-NA	NA	NA-NA	NA	0-1866	1
PQ045720	NA-NA	NA	NA-NA	NA	0-1873	1
PQ045719	NA-NA	NA	NA-NA	NA	0-1887	1
PQ045718	NA-NA	NA	NA-NA	NA	0-1899	1
PQ045717	NA-NA	NA	NA-NA	NA	0-1878	1
PQ045716	NA-NA	NA	NA-NA	NA	0-1860	1
PQ045715	NA-NA	NA	NA-NA	NA	0-1878	1
PQ045714	NA-NA	NA	NA-NA	NA	0-1878	1
PQ045713	NA-NA	NA	NA-NA	NA	0-1872	1
PQ045712	NA-NA	NA	NA-NA	NA	0-1863	1
PQ045711	NA-NA	NA	NA-NA	NA	0-1890	1
PP968017	97-2680	1	2679-4155	1	4000-6340	1
MW588064	9-3288	1	3437-4820	1	4813-7069	1
MW588063	37-3520	1	3501-5061	1	5083-7207	1
MW588062	24-3507	1	3488-5048	1	5071-7246	1
PP999617	NA-NA	NA	NA-NA	NA	3614-5576	1
PP999616	NA-NA	NA	NA-NA	NA	3631-5572	1
OR427988	NA-NA	NA	NA-NA	NA	0-334	1
OR427987	NA-NA	NA	NA-NA	NA	0-334	1
OR427986	NA-NA	NA	NA-NA	NA	0-334	1
OR427985	NA-NA	NA	NA-NA	NA	0-331	1
OR427984	NA-NA	NA	0-469	1	NA-NA	NA
OR427983	NA-NA	NA	0-514	1	NA-NA	NA
OR427982	NA-NA	NA	0-361	1	NA-NA	NA
OR427981	NA-NA	NA	0-502	1	NA-NA	NA
OR427980	NA-NA	NA	0-478	1	NA-NA	NA
OR427979	NA-NA	NA	0-481	1	NA-NA	NA
OR427978	NA-NA	NA	0-493	1	NA-NA	NA
PP976052	NA-NA	NA	0-387	1	NA-NA	NA
PP966939	18-3273	1	3263-4817	1	4835-6950	1
PP926321	28-2578	1	2574-4098	1	4090-6370	1
PP916236	2-2591	1	2518-4078	1	4070-6434	1
PP901928	95-2858	1	2872-4345	1	4337-6722	1
PP901927	99-2862	1	2876-4349	1	4341-6726	1
PP901926	71-2852	1	2791-4339	1	4331-6647	1
PP901925	91-2899	1	2826-4386	1	4378-6742	1
PP711211	NA-NA	NA	1-418	1	NA-NA	NA
PP711204	NA-NA	NA	0-1025	1	NA-NA	NA
PP711198	2-536	1	496-2047	1	NA-NA	NA
PP711188	2-3119	1	3115-4630	1	4663-7018	1
PP590731	NA-NA	NA	0-246	-1	NA-NA	NA
PP590744	NA-NA	NA	0-3378	1	NA-NA	NA
PP590743	NA-NA	NA	NA-NA	NA	0-2040	1
PP590742	NA-NA	NA	2-452	1	NA-NA	NA
PP590741	42-1081	1	NA-NA	NA	NA-NA	NA
PP590740	NA-NA	NA	NA-NA	NA	0-1762	1
PP590730	NA-NA	NA	0-1387	1	NA-NA	NA
PP590729	NA-NA	NA	0-1201	1	NA-NA	NA
PP516520	NA-NA	NA	0-367	1	NA-NA	NA
PP516519	NA-NA	NA	0-367	1	NA-NA	NA
PP516518	NA-NA	NA	0-367	1	NA-NA	NA
PP516517	NA-NA	NA	0-367	1	NA-NA	NA
PP516516	NA-NA	NA	0-367	1	NA-NA	NA
PP516515	NA-NA	NA	0-367	1	NA-NA	NA
PP516514	NA-NA	NA	0-367	1	NA-NA	NA
PP516513	NA-NA	NA	0-367	1	NA-NA	NA
PP516512	NA-NA	NA	0-367	1	NA-NA	NA
PP516511	NA-NA	NA	0-367	1	NA-NA	NA
PP516510	NA-NA	NA	0-367	1	NA-NA	NA
PP516509	NA-NA	NA	0-367	1	NA-NA	NA
PP516508	NA-NA	NA	0-367	1	NA-NA	NA
PP516507	NA-NA	NA	0-367	1	NA-NA	NA
PP516506	NA-NA	NA	0-367	1	NA-NA	NA
PP516505	NA-NA	NA	0-367	1	NA-NA	NA
PP516504	NA-NA	NA	0-367	1	NA-NA	NA
PP516503	NA-NA	NA	0-367	1	NA-NA	NA
OP728001	NA-NA	NA	2-362	1	NA-NA	NA
OP728000	NA-NA	NA	2-362	1	NA-NA	NA
OP727999	NA-NA	NA	2-362	1	NA-NA	NA
OP727998	NA-NA	NA	2-362	1	NA-NA	NA
OP727997	NA-NA	NA	2-386	1	NA-NA	NA
ON653001	NA-NA	NA	2-362	1	NA-NA	NA
ON653000	NA-NA	NA	2-362	1	NA-NA	NA
ON652999	NA-NA	NA	2-362	1	NA-NA	NA
ON652998	NA-NA	NA	2-362	1	NA-NA	NA
ON652997	NA-NA	NA	2-362	1	NA-NA	NA
ON652996	NA-NA	NA	2-308	1	NA-NA	NA
ON652995	NA-NA	NA	2-331	1	NA-NA	NA
ON652994	NA-NA	NA	2-362	1	NA-NA	NA
ON652993	NA-NA	NA	2-362	1	NA-NA	NA
ON652992	NA-NA	NA	2-362	1	NA-NA	NA
ON652991	NA-NA	NA	2-362	1	NA-NA	NA
ON652990	NA-NA	NA	2-362	1	NA-NA	NA
ON652989	NA-NA	NA	2-362	1	NA-NA	NA
ON652988	NA-NA	NA	2-362	1	NA-NA	NA
ON652987	NA-NA	NA	2-362	1	NA-NA	NA
ON652986	NA-NA	NA	2-362	1	NA-NA	NA
PP711884	51-1899	1	2186-3365	1	3373-3636	1
PP711883	9-2664	1	3011-4109	1	4101-6374	1
PP711882	1-2635	1	2827-4138	1	4137-4596	1
PP711881	30-2601	1	2900-4130	1	4144-6358	1
PP711880	0-2736	1	2849-4196	1	4195-6481	1
PP711879	1-2626	1	2970-4143	1	4151-6359	1
PP711878	0-2607	1	2951-4124	1	4132-6313	1
PP711877	32-2576	1	2707-4108	1	4120-6364	1
PP711876	1-2536	1	2565-4065	1	4079-6287	1
PP711875	1-2602	1	2631-4131	1	4145-6359	1
PP711874	0-2604	1	2633-4133	1	4147-6376	1
PP711873	1-2602	1	2598-4131	1	4114-6718	1
PP711872	1-2752	1	3039-4218	1	4226-6503	1
PP711871	NA-NA	NA	0-1137	1	NA-NA	NA
PP711870	1-1564	1	2334-3081	1	NA-NA	NA
PP711869	0-2799	1	2807-3509	1	3465-5895	1
PP711868	2-1115	1	1126-2041	1	NA-NA	NA
PP711867	0-1587	1	1910-2687	1	NA-NA	NA
PP711866	NA-NA	NA	0-561	1	573-2685	1
PP711865	0-1587	1	2787-3183	1	NA-NA	NA
PP711864	913-2704	1	3319-4207	1	4203-6361	1
PP711863	0-1512	1	1523-3062	1	3039-3412	1
PP711862	1-2458	1	2466-3651	1	NA-NA	NA
PP711861	NA-NA	NA	2-3728	1	3732-5658	1
PP711860	NA-NA	NA	1-3889	1	NA-NA	NA
PP711859	2-1382	1	NA-NA	NA	3620-5003	1
PP711858	1-2446	1	2769-3942	1	3954-6066	1
PP711857	1-2446	1	2769-3942	1	3954-6066	1
PP711856	1-2584	1	2715-4080	1	4083-6243	1
PP711855	0-2652	1	2981-4154	1	4150-6319	1
PP711854	2-2681	1	3061-4030	1	NA-NA	NA
PP711853	0-2655	1	2984-4157	1	4153-6346	1
OQ236140	NA-NA	NA	NA-NA	NA	123-2400	1
OQ236139	NA-NA	NA	2587-4168	1	4103-6509	1
OQ236138	NA-NA	NA	NA-NA	NA	35-1886	1
OQ236137	NA-NA	NA	NA-NA	NA	32-2435	1
OQ236136	1-2743	1	2823-4338	1	4249-6391	1
OQ236135	NA-NA	NA	1163-2489	1	2433-4575	1
OQ236134	0-1836	1	2066-3392	1	3336-5478	1
OQ236133	NA-NA	NA	NA-NA	NA	0-2031	1
OQ236132	NA-NA	NA	147-1005	1	922-3082	1
OQ236131	NA-NA	NA	2-596	1	555-2977	1
OQ236130	1697-2681	1	2692-4249	1	4205-6632	1
OQ236129	1658-2690	1	2701-4255	1	4214-6623	1
OQ236128	1662-2667	1	2684-4256	1	4197-6597	1
OQ236127	NA-NA	NA	NA-NA	NA	0-1664	1
OQ236126	1664-2666	1	2677-4222	1	4190-6593	1
OQ236125	223-1216	1	1220-2777	1	2733-4823	1
OQ236124	1668-2700	1	2711-4265	1	4224-6633	1
OQ236123	1664-2675	1	2686-4249	1	4199-6602	1
OQ236122	446-1457	1	1468-3013	1	2981-5384	1
OQ236121	1661-2663	1	2674-4219	1	4187-6587	1
OQ236157	NA-NA	NA	2-1433	1	1438-3595	1
OQ236156	NA-NA	NA	0-837	1	842-2999	1
OQ236114	NA-NA	NA	2636-4172	1	4152-6480	1
OQ236113	NA-NA	NA	NA-NA	NA	0-782	1
OQ236112	NA-NA	NA	0-1329	1	1321-3835	1
OQ236111	NA-NA	NA	NA-NA	NA	201-1858	1
OQ236110	NA-NA	NA	NA-NA	NA	0-1929	1
PP700500	NA-NA	NA	0-1587	1	NA-NA	NA
PP700499	NA-NA	NA	0-1371	1	NA-NA	NA
PP700498	NA-NA	NA	1-341	1	NA-NA	NA
PP700497	NA-NA	NA	0-695	1	NA-NA	NA
PP700496	NA-NA	NA	2-337	1	NA-NA	NA
PP825914	NA-NA	NA	0-396	1	NA-NA	NA
PP825913	NA-NA	NA	0-396	1	NA-NA	NA
PP825912	NA-NA	NA	0-396	1	NA-NA	NA
PP825911	NA-NA	NA	0-396	1	NA-NA	NA
PP825910	NA-NA	NA	0-396	1	NA-NA	NA
PP825909	NA-NA	NA	0-396	1	NA-NA	NA
PP825908	NA-NA	NA	0-396	1	NA-NA	NA
PP825907	NA-NA	NA	0-396	1	NA-NA	NA
PP825906	NA-NA	NA	0-396	1	NA-NA	NA
PP825905	NA-NA	NA	0-396	1	NA-NA	NA
PP825904	NA-NA	NA	0-396	1	NA-NA	NA
PP825903	NA-NA	NA	0-396	1	NA-NA	NA
PP825902	NA-NA	NA	0-396	1	NA-NA	NA
PP825901	NA-NA	NA	0-396	1	NA-NA	NA
PP825900	NA-NA	NA	0-396	1	NA-NA	NA
PP825899	NA-NA	NA	0-396	1	NA-NA	NA
PP825898	NA-NA	NA	0-396	1	NA-NA	NA
PP825897	NA-NA	NA	0-396	1	NA-NA	NA
PP825896	NA-NA	NA	0-396	1	NA-NA	NA
PP825895	NA-NA	NA	0-396	1	NA-NA	NA
PP825894	NA-NA	NA	0-396	1	NA-NA	NA
PP825893	NA-NA	NA	0-396	1	NA-NA	NA
PP825892	NA-NA	NA	0-396	1	NA-NA	NA
PP825891	NA-NA	NA	0-396	1	NA-NA	NA
PP825890	NA-NA	NA	0-396	1	NA-NA	NA
PP825889	NA-NA	NA	0-396	1	NA-NA	NA
PP825888	NA-NA	NA	0-396	1	NA-NA	NA
PP825887	NA-NA	NA	0-396	1	NA-NA	NA
PP825886	NA-NA	NA	0-396	1	NA-NA	NA
PP825885	NA-NA	NA	0-396	1	NA-NA	NA
PP825884	NA-NA	NA	0-396	1	NA-NA	NA
PP825883	NA-NA	NA	0-396	1	NA-NA	NA
PP825882	NA-NA	NA	0-396	1	NA-NA	NA
PP825881	NA-NA	NA	0-396	1	NA-NA	NA
PP825880	NA-NA	NA	0-396	1	NA-NA	NA
PP825879	NA-NA	NA	0-396	1	NA-NA	NA
PP825878	NA-NA	NA	0-396	1	NA-NA	NA
PP825877	NA-NA	NA	0-396	1	NA-NA	NA
PP825876	NA-NA	NA	0-396	1	NA-NA	NA
PP825875	NA-NA	NA	0-396	1	NA-NA	NA
PP825874	NA-NA	NA	0-396	1	NA-NA	NA
PP825873	NA-NA	NA	0-396	1	NA-NA	NA
PP825872	NA-NA	NA	0-396	1	NA-NA	NA
PP825871	NA-NA	NA	0-396	1	NA-NA	NA
PP825870	NA-NA	NA	0-396	1	NA-NA	NA
PP825869	NA-NA	NA	0-396	1	NA-NA	NA
PP825868	NA-NA	NA	0-396	1	NA-NA	NA
PP825867	NA-NA	NA	0-396	1	NA-NA	NA
PP825866	NA-NA	NA	0-396	1	NA-NA	NA
PP825865	NA-NA	NA	0-396	1	NA-NA	NA
PP825864	NA-NA	NA	0-396	1	NA-NA	NA
PP825863	NA-NA	NA	0-396	1	NA-NA	NA
PP825862	NA-NA	NA	0-396	1	NA-NA	NA
PP825861	NA-NA	NA	0-396	1	NA-NA	NA
PP825860	NA-NA	NA	0-396	1	NA-NA	NA
PP825859	NA-NA	NA	0-396	1	NA-NA	NA
PP825858	NA-NA	NA	0-396	1	NA-NA	NA
PP825857	NA-NA	NA	0-396	1	NA-NA	NA
PP806170	NA-NA	NA	NA-NA	NA	0-2396	1
PP646881	23-2465	1	2422-3928	1	3920-6092	1
PP782511	NA-NA	NA	0-93	1	85-673	1
PP782510	NA-NA	NA	0-93	1	85-673	1
PP782509	NA-NA	NA	0-93	1	85-673	1
PP782508	NA-NA	NA	0-93	1	85-673	1
PP782507	NA-NA	NA	0-93	1	85-673	1
PP782506	NA-NA	NA	0-93	1	85-673	1
PP782505	NA-NA	NA	0-93	1	85-673	1
PP782504	NA-NA	NA	0-93	1	85-673	1
PP782503	NA-NA	NA	0-93	1	85-673	1
PP782502	NA-NA	NA	0-93	1	85-673	1
PP782501	NA-NA	NA	0-93	1	85-673	1
PP782500	NA-NA	NA	0-93	1	85-673	1
PP782499	NA-NA	NA	0-93	1	85-673	1
PP782498	NA-NA	NA	0-93	1	85-673	1
PP782497	NA-NA	NA	0-93	1	85-673	1
PP782496	NA-NA	NA	0-93	1	85-673	1
PP782495	NA-NA	NA	0-93	1	85-673	1
PP782494	NA-NA	NA	0-93	1	85-673	1
PP782493	NA-NA	NA	0-93	1	85-673	1
PP782492	NA-NA	NA	0-93	1	85-673	1
PP782491	NA-NA	NA	0-93	1	85-673	1
PP782490	NA-NA	NA	0-93	1	85-673	1
PP782489	NA-NA	NA	0-93	1	85-673	1
PP782488	NA-NA	NA	0-93	1	85-673	1
PP782487	NA-NA	NA	0-93	1	85-673	1
PP782486	NA-NA	NA	0-93	1	85-673	1
PP782485	NA-NA	NA	0-93	1	85-673	1
PP779607	NA-NA	NA	0-93	1	85-673	1
PP779606	NA-NA	NA	0-93	1	85-673	1
PP779605	NA-NA	NA	0-93	1	85-673	1
PP779604	NA-NA	NA	0-93	1	85-673	1
PP779603	NA-NA	NA	0-93	1	85-673	1
PP779602	NA-NA	NA	0-93	1	85-673	1
PP779601	NA-NA	NA	0-93	1	85-673	1
PP779600	NA-NA	NA	0-93	1	85-673	1
PP779599	NA-NA	NA	0-93	1	85-673	1
PP779598	NA-NA	NA	0-93	1	85-673	1
PP779597	NA-NA	NA	0-93	1	85-673	1
PP779596	NA-NA	NA	0-93	1	85-673	1
PP779595	NA-NA	NA	0-93	1	85-673	1
PP763758	22-3304	1	3288-4839	1	4832-6992	1
PP731851	NA-NA	NA	0-414	1	NA-NA	NA
PP731850	NA-NA	NA	0-430	1	NA-NA	NA
PP731849	NA-NA	NA	0-406	1	NA-NA	NA
PP731848	NA-NA	NA	0-405	1	NA-NA	NA
PP731847	NA-NA	NA	0-414	1	NA-NA	NA
PP731846	NA-NA	NA	0-406	1	NA-NA	NA
PP707744	NA-NA	NA	NA-NA	NA	0-1049	1
PP707743	NA-NA	NA	NA-NA	NA	0-1106	1
PP707742	NA-NA	NA	0-408	1	NA-NA	NA
PP707741	NA-NA	NA	0-408	1	NA-NA	NA
PP707740	NA-NA	NA	0-430	1	NA-NA	NA
PP707739	NA-NA	NA	0-414	1	NA-NA	NA
PP707738	NA-NA	NA	0-430	1	NA-NA	NA
PP707737	NA-NA	NA	0-412	1	NA-NA	NA
OQ758054	NA-NA	NA	NA-NA	NA	0-782	1
OQ758053	NA-NA	NA	NA-NA	NA	0-782	1
OQ758052	NA-NA	NA	NA-NA	NA	0-824	1
OQ758051	NA-NA	NA	NA-NA	NA	0-824	1
OQ758050	NA-NA	NA	NA-NA	NA	0-824	1
OQ758049	NA-NA	NA	NA-NA	NA	0-824	1
OQ758048	NA-NA	NA	1-286	1	NA-NA	NA
OQ758047	NA-NA	NA	1-286	1	NA-NA	NA
OQ758046	NA-NA	NA	1-286	1	NA-NA	NA
OQ758045	NA-NA	NA	1-286	1	NA-NA	NA
OQ758044	NA-NA	NA	1-286	1	NA-NA	NA
OQ758043	NA-NA	NA	1-286	1	NA-NA	NA
OQ758042	NA-NA	NA	1-286	1	NA-NA	NA
OQ758041	NA-NA	NA	1-286	1	NA-NA	NA
OQ758040	NA-NA	NA	1-286	1	NA-NA	NA
OQ758039	NA-NA	NA	1-286	1	NA-NA	NA
OQ758038	NA-NA	NA	1-286	1	NA-NA	NA
OQ758037	NA-NA	NA	1-286	1	NA-NA	NA
OQ758036	NA-NA	NA	1-286	1	NA-NA	NA
OQ758035	NA-NA	NA	1-286	1	NA-NA	NA
OQ758034	NA-NA	NA	1-286	1	NA-NA	NA
OQ758033	NA-NA	NA	1-286	1	NA-NA	NA
OQ758032	NA-NA	NA	1-286	1	NA-NA	NA
OQ758031	NA-NA	NA	1-286	1	NA-NA	NA
OQ758025	27-2469	1	2426-3932	1	3924-6177	1
PP531440	88-2749	1	NA-NA	NA	4227-6624	1
PP531439	7-2485	1	NA-NA	NA	3946-6355	1
PP531438	404-2750	1	NA-NA	NA	4229-6617	1
PP531437	2-2594	1	NA-NA	NA	4082-6488	1
PP531436	405-2751	1	NA-NA	NA	4230-6621	1
PP531435	405-2751	1	NA-NA	NA	4230-6618	1
PP531434	2-2756	1	NA-NA	NA	4235-6626	1
PP174209	NA-NA	NA	1-1182	-1	NA-NA	NA
PP174201	NA-NA	NA	0-1623	-1	NA-NA	NA
PP174197	NA-NA	NA	66-1740	-1	NA-NA	NA
PP174176	NA-NA	NA	0-1412	1	NA-NA	NA
PP174162	NA-NA	NA	2-655	-1	NA-NA	NA
PP174151	NA-NA	NA	119-1331	1	NA-NA	NA
PP174138	NA-NA	NA	2-962	-1	NA-NA	NA
PP174099	NA-NA	NA	0-1243	-1	NA-NA	NA
PP174094	NA-NA	NA	1473-2415	-1	176-1268	-1
PP174089	1397-2093	-1	0-1119	-1	NA-NA	NA
PP174052	NA-NA	NA	1584-3111	1	NA-NA	NA
PP174037	NA-NA	NA	1289-2801	-1	NA-NA	NA
PP174020	NA-NA	NA	0-1140	1	NA-NA	NA
PP173978	NA-NA	NA	499-2164	1	NA-NA	NA
PP173959	NA-NA	NA	3292-6328	1	NA-NA	NA
PP173952	NA-NA	NA	1503-3006	-1	NA-NA	NA
PP173914	NA-NA	NA	0-1243	-1	NA-NA	NA
PP173905	2820-3762	-1	0-2812	-1	NA-NA	NA
PP173693	NA-NA	NA	2-638	1	NA-NA	NA
PP173657	NA-NA	NA	28-6586	-1	NA-NA	NA
PP173621	NA-NA	NA	0-1126	-1	NA-NA	NA
PP173619	1605-4200	-1	0-1555	-1	NA-NA	NA
PP173590	NA-NA	NA	1201-2742	1	NA-NA	NA
PP173384	3237-6540	-1	0-3202	-1	NA-NA	NA
PP173376	NA-NA	NA	0-1553	-1	NA-NA	NA
PP173374	NA-NA	NA	0-932	-1	NA-NA	NA
PP173284	NA-NA	NA	1617-2832	1	NA-NA	NA
PP173191	3161-6278	-1	18-3111	-1	NA-NA	NA
PP173172	2137-2902	-1	0-2141	-1	NA-NA	NA
PP173125	1658-2018	-1	180-1545	-1	NA-NA	NA
PP172939	1597-3016	-1	119-1556	-1	NA-NA	NA
PP172843	NA-NA	NA	70-9073	-1	NA-NA	NA
PP172792	3116-4772	-1	15-3120	-1	NA-NA	NA
PP172759	NA-NA	NA	1-1248	1	NA-NA	NA
PP172690	NA-NA	NA	2-4331	1	NA-NA	NA
PP172253	NA-NA	NA	1514-3143	-1	127-1408	-1
PP172252	NA-NA	NA	0-3610	-1	NA-NA	NA
PP172218	NA-NA	NA	2-642	-1	NA-NA	NA
PP172159	NA-NA	NA	0-1301	-1	NA-NA	NA
PP172104	NA-NA	NA	2-838	1	NA-NA	NA
PP172017	NA-NA	NA	0-650	-1	NA-NA	NA
PP172009	2135-3698	1	3700-5395	1	5375-7253	1
PP171968	37-721	1	957-2502	1	2572-3848	1
PP171953	14-3992	1	4009-5551	1	5566-7549	1
PP171789	NA-NA	NA	1600-3295	1	NA-NA	NA
PP171787	NA-NA	NA	275-1979	1	NA-NA	NA
PP171767	NA-NA	NA	0-721	-1	NA-NA	NA
PP571883	23-2465	1	2422-3928	1	3920-5545	1
PP571882	2-2432	1	2386-3895	1	3887-6146	1
BK066576	1489-6176	1	6177-8238	1	NA-NA	NA
OR670489	6-3210	1	3161-4694	1	4686-7239	1
PP512783	NA-NA	NA	NA-NA	NA	NA-NA	NA
LC779658	NA-NA	NA	1-370	1	NA-NA	NA
LC779657	NA-NA	NA	1-721	1	713-886	1
LC779656	NA-NA	NA	1-721	1	713-886	1
LC779655	NA-NA	NA	1-721	1	713-1515	1
LC779654	NA-NA	NA	1-721	1	713-1515	1
LC779653	NA-NA	NA	1-721	1	713-1515	1
LC779652	NA-NA	NA	1-721	1	713-1515	1
LC779651	NA-NA	NA	1-721	1	713-1515	1
LC779650	NA-NA	NA	1-733	1	725-1331	1
LC779649	NA-NA	NA	1-733	1	725-1331	1
LC779648	NA-NA	NA	1-733	1	725-1331	1
LC779647	NA-NA	NA	1-733	1	725-1331	1
LC779646	NA-NA	NA	1-733	1	725-1331	1
LC779645	NA-NA	NA	1-733	1	725-1331	1
LC779644	NA-NA	NA	1-733	1	725-1331	1
LC779643	NA-NA	NA	1-733	1	725-1331	1
LC779642	NA-NA	NA	1-733	1	725-1331	1
LC779641	NA-NA	NA	1-733	1	725-1331	1
LC779640	NA-NA	NA	1-733	1	725-1331	1
LC779639	NA-NA	NA	1-733	1	725-1331	1
LC779638	NA-NA	NA	1-733	1	725-1331	1
LC779637	NA-NA	NA	1-733	1	725-1331	1
LC779636	NA-NA	NA	1-733	1	725-1331	1
LC779635	NA-NA	NA	1-733	1	725-1331	1
LC779634	NA-NA	NA	1-733	1	725-1331	1
LC779633	NA-NA	NA	1-733	1	725-1331	1
LC779632	NA-NA	NA	1-733	1	725-1331	1
PP475137	NA-NA	NA	1-279	1	NA-NA	NA
PP475136	NA-NA	NA	2-390	1	NA-NA	NA
PP475135	NA-NA	NA	1-396	1	NA-NA	NA
PP444710	18-3273	1	3263-4814	1	4832-6947	1
PP444709	18-3273	1	3263-4814	1	4832-6947	1
OR871062	NA-NA	NA	3846-6159	1	NA-NA	NA
OR871061	NA-NA	NA	5556-7848	1	NA-NA	NA
OR871060	NA-NA	NA	2-1304	1	NA-NA	NA
PP228886	9-3037	1	3038-4559	1	4578-6606	1
PP228885	6-3034	1	3035-4556	1	4575-6597	1
PP272791	NA-NA	NA	0-303	-1	NA-NA	NA
PP272790	2-3332	1	3034-4756	1	NA-NA	NA
PP352011	356-2737	1	2737-4054	1	4011-6294	1
PP352010	60-2689	1	2690-4088	1	4111-6191	1
OR800329	NA-NA	NA	139-796	1	NA-NA	NA
OR800315	NA-NA	NA	NA-NA	NA	NA-NA	NA
OR800314	NA-NA	NA	139-796	1	NA-NA	NA
PP265521	NA-NA	NA	0-409	1	NA-NA	NA
PP265520	NA-NA	NA	0-410	1	NA-NA	NA
PP108251	22-3304	1	3288-4839	1	4832-6983	1
PP197957	NA-NA	NA	0-363	1	NA-NA	NA
PP105462	NA-NA	NA	NA-NA	NA	0-435	1
PP068355	NA-NA	NA	NA-NA	NA	0-753	1
PP068354	NA-NA	NA	NA-NA	NA	0-597	1
PP068353	NA-NA	NA	NA-NA	NA	0-744	1
OR690946	NA-NA	NA	NA-NA	NA	0-478	1
OR690945	NA-NA	NA	NA-NA	NA	0-478	1
OR690944	NA-NA	NA	NA-NA	NA	0-478	1
OR690943	NA-NA	NA	NA-NA	NA	0-478	1
OR690942	NA-NA	NA	NA-NA	NA	0-481	1
OR690941	NA-NA	NA	NA-NA	NA	0-481	1
OR690940	NA-NA	NA	NA-NA	NA	0-481	1
OR690939	NA-NA	NA	NA-NA	NA	0-481	1
OR690938	NA-NA	NA	NA-NA	NA	0-481	1
OR690937	NA-NA	NA	NA-NA	NA	0-481	1
OR690936	NA-NA	NA	NA-NA	NA	0-481	1
OR690935	NA-NA	NA	NA-NA	NA	0-481	1
OR690934	NA-NA	NA	NA-NA	NA	0-481	1
OR690933	NA-NA	NA	NA-NA	NA	0-481	1
OR690932	NA-NA	NA	NA-NA	NA	0-481	1
OR690931	NA-NA	NA	NA-NA	NA	0-481	1
OR670615	NA-NA	NA	0-87	1	79-556	1
OR670614	NA-NA	NA	0-9	1	1-478	1
OR670613	NA-NA	NA	0-9	1	1-478	1
OR670612	NA-NA	NA	0-87	1	79-595	1
OR670611	NA-NA	NA	0-9	1	1-482	1
OR670610	NA-NA	NA	0-9	1	1-482	1
OR670609	NA-NA	NA	0-9	1	1-479	1
OR670608	NA-NA	NA	2-83	1	75-606	1
OR670607	NA-NA	NA	2-83	1	75-606	1
OR670606	NA-NA	NA	0-9	1	1-482	1
OR670605	NA-NA	NA	0-9	1	1-482	1
OR670604	NA-NA	NA	2-86	1	78-571	1
OR047826	NA-NA	NA	NA-NA	NA	0-382	1
OR220030	10-2680	1	2631-4167	1	3979-6457	1
OR220029	10-2680	1	2631-4167	1	3979-6475	1
OR220028	10-2680	1	2631-4167	1	3979-6475	1
OR220027	10-2680	1	2631-4167	1	3979-6475	1
OR220026	10-2680	1	2631-4167	1	3979-6475	1
OR220025	10-2680	1	2631-4167	1	3979-6475	1
OR220024	10-2680	1	2631-4167	1	3979-6475	1
OR220023	10-2680	1	2631-4167	1	3979-6475	1
OR220022	10-2680	1	2631-4167	1	3979-6475	1
OK376645	NA-NA	NA	2-444	1	NA-NA	NA
OR192134	NA-NA	NA	0-324	1	NA-NA	NA
OR192133	NA-NA	NA	0-324	1	NA-NA	NA
OR192132	NA-NA	NA	0-324	1	NA-NA	NA
OR965521	10-3265	1	3255-4806	1	4824-6939	1
OR958817	10-3265	1	3255-4806	1	4824-6939	1
OR800317	1-411	-1	NA-NA	NA	NA-NA	NA
OR800316	0-449	-1	NA-NA	NA	NA-NA	NA
OR863201	NA-NA	NA	0-1125	1	NA-NA	NA
OR906208	10-3265	1	3255-4806	1	4824-6939	1
OR906207	10-3265	1	3255-4806	1	4824-6939	1
OQ986647	NA-NA	NA	56-548	1	NA-NA	NA
OR873548	NA-NA	NA	NA-NA	NA	0-576	1
OR873547	NA-NA	NA	NA-NA	NA	0-576	1
OR873546	NA-NA	NA	NA-NA	NA	0-576	1
OR873545	NA-NA	NA	NA-NA	NA	0-570	1
OR873544	NA-NA	NA	NA-NA	NA	0-570	1
OR873543	NA-NA	NA	NA-NA	NA	0-570	1
OR873542	NA-NA	NA	NA-NA	NA	0-570	1
OR873541	NA-NA	NA	NA-NA	NA	0-570	1
OR873540	NA-NA	NA	NA-NA	NA	0-570	1
OR873539	NA-NA	NA	NA-NA	NA	0-570	1
OR873538	NA-NA	NA	NA-NA	NA	0-570	1
OR873537	NA-NA	NA	NA-NA	NA	0-570	1
OR873536	NA-NA	NA	NA-NA	NA	0-570	1
OR873535	NA-NA	NA	NA-NA	NA	0-570	1
OR873534	NA-NA	NA	NA-NA	NA	0-570	1
OR873533	NA-NA	NA	NA-NA	NA	0-570	1
OR873532	NA-NA	NA	NA-NA	NA	0-570	1
OR873531	NA-NA	NA	NA-NA	NA	0-570	1
OR873530	NA-NA	NA	NA-NA	NA	0-570	1
OR873529	NA-NA	NA	NA-NA	NA	0-570	1
OR873528	NA-NA	NA	NA-NA	NA	0-570	1
OR873527	NA-NA	NA	NA-NA	NA	0-570	1
OR873526	NA-NA	NA	NA-NA	NA	0-570	1
OR873525	NA-NA	NA	NA-NA	NA	0-570	1
OR873524	NA-NA	NA	NA-NA	NA	0-570	1
OR873523	NA-NA	NA	NA-NA	NA	0-570	1
OR873522	NA-NA	NA	NA-NA	NA	0-570	1
OR873521	NA-NA	NA	NA-NA	NA	0-570	1
OR873520	NA-NA	NA	NA-NA	NA	0-570	1
OR873519	NA-NA	NA	NA-NA	NA	0-570	1
OR873518	NA-NA	NA	NA-NA	NA	0-570	1
OR873517	NA-NA	NA	NA-NA	NA	0-570	1
OR873516	NA-NA	NA	NA-NA	NA	0-570	1
OR873515	NA-NA	NA	0-342	1	NA-NA	NA
OR873514	NA-NA	NA	0-342	1	NA-NA	NA
OR873513	NA-NA	NA	0-342	1	NA-NA	NA
OR873512	NA-NA	NA	0-342	1	NA-NA	NA
OR873511	NA-NA	NA	0-342	1	NA-NA	NA
OR873510	NA-NA	NA	0-342	1	NA-NA	NA
OR873509	NA-NA	NA	0-342	1	NA-NA	NA
OR873508	NA-NA	NA	0-342	1	NA-NA	NA
OR873507	NA-NA	NA	0-342	1	NA-NA	NA
OR873506	NA-NA	NA	0-342	1	NA-NA	NA
OR873505	NA-NA	NA	0-342	1	NA-NA	NA
OR873504	NA-NA	NA	0-342	1	NA-NA	NA
OR873503	NA-NA	NA	0-342	1	NA-NA	NA
OR873502	NA-NA	NA	0-342	1	NA-NA	NA
OR873501	NA-NA	NA	0-342	1	NA-NA	NA
OR873500	NA-NA	NA	0-342	1	NA-NA	NA
OR873499	NA-NA	NA	0-342	1	NA-NA	NA
OR873498	NA-NA	NA	0-342	1	NA-NA	NA
OR873497	NA-NA	NA	0-342	1	NA-NA	NA
OR873496	NA-NA	NA	0-342	1	NA-NA	NA
OR873495	NA-NA	NA	0-342	1	NA-NA	NA
OR873494	NA-NA	NA	0-342	1	NA-NA	NA
OR873493	NA-NA	NA	0-342	1	NA-NA	NA
OR873492	NA-NA	NA	0-342	1	NA-NA	NA
OR873491	NA-NA	NA	0-342	1	NA-NA	NA
OR873490	NA-NA	NA	0-342	1	NA-NA	NA
OR873489	NA-NA	NA	0-342	1	NA-NA	NA
OR873488	NA-NA	NA	0-342	1	NA-NA	NA
OR873487	NA-NA	NA	0-342	1	NA-NA	NA
OR873486	NA-NA	NA	0-342	1	NA-NA	NA
OR873485	NA-NA	NA	0-348	1	NA-NA	NA
OR873484	NA-NA	NA	0-348	1	NA-NA	NA
OR873483	NA-NA	NA	0-348	1	NA-NA	NA
OR873482	NA-NA	NA	0-348	1	NA-NA	NA
OR873481	NA-NA	NA	0-348	1	NA-NA	NA
OR873480	NA-NA	NA	0-348	1	NA-NA	NA
OR873479	NA-NA	NA	0-348	1	NA-NA	NA
OR873478	NA-NA	NA	0-348	1	NA-NA	NA
OR873477	NA-NA	NA	0-348	1	NA-NA	NA
OR873476	NA-NA	NA	0-348	1	NA-NA	NA
OR873475	NA-NA	NA	0-348	1	NA-NA	NA
OR873474	NA-NA	NA	0-348	1	NA-NA	NA
OR873473	NA-NA	NA	0-348	1	NA-NA	NA
OR873472	NA-NA	NA	0-348	1	NA-NA	NA
OR873471	NA-NA	NA	0-348	1	NA-NA	NA
OR873470	NA-NA	NA	0-348	1	NA-NA	NA
OR873469	NA-NA	NA	0-348	1	NA-NA	NA
OR873468	NA-NA	NA	0-348	1	NA-NA	NA
OR873467	NA-NA	NA	0-348	1	NA-NA	NA
OR924093	22-3304	1	3294-4839	1	4868-6983	1
OR924092	12-3375	1	3365-4910	1	4926-7110	1
OR924091	12-3375	1	3365-4910	1	4926-7110	1
OR924090	12-3375	1	3365-4910	1	4926-7110	1
OR924089	19-3445	1	3435-4986	1	5006-7244	1
OR924088	19-3445	1	3435-4986	1	5006-7244	1
OR924087	19-3445	1	3435-4986	1	5006-7244	1
OR924086	19-3445	1	3435-4986	1	5006-7244	1
OR907134	22-3304	1	3294-4839	1	4868-6992	1
OR907133	22-3304	1	3294-4839	1	4868-6983	1
OR907132	22-3304	1	3294-4839	1	4868-6983	1
OR907131	22-3304	1	3294-4839	1	4868-6983	1
OR907130	19-3445	1	3435-4986	1	5006-7244	1
OR907129	19-3445	1	3435-4986	1	5006-7244	1
OR907128	19-3445	1	3435-4986	1	5006-7244	1
OR907127	19-3445	1	3435-4986	1	5006-7244	1
OR907126	19-3445	1	3435-4986	1	5006-7244	1
OR907125	19-3445	1	3435-4986	1	5006-7244	1
OR902765	13-3268	1	3258-4809	1	4827-6942	1
OR902764	13-3268	1	3258-4809	1	4827-6942	1
OR902763	13-3268	1	3258-4809	1	4827-6942	1
OR902762	13-3268	1	3258-4809	1	4827-6942	1
OR902761	13-3268	1	3258-4809	1	4827-6942	1
OR902760	12-3375	1	3365-4910	1	4926-7110	1
OR902759	12-3375	1	3365-4910	1	4926-7110	1
OR898438	NA-NA	NA	NA-NA	NA	1-859	1
OR898437	NA-NA	NA	NA-NA	NA	0-729	1
OR898436	NA-NA	NA	NA-NA	NA	0-675	1
OR852659	NA-NA	NA	0-351	1	NA-NA	NA
OR852658	NA-NA	NA	0-384	1	NA-NA	NA
OR645517	NA-NA	NA	NA-NA	NA	2-369	1
OR645486	NA-NA	NA	1-572	1	NA-NA	NA
OR840971	NA-NA	NA	0-390	1	NA-NA	NA
OR840970	NA-NA	NA	0-390	1	NA-NA	NA
OR840969	NA-NA	NA	0-390	1	NA-NA	NA
OR840950	NA-NA	NA	0-324	1	NA-NA	NA
OR840949	NA-NA	NA	0-303	1	NA-NA	NA
OR840948	NA-NA	NA	0-315	1	NA-NA	NA
OR840947	NA-NA	NA	0-315	1	NA-NA	NA
OR840946	NA-NA	NA	0-315	1	NA-NA	NA
OR840945	NA-NA	NA	0-315	1	NA-NA	NA
OR270284	NA-NA	NA	10-4228	1	4285-5258	1
OQ986722	NA-NA	NA	3190-4882	1	4892-6731	1
OQ986649	NA-NA	NA	277-745	1	653-2063	1
OQ986648	15-2793	1	2864-4355	1	NA-NA	NA
OQ986679	0-2553	1	2648-4040	1	3834-6327	1
OQ986609	4037-6656	-1	2490-3900	-1	176-2537	-1
OQ986608	36-2637	1	2732-4127	1	4130-6443	1
OQ986607	164-2726	1	2701-4216	1	4194-6450	1
OQ986677	2-770	1	772-2362	1	2066-4607	1
OQ986606	37-2632	1	2655-4254	1	4123-6469	1
OQ986605	2-2681	1	2941-4219	1	4172-6386	1
OQ986723	NA-NA	NA	3300-6528	1	NA-NA	NA
OQ986681	NA-NA	NA	0-313	-1	NA-NA	NA
OQ986680	NA-NA	NA	2-377	1	NA-NA	NA
OQ986678	NA-NA	NA	0-372	1	NA-NA	NA
OQ986676	NA-NA	NA	0-650	1	NA-NA	NA
OR835189	NA-NA	NA	0-309	1	NA-NA	NA
OR835188	NA-NA	NA	0-309	1	NA-NA	NA
OR835187	NA-NA	NA	0-318	1	NA-NA	NA
OR835186	NA-NA	NA	0-318	1	NA-NA	NA
OR835185	NA-NA	NA	0-306	1	NA-NA	NA
OR835184	NA-NA	NA	0-318	1	NA-NA	NA
OR835183	NA-NA	NA	0-318	1	NA-NA	NA
OR835182	NA-NA	NA	0-318	1	NA-NA	NA
OR835181	NA-NA	NA	0-318	1	NA-NA	NA
OR835180	NA-NA	NA	0-285	1	NA-NA	NA
OR835179	NA-NA	NA	0-318	1	NA-NA	NA
OR835178	NA-NA	NA	0-321	1	NA-NA	NA
OR835177	NA-NA	NA	0-321	1	NA-NA	NA
OR835176	NA-NA	NA	0-321	1	NA-NA	NA
OR835175	NA-NA	NA	0-321	1	NA-NA	NA
OR835174	NA-NA	NA	0-321	1	NA-NA	NA
OR835173	NA-NA	NA	0-321	1	NA-NA	NA
OR835172	NA-NA	NA	0-315	1	NA-NA	NA
OR835171	NA-NA	NA	0-321	1	NA-NA	NA
OR835170	NA-NA	NA	0-312	1	NA-NA	NA
OR835169	NA-NA	NA	0-309	1	NA-NA	NA
OR835168	NA-NA	NA	0-309	1	NA-NA	NA
OR835167	NA-NA	NA	0-309	1	NA-NA	NA
OR835166	NA-NA	NA	0-309	1	NA-NA	NA
OR835165	NA-NA	NA	0-309	1	NA-NA	NA
OR835164	NA-NA	NA	0-309	1	NA-NA	NA
OR835163	NA-NA	NA	0-309	1	NA-NA	NA
OR835162	NA-NA	NA	0-309	1	NA-NA	NA
OR835146	NA-NA	NA	0-318	1	NA-NA	NA
OR835145	NA-NA	NA	0-318	1	NA-NA	NA
OR835144	NA-NA	NA	0-318	1	NA-NA	NA
OR835143	NA-NA	NA	0-318	1	NA-NA	NA
OR835142	NA-NA	NA	0-279	1	NA-NA	NA
OR835141	NA-NA	NA	0-318	1	NA-NA	NA
OR835140	NA-NA	NA	0-318	1	NA-NA	NA
OR835139	NA-NA	NA	0-318	1	NA-NA	NA
OR835138	NA-NA	NA	0-318	1	NA-NA	NA
OR835137	NA-NA	NA	0-318	1	NA-NA	NA
OR835136	NA-NA	NA	0-318	1	NA-NA	NA
OR835135	NA-NA	NA	0-318	1	NA-NA	NA
OR835134	NA-NA	NA	0-279	1	NA-NA	NA
OR826345	NA-NA	NA	0-312	1	NA-NA	NA
OR826344	NA-NA	NA	0-312	1	NA-NA	NA
OR826343	NA-NA	NA	0-312	1	NA-NA	NA
OR826342	NA-NA	NA	0-312	1	NA-NA	NA
OR826341	NA-NA	NA	0-363	1	NA-NA	NA
OR826340	NA-NA	NA	0-294	1	NA-NA	NA
OR826339	NA-NA	NA	0-333	1	NA-NA	NA
OR826338	NA-NA	NA	0-366	1	NA-NA	NA
OR826337	NA-NA	NA	0-366	1	NA-NA	NA
OR826336	NA-NA	NA	0-357	1	NA-NA	NA
OR774966	10-2734	1	2748-4182	1	4182-6699	1
OR826329	NA-NA	NA	0-315	1	NA-NA	NA
OR818357	NA-NA	NA	0-315	1	NA-NA	NA
OR818356	NA-NA	NA	0-315	1	NA-NA	NA
OR818355	NA-NA	NA	0-315	1	NA-NA	NA
OR818354	NA-NA	NA	0-315	1	NA-NA	NA
OR818353	NA-NA	NA	0-315	1	NA-NA	NA
OR818352	NA-NA	NA	0-333	1	NA-NA	NA
OR818351	NA-NA	NA	0-333	1	NA-NA	NA
OR818350	NA-NA	NA	0-342	1	NA-NA	NA
OR792802	71-2834	1	2848-4321	1	4313-6698	1
OR800746	NA-NA	NA	0-312	1	NA-NA	NA
OR800745	NA-NA	NA	0-318	1	NA-NA	NA
OR800744	NA-NA	NA	0-318	1	NA-NA	NA
OR800743	NA-NA	NA	0-318	1	NA-NA	NA
OR800742	NA-NA	NA	0-315	1	NA-NA	NA
OR800741	NA-NA	NA	0-315	1	NA-NA	NA
OR800740	NA-NA	NA	0-315	1	NA-NA	NA
OR800739	NA-NA	NA	0-315	1	NA-NA	NA
OR800738	NA-NA	NA	0-315	1	NA-NA	NA
OR800737	NA-NA	NA	0-318	1	NA-NA	NA
OR800736	NA-NA	NA	0-327	1	NA-NA	NA
OR800735	NA-NA	NA	0-327	1	NA-NA	NA
OR800734	NA-NA	NA	0-327	1	NA-NA	NA
OR800733	NA-NA	NA	0-357	1	NA-NA	NA
OR815359	NA-NA	NA	0-312	1	NA-NA	NA
OR815358	NA-NA	NA	0-249	1	NA-NA	NA
OR815357	NA-NA	NA	0-290	1	NA-NA	NA
OR815356	NA-NA	NA	0-291	1	NA-NA	NA
OR806935	NA-NA	NA	0-360	1	NA-NA	NA
OR806934	NA-NA	NA	0-363	1	NA-NA	NA
OR806933	NA-NA	NA	0-363	1	NA-NA	NA
OR806932	NA-NA	NA	0-363	1	NA-NA	NA
OR806931	NA-NA	NA	0-363	1	NA-NA	NA
OR806930	NA-NA	NA	0-363	1	NA-NA	NA
MT085167	0-1629	1	1628-3173	1	3162-4607	1
OR756288	NA-NA	NA	2-173	1	NA-NA	NA
OR756287	NA-NA	NA	2-173	1	NA-NA	NA
OR756286	NA-NA	NA	2-173	1	NA-NA	NA
OR756285	NA-NA	NA	2-173	1	NA-NA	NA
OR756284	NA-NA	NA	2-173	1	NA-NA	NA
OR756283	NA-NA	NA	2-173	1	NA-NA	NA
OR756282	NA-NA	NA	2-173	1	NA-NA	NA
OR756281	NA-NA	NA	2-173	1	NA-NA	NA
OR756280	NA-NA	NA	2-173	1	NA-NA	NA
OR756279	NA-NA	NA	2-173	1	NA-NA	NA
LC745071	NA-NA	NA	1-384	1	NA-NA	NA
LC745070	NA-NA	NA	1-384	1	NA-NA	NA
LC745069	NA-NA	NA	NA-NA	NA	2-401	1
LC745068	NA-NA	NA	NA-NA	NA	2-401	1
OR248795	NA-NA	NA	0-362	1	NA-NA	NA
OR248794	NA-NA	NA	2-1395	-1	NA-NA	NA
OR248793	NA-NA	NA	0-1212	-1	NA-NA	NA
OR711901	23-2660	1	2660-4226	1	4226-6596	1
OR613371	NA-NA	NA	NA-NA	NA	0-556	1
OR613369	NA-NA	NA	0-694	1	NA-NA	NA
OR613368	2-389	1	388-804	1	NA-NA	NA
OR613367	NA-NA	NA	2-698	1	NA-NA	NA
OR613366	NA-NA	NA	NA-NA	NA	1-636	1
OR613365	NA-NA	NA	51-583	1	NA-NA	NA
OR613364	NA-NA	NA	NA-NA	NA	0-555	1
OR613363	NA-NA	NA	1-559	1	NA-NA	NA
OR613362	NA-NA	NA	1-1153	1	NA-NA	NA
OR613361	NA-NA	NA	30-941	1	NA-NA	NA
OR613360	NA-NA	NA	1-836	1	NA-NA	NA
OR613359	NA-NA	NA	0-791	1	NA-NA	NA
OR613358	NA-NA	NA	NA-NA	NA	1-633	1
OR613357	NA-NA	NA	NA-NA	NA	0-624	1
OR613356	NA-NA	NA	NA-NA	NA	2-2186	1
OR613355	NA-NA	NA	NA-NA	NA	2-2177	1
OR613354	NA-NA	NA	1-2056	1	NA-NA	NA
OR613353	NA-NA	NA	NA-NA	NA	1-519	1
OR613352	NA-NA	NA	NA-NA	NA	2-622	1
OR613351	NA-NA	NA	NA-NA	NA	1-685	1
OR613350	NA-NA	NA	NA-NA	NA	0-1987	1
OR613349	2-1043	1	1042-1663	1	NA-NA	NA
OR613347	NA-NA	NA	NA-NA	NA	1-1078	1
OR613346	NA-NA	NA	0-510	1	NA-NA	NA
OR613345	NA-NA	NA	1-718	1	NA-NA	NA
OR613344	1-460	1	459-799	1	NA-NA	NA
OR613343	NA-NA	NA	0-830	1	NA-NA	NA
OR613342	NA-NA	NA	NA-NA	NA	1-670	1
OR613341	NA-NA	NA	NA-NA	NA	1-553	1
OR613340	1-298	1	297-597	1	NA-NA	NA
OR613339	NA-NA	NA	NA-NA	NA	2-545	1
OR613338	NA-NA	NA	NA-NA	NA	0-1029	1
OR613337	2-860	1	NA-NA	NA	NA-NA	NA
OR613336	NA-NA	NA	2-675	1	NA-NA	NA
OR613335	NA-NA	NA	2-491	1	NA-NA	NA
OR613334	NA-NA	NA	NA-NA	NA	2-573	1
OR613333	NA-NA	NA	NA-NA	NA	0-633	1
OR613332	0-567	1	NA-NA	NA	NA-NA	NA
OR613331	0-586	1	NA-NA	NA	NA-NA	NA
OR613330	NA-NA	NA	NA-NA	NA	0-1182	1
OR613329	NA-NA	NA	NA-NA	NA	9-539	1
OR613328	7-1238	1	NA-NA	NA	NA-NA	NA
OR613327	NA-NA	NA	0-607	1	NA-NA	NA
OR613326	NA-NA	NA	0-1541	1	NA-NA	NA
OR613325	NA-NA	NA	1-1186	1	NA-NA	NA
OR613324	NA-NA	NA	NA-NA	NA	2-596	1
OR613323	NA-NA	NA	NA-NA	NA	2-589	1
OR613322	NA-NA	NA	1-557	1	NA-NA	NA
OR613321	NA-NA	NA	NA-NA	NA	2-547	1
OR613320	NA-NA	NA	NA-NA	NA	2-539	1
OR613319	NA-NA	NA	NA-NA	NA	1-721	1
OR613318	NA-NA	NA	0-964	1	NA-NA	NA
OR613317	NA-NA	NA	NA-NA	NA	1-772	1
OR613316	NA-NA	NA	1-725	1	NA-NA	NA
OR613315	NA-NA	NA	NA-NA	NA	0-558	1
OR613314	NA-NA	NA	1-623	1	NA-NA	NA
OR613313	NA-NA	NA	1-788	1	NA-NA	NA
OR613312	NA-NA	NA	NA-NA	NA	2-534	1
OR613311	1-76	1	75-515	1	NA-NA	NA
OR613310	NA-NA	NA	1-574	1	NA-NA	NA
OR613309	NA-NA	NA	0-927	1	NA-NA	NA
OR613306	NA-NA	NA	1-1000	1	1016-1906	1
OR613305	1-1753	1	1686-3255	1	3254-4780	1
OR613304	1-2707	1	2619-4170	1	4179-6375	1
OR613303	2-2534	1	2491-4060	1	4078-6295	1
OR613302	NA-NA	NA	1-1168	1	NA-NA	NA
OR613301	2-434	1	433-1739	1	NA-NA	NA
OR613300	1-1699	1	1611-3162	1	3171-3236	1
OR613299	0-2631	1	2477-4088	1	4096-6256	1
OR613298	0-966	1	812-2423	1	2431-4555	1
OR613297	10-2464	1	2463-4074	1	4082-6206	1
OR613295	2-611	1	610-1716	1	NA-NA	NA
OR613294	1-1843	1	1842-3414	1	3428-4078	1
OR613293	NA-NA	NA	1-496	1	NA-NA	NA
OR613291	NA-NA	NA	0-1083	1	NA-NA	NA
OR613290	NA-NA	NA	NA-NA	NA	0-657	1
OR613289	NA-NA	NA	NA-NA	NA	2-621	1
OR613288	NA-NA	NA	NA-NA	NA	0-1801	1
OR613287	NA-NA	NA	NA-NA	NA	1-722	1
OR613286	NA-NA	NA	NA-NA	NA	1-880	1
OR613285	NA-NA	NA	NA-NA	NA	2-897	1
OR613284	1-514	1	513-1217	1	NA-NA	NA
OR613283	NA-NA	NA	1-607	1	539-2942	1
OR613282	NA-NA	NA	0-982	1	NA-NA	NA
OR613281	2-803	1	802-999	1	NA-NA	NA
OR613280	NA-NA	NA	NA-NA	NA	1-1077	1
OR613279	NA-NA	NA	107-518	1	NA-NA	NA
OR613278	NA-NA	NA	0-363	1	343-525	1
OR613277	NA-NA	NA	NA-NA	NA	2-529	1
OR613276	NA-NA	NA	NA-NA	NA	1-558	1
OR613275	NA-NA	NA	2-606	1	NA-NA	NA
OR613274	NA-NA	NA	NA-NA	NA	1-1551	1
OR613273	NA-NA	NA	NA-NA	NA	0-585	1
OR613272	NA-NA	NA	0-832	1	NA-NA	NA
OR613271	NA-NA	NA	0-1195	1	NA-NA	NA
OR613270	NA-NA	NA	2-666	1	NA-NA	NA
OR613269	1-220	1	219-647	1	NA-NA	NA
OR613268	2-302	1	301-500	1	NA-NA	NA
OR613267	NA-NA	NA	1-675	1	NA-NA	NA
OR613266	NA-NA	NA	NA-NA	NA	0-515	1
OR613265	NA-NA	NA	0-189	1	172-743	1
OR613264	NA-NA	NA	0-789	1	NA-NA	NA
OR613263	1-313	1	312-635	1	NA-NA	NA
OR613262	NA-NA	NA	2-562	1	NA-NA	NA
OR613261	NA-NA	NA	2-681	1	NA-NA	NA
OR613260	NA-NA	NA	1-607	1	590-945	1
OR613259	NA-NA	NA	1-866	1	NA-NA	NA
OR613258	NA-NA	NA	1-504	1	NA-NA	NA
OR613257	NA-NA	NA	1-574	1	557-633	1
OR613256	NA-NA	NA	2-536	1	NA-NA	NA
OR613255	NA-NA	NA	2-857	1	NA-NA	NA
OR613254	NA-NA	NA	NA-NA	NA	1-588	1
OR613253	0-384	1	NA-NA	NA	367-574	1
OR613252	1-246	1	246-623	1	NA-NA	NA
OR613251	NA-NA	NA	NA-NA	NA	0-701	1
OR613250	NA-NA	NA	NA-NA	NA	1-611	1
OR613249	NA-NA	NA	NA-NA	NA	1-1771	1
OR613248	NA-NA	NA	NA-NA	NA	2-1622	1
OR613247	2-575	1	574-871	1	NA-NA	NA
OR613246	NA-NA	NA	NA-NA	NA	2-913	1
OR613245	NA-NA	NA	0-543	1	NA-NA	NA
OR613244	NA-NA	NA	0-258	1	208-1142	1
OR613243	NA-NA	NA	1-521	1	NA-NA	NA
OR613242	1-1640	1	NA-NA	NA	NA-NA	NA
OR700006	NA-NA	NA	1-587	1	NA-NA	NA
OR626615	0-254	1	NA-NA	NA	NA-NA	NA
OR682667	NA-NA	NA	1-339	1	NA-NA	NA
OR682666	NA-NA	NA	0-342	1	NA-NA	NA
OR682665	NA-NA	NA	0-335	1	NA-NA	NA
OR682664	NA-NA	NA	1-329	1	NA-NA	NA
OR682663	NA-NA	NA	2-328	1	NA-NA	NA
OR682662	NA-NA	NA	2-340	1	NA-NA	NA
OR682661	NA-NA	NA	0-329	1	NA-NA	NA
OR682660	NA-NA	NA	1-320	1	NA-NA	NA
OR682659	NA-NA	NA	1-329	1	NA-NA	NA
OL444939	16-2641	1	2604-4161	1	4164-6504	1
OR652457	0-2526	1	2483-3998	1	3981-6201	1
OQ802763	NA-NA	NA	1-1697	1	NA-NA	NA
OQ802762	NA-NA	NA	1-1699	1	NA-NA	NA
OQ802761	NA-NA	NA	NA-NA	NA	NA-NA	NA
OQ802760	NA-NA	NA	11-5438	1	5928-8040	1
OQ802759	18-2514	1	2411-3920	1	3687-6202	1
OQ802758	NA-NA	NA	0-995	1	NA-NA	NA
OQ802757	NA-NA	NA	1-564	1	NA-NA	NA
OQ802756	NA-NA	NA	23-4139	1	4131-6462	1
OQ802755	NA-NA	NA	1-787	1	NA-NA	NA
OQ802754	NA-NA	NA	0-1596	1	1390-3014	1
OQ802753	7-2317	1	2262-3966	1	3760-4302	1
OQ802752	2-1226	1	1171-1672	1	NA-NA	NA
OQ802751	NA-NA	NA	2-731	1	743-1126	1
OQ802750	1-2626	1	2574-4122	1	4134-6510	1
OQ802749	1-2632	1	2517-4227	1	4138-6286	1
OQ802748	74-2732	1	2617-4327	1	4238-5680	1
OQ802747	6-2745	1	2630-4340	1	4251-6399	1
OQ802746	NA-NA	NA	1-522	1	NA-NA	NA
OQ802745	1-2740	1	2625-4335	1	4246-6394	1
OQ802744	1-2740	1	2625-4335	1	4246-6394	1
OQ802743	7-2338	1	2301-3990	1	3784-5272	1
OQ802742	6-2775	1	2687-4202	1	4194-6759	1
OQ802741	11-2783	1	2695-4210	1	4115-6767	1
OQ802740	NA-NA	NA	0-503	1	NA-NA	NA
OQ802739	1-181	1	180-1689	1	1681-4126	1
OQ802738	0-2661	1	2600-4109	1	4101-6558	1
OQ802737	37-2797	1	2778-5973	1	NA-NA	NA
OQ802736	0-1143	1	1103-2723	1	NA-NA	NA
OQ802735	NA-NA	NA	2-557	1	NA-NA	NA
OQ802734	1-91	1	90-1716	1	NA-NA	NA
OQ802733	1-1186	1	1122-2691	1	2650-4831	1
OQ802732	NA-NA	NA	1-1195	1	1200-1556	1
OQ802731	NA-NA	NA	NA-NA	NA	532-1002	1
OQ802730	NA-NA	NA	84-3759	1	3764-5801	1
OQ802729	NA-NA	NA	NA-NA	NA	3680-5684	1
OQ802728	0-375	1	329-1874	1	2191-4124	1
OQ802727	NA-NA	NA	0-1092	1	1081-2194	1
OQ802726	31-2257	1	2211-3756	1	3745-6169	1
OQ802725	NA-NA	NA	1-550	1	NA-NA	NA
OQ802724	NA-NA	NA	0-538	1	NA-NA	NA
OQ802723	2-1088	1	1042-2587	1	2576-4884	1
OQ802722	4-2677	1	2610-4125	1	4117-6628	1
OQ802721	60-2754	1	2687-4202	1	4158-6687	1
OQ802720	2-2771	1	2704-4219	1	4175-6722	1
OQ802719	NA-NA	NA	2-981	1	NA-NA	NA
OQ802718	6-2679	1	2612-4127	1	4119-6630	1
OQ802717	0-2706	1	2633-4154	1	4110-5817	1
OQ802716	2-2771	1	2704-4219	1	4175-6704	1
OQ802715	36-2787	1	2729-4235	1	4227-6678	1
OQ802714	NA-NA	NA	NA-NA	NA	NA-NA	NA
OQ802713	NA-NA	NA	38-4283	1	4292-5336	1
OQ802712	6-2670	1	2546-4163	1	4059-6186	1
OQ802711	NA-NA	NA	1-439	1	428-681	1
OQ802710	1-1204	1	1170-2757	1	2743-4927	1
OQ802709	NA-NA	NA	1-568	1	NA-NA	NA
OQ802708	NA-NA	NA	1-966	1	NA-NA	NA
OQ802707	NA-NA	NA	1-768	1	NA-NA	NA
OQ802706	21-2661	1	2615-4217	1	4161-6354	1
OQ802705	NA-NA	NA	1-248	1	NA-NA	NA
OQ802704	18-2658	1	2612-4214	1	4158-6351	1
OQ802703	NA-NA	NA	2-779	1	NA-NA	NA
OQ802702	NA-NA	NA	2-887	1	NA-NA	NA
OQ802701	NA-NA	NA	0-1063	1	NA-NA	NA
OQ802700	NA-NA	NA	0-1395	1	1378-3217	1
OQ802699	2-2318	1	2278-3292	1	3083-3769	1
OQ802698	6-2544	1	2501-4070	1	4088-6305	1
OQ802697	NA-NA	NA	5740-7849	1	NA-NA	NA
OP946740	NA-NA	NA	0-351	1	NA-NA	NA
OP946739	NA-NA	NA	0-354	1	NA-NA	NA
OP946738	NA-NA	NA	0-370	1	NA-NA	NA
OP946737	NA-NA	NA	0-368	1	NA-NA	NA
OP946736	NA-NA	NA	0-365	1	NA-NA	NA
OP946735	NA-NA	NA	0-364	1	NA-NA	NA
OP946734	NA-NA	NA	0-320	1	NA-NA	NA
OP946733	NA-NA	NA	0-321	1	NA-NA	NA
OP946732	NA-NA	NA	0-347	1	NA-NA	NA
OP946731	NA-NA	NA	0-362	1	NA-NA	NA
OP946730	NA-NA	NA	0-347	1	NA-NA	NA
OP946729	NA-NA	NA	0-283	1	NA-NA	NA
OP946728	NA-NA	NA	0-318	1	NA-NA	NA
OP946727	NA-NA	NA	0-369	1	NA-NA	NA
OP946726	NA-NA	NA	0-355	1	NA-NA	NA
OP946725	NA-NA	NA	0-364	1	NA-NA	NA
OP946724	NA-NA	NA	0-366	1	NA-NA	NA
OP946449	13-3268	1	3258-4809	1	4827-6942	1
OQ686756	38-2492	1	2446-3955	1	3899-6224	1
OQ686755	40-2494	1	2448-3957	1	3901-6226	1
OQ686754	38-2492	1	2446-3955	1	3899-6224	1
OQ686753	38-2492	1	2446-3955	1	3899-6224	1
OR571426	21-3441	1	3422-4982	1	5006-7223	1
OR545219	NA-NA	NA	0-362	1	NA-NA	NA
OR545218	NA-NA	NA	0-362	1	NA-NA	NA
OR545217	NA-NA	NA	0-362	1	NA-NA	NA
OR545216	NA-NA	NA	0-362	1	NA-NA	NA
OR545215	NA-NA	NA	0-362	1	NA-NA	NA
OR545214	NA-NA	NA	0-362	1	NA-NA	NA
OR545213	NA-NA	NA	0-362	1	NA-NA	NA
OR545212	NA-NA	NA	0-362	1	NA-NA	NA
OR545211	NA-NA	NA	0-362	1	NA-NA	NA
OR545210	NA-NA	NA	0-362	1	NA-NA	NA
OR286522	21-3441	1	3422-4982	1	5006-7223	1
OR286521	21-3441	1	3422-4982	1	5006-7223	1
OR545548	10-3430	1	3411-4971	1	4995-7209	1
OR439362	NA-NA	NA	74-4298	1	4323-5376	1
OR355816	NA-NA	NA	0-377	1	NA-NA	NA
OR355815	NA-NA	NA	0-364	1	NA-NA	NA
OR355814	NA-NA	NA	0-296	1	NA-NA	NA
OR355813	NA-NA	NA	0-296	1	NA-NA	NA
OR355812	NA-NA	NA	0-296	1	NA-NA	NA
OR355811	NA-NA	NA	0-296	1	NA-NA	NA
OR355810	NA-NA	NA	0-296	1	NA-NA	NA
OR355809	NA-NA	NA	0-296	1	NA-NA	NA
OR355808	NA-NA	NA	0-296	1	NA-NA	NA
OR355807	NA-NA	NA	0-296	1	NA-NA	NA
OR355806	NA-NA	NA	0-296	1	NA-NA	NA
OR355805	NA-NA	NA	0-296	1	NA-NA	NA
OR355804	NA-NA	NA	0-296	1	NA-NA	NA
OR355803	NA-NA	NA	0-296	1	NA-NA	NA
OR355802	NA-NA	NA	0-296	1	NA-NA	NA
OR355801	NA-NA	NA	0-296	1	NA-NA	NA
OR355800	NA-NA	NA	0-296	1	NA-NA	NA
OR355799	NA-NA	NA	0-296	1	NA-NA	NA
OR355798	NA-NA	NA	0-296	1	NA-NA	NA
OR355797	NA-NA	NA	0-296	1	NA-NA	NA
OR355796	NA-NA	NA	0-296	1	NA-NA	NA
OR355795	NA-NA	NA	0-296	1	NA-NA	NA
OR355794	NA-NA	NA	0-296	1	NA-NA	NA
OR355793	NA-NA	NA	0-296	1	NA-NA	NA
OR355792	NA-NA	NA	0-296	1	NA-NA	NA
OR355791	NA-NA	NA	0-296	1	NA-NA	NA
OR355790	NA-NA	NA	0-296	1	NA-NA	NA
OR355789	NA-NA	NA	0-296	1	NA-NA	NA
OR355788	NA-NA	NA	0-296	1	NA-NA	NA
OR355787	NA-NA	NA	0-296	1	NA-NA	NA
OR355786	NA-NA	NA	0-296	1	NA-NA	NA
OR355785	NA-NA	NA	0-296	1	NA-NA	NA
OR355784	NA-NA	NA	0-296	1	NA-NA	NA
OR355783	NA-NA	NA	0-296	1	NA-NA	NA
OR355782	NA-NA	NA	0-296	1	NA-NA	NA
OR355781	NA-NA	NA	0-296	1	NA-NA	NA
OR355780	NA-NA	NA	0-296	1	NA-NA	NA
OR355779	NA-NA	NA	0-296	1	NA-NA	NA
OR355778	NA-NA	NA	0-296	1	NA-NA	NA
OR355777	NA-NA	NA	0-290	1	NA-NA	NA
OR355776	NA-NA	NA	0-290	1	NA-NA	NA
OR355775	NA-NA	NA	0-290	1	NA-NA	NA
OR355774	NA-NA	NA	0-290	1	NA-NA	NA
OR355773	NA-NA	NA	0-290	1	NA-NA	NA
OR355772	NA-NA	NA	0-290	1	NA-NA	NA
OR355771	NA-NA	NA	0-290	1	NA-NA	NA
OR355770	NA-NA	NA	0-290	1	NA-NA	NA
OR355769	NA-NA	NA	0-290	1	NA-NA	NA
OR355768	NA-NA	NA	0-290	1	NA-NA	NA
OR371570	80-2861	1	2800-4348	1	4340-6656	1
OQ271203	NA-NA	NA	0-333	1	NA-NA	NA
OQ271202	NA-NA	NA	0-333	1	NA-NA	NA
OQ271201	NA-NA	NA	0-333	1	NA-NA	NA
OQ271200	NA-NA	NA	0-333	1	NA-NA	NA
OQ271199	NA-NA	NA	0-333	1	NA-NA	NA
OQ271198	NA-NA	NA	0-333	1	NA-NA	NA
OQ271197	NA-NA	NA	0-333	1	NA-NA	NA
OQ271196	NA-NA	NA	0-333	1	NA-NA	NA
OQ271195	NA-NA	NA	0-333	1	NA-NA	NA
OQ271194	NA-NA	NA	0-333	1	NA-NA	NA
OQ271193	NA-NA	NA	0-333	1	NA-NA	NA
OQ271192	NA-NA	NA	0-333	1	NA-NA	NA
OQ271191	NA-NA	NA	0-333	1	NA-NA	NA
OQ271190	NA-NA	NA	0-333	1	NA-NA	NA
OQ271189	NA-NA	NA	0-333	1	NA-NA	NA
OQ271188	NA-NA	NA	0-333	1	NA-NA	NA
OQ271187	NA-NA	NA	0-333	1	NA-NA	NA
OQ271186	NA-NA	NA	0-333	1	NA-NA	NA
OQ271185	NA-NA	NA	0-333	1	NA-NA	NA
OQ271184	NA-NA	NA	0-333	1	NA-NA	NA
OQ271183	NA-NA	NA	0-333	1	NA-NA	NA
OQ271182	NA-NA	NA	0-333	1	NA-NA	NA
OQ271181	NA-NA	NA	0-333	1	NA-NA	NA
OQ271180	NA-NA	NA	0-333	1	NA-NA	NA
OQ271179	NA-NA	NA	0-333	1	NA-NA	NA
OQ271178	NA-NA	NA	0-333	1	NA-NA	NA
OQ271177	NA-NA	NA	0-333	1	NA-NA	NA
OQ271176	NA-NA	NA	0-333	1	NA-NA	NA
OQ271175	NA-NA	NA	0-333	1	NA-NA	NA
OQ271174	NA-NA	NA	0-333	1	NA-NA	NA
OQ271173	NA-NA	NA	0-333	1	NA-NA	NA
OQ271172	NA-NA	NA	0-333	1	NA-NA	NA
OQ271171	NA-NA	NA	0-333	1	NA-NA	NA
OQ271170	NA-NA	NA	0-333	1	NA-NA	NA
OQ271169	NA-NA	NA	0-333	1	NA-NA	NA
OQ271168	NA-NA	NA	0-333	1	NA-NA	NA
OQ271167	NA-NA	NA	0-333	1	NA-NA	NA
OQ271166	NA-NA	NA	0-333	1	NA-NA	NA
OQ271165	NA-NA	NA	0-333	1	NA-NA	NA
OQ271164	NA-NA	NA	0-333	1	NA-NA	NA
OQ271163	NA-NA	NA	0-333	1	NA-NA	NA
OQ271162	NA-NA	NA	0-333	1	NA-NA	NA
OQ271161	NA-NA	NA	0-333	1	NA-NA	NA
OQ271160	NA-NA	NA	0-333	1	NA-NA	NA
OQ271159	NA-NA	NA	0-333	1	NA-NA	NA
OQ271158	NA-NA	NA	0-333	1	NA-NA	NA
OQ271157	NA-NA	NA	0-333	1	NA-NA	NA
OQ271156	NA-NA	NA	0-333	1	NA-NA	NA
OQ271155	NA-NA	NA	0-333	1	NA-NA	NA
OQ271154	NA-NA	NA	0-333	1	NA-NA	NA
OQ271153	NA-NA	NA	0-333	1	NA-NA	NA
OQ271152	NA-NA	NA	0-333	1	NA-NA	NA
OQ271151	NA-NA	NA	0-333	1	NA-NA	NA
OQ271150	NA-NA	NA	0-333	1	NA-NA	NA
OQ271149	NA-NA	NA	0-333	1	NA-NA	NA
OQ271148	NA-NA	NA	0-333	1	NA-NA	NA
OQ271147	NA-NA	NA	0-333	1	NA-NA	NA
OQ271146	NA-NA	NA	0-333	1	NA-NA	NA
OQ271145	NA-NA	NA	0-333	1	NA-NA	NA
OQ271144	NA-NA	NA	0-333	1	NA-NA	NA
OQ271143	NA-NA	NA	0-333	1	NA-NA	NA
OQ271142	NA-NA	NA	0-333	1	NA-NA	NA
OQ271141	NA-NA	NA	0-333	1	NA-NA	NA
OQ271140	NA-NA	NA	0-333	1	NA-NA	NA
OQ271139	NA-NA	NA	0-333	1	NA-NA	NA
OQ271138	NA-NA	NA	0-333	1	NA-NA	NA
OQ271137	NA-NA	NA	0-333	1	NA-NA	NA
OQ271136	NA-NA	NA	0-333	1	NA-NA	NA
OQ271135	NA-NA	NA	0-333	1	NA-NA	NA
OQ271134	NA-NA	NA	0-333	1	NA-NA	NA
OQ271133	NA-NA	NA	0-333	1	NA-NA	NA
OQ271132	NA-NA	NA	0-333	1	NA-NA	NA
OQ271131	NA-NA	NA	0-333	1	NA-NA	NA
OQ271130	NA-NA	NA	0-333	1	NA-NA	NA
OQ271129	NA-NA	NA	0-333	1	NA-NA	NA
OQ271128	NA-NA	NA	0-333	1	NA-NA	NA
OQ271127	NA-NA	NA	0-333	1	NA-NA	NA
OQ271126	NA-NA	NA	0-333	1	NA-NA	NA
OQ271125	NA-NA	NA	0-333	1	NA-NA	NA
OQ271124	NA-NA	NA	0-333	1	NA-NA	NA
OQ271123	NA-NA	NA	0-333	1	NA-NA	NA
OQ271122	NA-NA	NA	0-333	1	NA-NA	NA
OQ271121	NA-NA	NA	0-333	1	NA-NA	NA
OQ271120	NA-NA	NA	0-333	1	NA-NA	NA
OQ271119	NA-NA	NA	0-333	1	NA-NA	NA
OQ271118	NA-NA	NA	0-333	1	NA-NA	NA
OQ271117	NA-NA	NA	0-333	1	NA-NA	NA
OQ271116	NA-NA	NA	0-333	1	NA-NA	NA
OQ271115	NA-NA	NA	0-333	1	NA-NA	NA
OQ271114	NA-NA	NA	0-333	1	NA-NA	NA
OQ271113	NA-NA	NA	0-333	1	NA-NA	NA
OQ271112	NA-NA	NA	0-333	1	NA-NA	NA
OQ271111	NA-NA	NA	0-333	1	NA-NA	NA
OQ271110	NA-NA	NA	0-333	1	NA-NA	NA
OQ271109	NA-NA	NA	0-333	1	NA-NA	NA
OQ271108	NA-NA	NA	0-333	1	NA-NA	NA
OQ271107	NA-NA	NA	0-333	1	NA-NA	NA
OQ271106	NA-NA	NA	0-333	1	NA-NA	NA
OQ271105	NA-NA	NA	0-333	1	NA-NA	NA
OQ271104	NA-NA	NA	0-333	1	NA-NA	NA
OQ271103	NA-NA	NA	0-333	1	NA-NA	NA
OQ271102	NA-NA	NA	0-333	1	NA-NA	NA
OQ271101	NA-NA	NA	0-333	1	NA-NA	NA
OQ271100	NA-NA	NA	0-333	1	NA-NA	NA
OQ271099	NA-NA	NA	0-333	1	NA-NA	NA
OQ271098	NA-NA	NA	0-333	1	NA-NA	NA
OQ271097	NA-NA	NA	0-333	1	NA-NA	NA
OQ271096	NA-NA	NA	0-333	1	NA-NA	NA
OQ271095	NA-NA	NA	0-333	1	NA-NA	NA
OQ271094	NA-NA	NA	0-333	1	NA-NA	NA
OQ271093	NA-NA	NA	0-333	1	NA-NA	NA
OQ271092	NA-NA	NA	0-333	1	NA-NA	NA
OQ271091	NA-NA	NA	0-333	1	NA-NA	NA
OQ271090	NA-NA	NA	0-333	1	NA-NA	NA
OQ271089	NA-NA	NA	0-333	1	NA-NA	NA
OQ271088	NA-NA	NA	0-333	1	NA-NA	NA
OQ271087	NA-NA	NA	0-333	1	NA-NA	NA
OQ271086	NA-NA	NA	0-333	1	NA-NA	NA
OQ271085	NA-NA	NA	0-333	1	NA-NA	NA
OQ271084	NA-NA	NA	0-333	1	NA-NA	NA
OQ271083	NA-NA	NA	0-333	1	NA-NA	NA
OQ271082	NA-NA	NA	0-333	1	NA-NA	NA
OQ271081	NA-NA	NA	0-333	1	NA-NA	NA
OQ271080	NA-NA	NA	0-333	1	NA-NA	NA
OQ271079	NA-NA	NA	0-333	1	NA-NA	NA
OQ271078	NA-NA	NA	0-333	1	NA-NA	NA
OQ271077	NA-NA	NA	0-333	1	NA-NA	NA
OQ271076	NA-NA	NA	0-333	1	NA-NA	NA
OQ271075	NA-NA	NA	0-333	1	NA-NA	NA
OQ271074	NA-NA	NA	0-333	1	NA-NA	NA
OQ271073	NA-NA	NA	0-333	1	NA-NA	NA
OQ271072	NA-NA	NA	0-333	1	NA-NA	NA
OQ271071	NA-NA	NA	0-333	1	NA-NA	NA
OQ271070	NA-NA	NA	0-333	1	NA-NA	NA
OQ271069	NA-NA	NA	0-333	1	NA-NA	NA
OQ271068	NA-NA	NA	0-333	1	NA-NA	NA
OQ271067	NA-NA	NA	0-333	1	NA-NA	NA
OQ271066	NA-NA	NA	0-333	1	NA-NA	NA
OQ271065	NA-NA	NA	0-333	1	NA-NA	NA
OQ271064	NA-NA	NA	0-333	1	NA-NA	NA
OQ271063	NA-NA	NA	0-333	1	NA-NA	NA
OQ271062	NA-NA	NA	0-333	1	NA-NA	NA
OQ271061	NA-NA	NA	0-333	1	NA-NA	NA
OQ271060	NA-NA	NA	0-333	1	NA-NA	NA
OQ271059	NA-NA	NA	0-333	1	NA-NA	NA
OQ271058	NA-NA	NA	0-333	1	NA-NA	NA
OQ271057	NA-NA	NA	0-333	1	NA-NA	NA
OQ271056	NA-NA	NA	0-333	1	NA-NA	NA
OQ271055	NA-NA	NA	0-333	1	NA-NA	NA
OQ271054	NA-NA	NA	0-333	1	NA-NA	NA
OQ271053	NA-NA	NA	0-333	1	NA-NA	NA
OQ271052	NA-NA	NA	0-333	1	NA-NA	NA
OQ271051	NA-NA	NA	0-333	1	NA-NA	NA
OQ271050	NA-NA	NA	0-333	1	NA-NA	NA
OQ271049	NA-NA	NA	0-333	1	NA-NA	NA
OR552431	NA-NA	NA	NA-NA	NA	3686-5570	1
OR552430	NA-NA	NA	NA-NA	NA	3687-5571	1
OR552421	2-2561	1	2557-4078	1	4070-6455	1
OR351273	21-3444	1	3425-4985	1	5009-7226	1
OR351272	NA-NA	NA	NA-NA	NA	0-2232	1
OR359230	NA-NA	NA	NA-NA	NA	0-2163	1
OR359229	NA-NA	NA	NA-NA	NA	0-2157	1
OR359228	NA-NA	NA	NA-NA	NA	0-2217	1
OR359227	NA-NA	NA	NA-NA	NA	0-2217	1
OR359226	NA-NA	NA	NA-NA	NA	0-2217	1
OR359225	NA-NA	NA	NA-NA	NA	0-2217	1
OR359224	NA-NA	NA	NA-NA	NA	0-2217	1
OR359223	NA-NA	NA	NA-NA	NA	0-2217	1
OR359222	NA-NA	NA	NA-NA	NA	0-2217	1
OR359221	NA-NA	NA	NA-NA	NA	0-2214	1
OR359220	NA-NA	NA	NA-NA	NA	0-2214	1
OR359219	NA-NA	NA	NA-NA	NA	0-2214	1
OR359218	NA-NA	NA	NA-NA	NA	0-2217	1
OR359217	NA-NA	NA	NA-NA	NA	0-2217	1
OR359216	NA-NA	NA	NA-NA	NA	0-2217	1
OR359215	NA-NA	NA	NA-NA	NA	0-2217	1
OR359214	NA-NA	NA	NA-NA	NA	0-2217	1
OR359213	NA-NA	NA	NA-NA	NA	0-2217	1
OR359212	NA-NA	NA	NA-NA	NA	0-2232	1
OR359211	NA-NA	NA	NA-NA	NA	0-2232	1
OR359210	NA-NA	NA	NA-NA	NA	0-2217	1
OR359209	NA-NA	NA	NA-NA	NA	0-2217	1
OR359208	NA-NA	NA	NA-NA	NA	0-2217	1
OR359207	NA-NA	NA	NA-NA	NA	0-2214	1
OR359206	NA-NA	NA	NA-NA	NA	0-2214	1
OR359205	NA-NA	NA	NA-NA	NA	0-2214	1
OR359204	NA-NA	NA	NA-NA	NA	0-2214	1
OR359203	NA-NA	NA	NA-NA	NA	0-2214	1
OR359202	NA-NA	NA	NA-NA	NA	0-2217	1
OR351067	NA-NA	NA	NA-NA	NA	0-2115	1
OR234628	NA-NA	NA	NA-NA	NA	0-2115	1
OR234627	NA-NA	NA	NA-NA	NA	0-2115	1
OR234620	NA-NA	NA	NA-NA	NA	0-2115	1
OR234619	NA-NA	NA	NA-NA	NA	0-2115	1
OR234618	NA-NA	NA	NA-NA	NA	0-2115	1
OR234617	NA-NA	NA	NA-NA	NA	0-2115	1
OR234616	NA-NA	NA	NA-NA	NA	0-2091	1
OR234615	NA-NA	NA	NA-NA	NA	0-2115	1
OR234623	NA-NA	NA	0-1542	1	NA-NA	NA
OR234622	NA-NA	NA	0-1542	1	NA-NA	NA
OR234621	NA-NA	NA	0-1542	1	NA-NA	NA
OR234614	NA-NA	NA	0-1542	1	NA-NA	NA
OR234612	NA-NA	NA	0-1539	1	NA-NA	NA
OR234611	NA-NA	NA	0-1542	1	NA-NA	NA
OR234610	NA-NA	NA	0-1551	1	NA-NA	NA
OR234609	NA-NA	NA	0-1551	1	NA-NA	NA
OR234608	NA-NA	NA	0-1551	1	NA-NA	NA
OR234613	NA-NA	NA	0-1542	1	NA-NA	NA
OR234607	NA-NA	NA	0-1551	1	NA-NA	NA
OR261089	37-2491	1	NA-NA	NA	3871-6211	1
OR261088	NA-NA	NA	0-492	1	NA-NA	NA
OR261087	NA-NA	NA	1-487	1	NA-NA	NA
OR261086	NA-NA	NA	0-493	1	NA-NA	NA
OR261085	NA-NA	NA	0-505	1	NA-NA	NA
OR261084	NA-NA	NA	0-506	1	NA-NA	NA
OR261083	NA-NA	NA	0-498	1	NA-NA	NA
OR261082	NA-NA	NA	0-515	1	NA-NA	NA
OR261081	NA-NA	NA	2-489	1	NA-NA	NA
OR261080	NA-NA	NA	2-486	1	NA-NA	NA
OR261079	NA-NA	NA	2-392	1	NA-NA	NA
OQ852918	NA-NA	NA	0-285	1	NA-NA	NA
OQ852917	NA-NA	NA	0-348	1	NA-NA	NA
OQ852916	NA-NA	NA	0-301	1	NA-NA	NA
OQ852915	NA-NA	NA	0-346	1	NA-NA	NA
OQ852914	NA-NA	NA	0-325	1	NA-NA	NA
OQ852913	NA-NA	NA	0-345	1	NA-NA	NA
OQ852912	NA-NA	NA	0-344	1	NA-NA	NA
OQ852911	NA-NA	NA	0-348	1	NA-NA	NA
OQ852910	NA-NA	NA	0-338	1	NA-NA	NA
OQ852909	NA-NA	NA	2-344	1	NA-NA	NA
OQ852908	NA-NA	NA	0-352	1	NA-NA	NA
OQ852907	NA-NA	NA	0-354	1	NA-NA	NA
OQ852906	NA-NA	NA	0-331	1	NA-NA	NA
OQ852905	NA-NA	NA	0-320	1	NA-NA	NA
OR260032	0-218	1	NA-NA	NA	NA-NA	NA
OR260031	0-218	1	NA-NA	NA	NA-NA	NA
OR260030	0-206	1	NA-NA	NA	NA-NA	NA
OR260029	0-190	1	NA-NA	NA	NA-NA	NA
OR260028	0-191	1	NA-NA	NA	NA-NA	NA
OR260027	2-289	1	NA-NA	NA	NA-NA	NA
OR260026	2-289	1	NA-NA	NA	NA-NA	NA
OR260025	2-288	1	NA-NA	NA	NA-NA	NA
OR260024	2-290	1	NA-NA	NA	NA-NA	NA
OR260023	2-290	1	NA-NA	NA	NA-NA	NA
OR222911	5-2369	1	2305-3841	1	3833-6104	1
OR222910	83-2885	1	2824-4372	1	4364-6716	1
OR211592	22-3304	1	3294-4839	1	4868-6983	1
OR448835	28-2392	1	2406-3864	1	3736-6100	1
OR448834	14-2372	1	2386-3844	1	3716-6074	1
OR448833	11-2375	1	2389-3847	1	3719-6077	1
OR448832	58-2821	1	3201-4308	1	4300-6652	1
OR448831	99-2901	1	3281-4388	1	4380-6696	1
OR448830	110-2891	1	3271-4378	1	4370-6719	1
OR134383	NA-NA	NA	NA-NA	NA	0-2268	1
OR134382	NA-NA	NA	NA-NA	NA	0-2196	1
OR134381	NA-NA	NA	NA-NA	NA	0-2277	1
OR134380	NA-NA	NA	NA-NA	NA	0-2352	1
OR134379	NA-NA	NA	NA-NA	NA	0-2364	1
OR134378	NA-NA	NA	NA-NA	NA	0-2316	1
OR134377	NA-NA	NA	NA-NA	NA	0-2385	1
OR134376	NA-NA	NA	NA-NA	NA	0-2400	1
OR134375	NA-NA	NA	NA-NA	NA	0-2268	1
OR134374	NA-NA	NA	NA-NA	NA	0-2196	1
OR134373	NA-NA	NA	NA-NA	NA	0-2277	1
OR134372	NA-NA	NA	NA-NA	NA	0-2352	1
OR134371	NA-NA	NA	NA-NA	NA	0-2364	1
OR134370	NA-NA	NA	NA-NA	NA	0-2385	1
OR134369	NA-NA	NA	NA-NA	NA	0-2268	1
OR134368	NA-NA	NA	NA-NA	NA	0-2196	1
OR134367	NA-NA	NA	NA-NA	NA	0-2277	1
OR134366	NA-NA	NA	NA-NA	NA	0-2352	1
OR134365	NA-NA	NA	NA-NA	NA	0-2400	1
OR134364	NA-NA	NA	NA-NA	NA	0-2364	1
OR134363	NA-NA	NA	NA-NA	NA	0-2271	1
OR134362	NA-NA	NA	NA-NA	NA	0-2316	1
OR134361	NA-NA	NA	NA-NA	NA	0-2268	1
OR134360	NA-NA	NA	NA-NA	NA	0-2196	1
OR134359	NA-NA	NA	NA-NA	NA	0-2277	1
OR134358	NA-NA	NA	NA-NA	NA	0-2352	1
OR134357	NA-NA	NA	NA-NA	NA	0-2400	1
OR134356	NA-NA	NA	NA-NA	NA	0-2364	1
OR134355	NA-NA	NA	NA-NA	NA	0-2268	1
OR134354	NA-NA	NA	NA-NA	NA	0-2196	1
OR134353	NA-NA	NA	NA-NA	NA	0-2277	1
OR134352	NA-NA	NA	NA-NA	NA	0-2352	1
OR134351	NA-NA	NA	NA-NA	NA	0-2316	1
OR134350	NA-NA	NA	NA-NA	NA	0-2400	1
OR134349	NA-NA	NA	NA-NA	NA	0-2364	1
OR134348	NA-NA	NA	NA-NA	NA	0-2268	1
OR134347	NA-NA	NA	NA-NA	NA	0-2196	1
OR134346	NA-NA	NA	NA-NA	NA	0-2277	1
OR134345	NA-NA	NA	NA-NA	NA	0-2352	1
OR134344	NA-NA	NA	NA-NA	NA	0-2316	1
OR134343	NA-NA	NA	NA-NA	NA	0-2385	1
OR134342	NA-NA	NA	NA-NA	NA	0-2400	1
OR134341	NA-NA	NA	NA-NA	NA	0-2364	1
MW826483	110-2807	1	2932-4294	1	4312-6829	1
MW826482	46-2788	1	2988-4377	1	4291-6646	1
OQ995318	0-226	1	NA-NA	NA	NA-NA	NA
OQ995317	0-226	1	NA-NA	NA	NA-NA	NA
OQ995316	0-226	1	NA-NA	NA	NA-NA	NA
OR350290	0-5595	1	NA-NA	NA	NA-NA	NA
OR350288	0-5634	1	NA-NA	NA	NA-NA	NA
OR350286	0-5358	1	NA-NA	NA	NA-NA	NA
OR350284	0-5745	1	NA-NA	NA	NA-NA	NA
OR350292	NA-NA	NA	0-370	1	NA-NA	NA
OR350291	NA-NA	NA	0-2442	1	NA-NA	NA
OR350289	NA-NA	NA	0-2316	1	NA-NA	NA
OR350287	NA-NA	NA	0-2214	1	NA-NA	NA
OR350285	NA-NA	NA	0-2316	1	NA-NA	NA
OR350283	NA-NA	NA	0-332	1	NA-NA	NA
OR350282	NA-NA	NA	0-750	1	NA-NA	NA
OR350281	NA-NA	NA	0-1983	1	NA-NA	NA
OR350280	NA-NA	NA	0-1926	1	NA-NA	NA
OR350279	NA-NA	NA	0-576	1	NA-NA	NA
OQ870553	13-3045	1	3045-4572	1	4591-6628	1
OR270072	NA-NA	NA	0-3810	1	NA-NA	NA
OR270059	NA-NA	NA	0-2886	1	NA-NA	NA
OR270058	NA-NA	NA	0-962	1	NA-NA	NA
OR270057	NA-NA	NA	1-1446	-1	NA-NA	NA
OR270056	NA-NA	NA	0-213	1	NA-NA	NA
OR270055	NA-NA	NA	1-1631	-1	NA-NA	NA
OR270054	NA-NA	NA	1-810	-1	NA-NA	NA
OR043651	NA-NA	NA	0-753	1	709-3061	1
OR043650	NA-NA	NA	0-753	1	709-3061	1
OR043647	NA-NA	NA	0-732	1	756-2973	1
OR043656	NA-NA	NA	0-726	1	538-3037	1
OR043655	NA-NA	NA	0-726	1	538-3037	1
OR043654	NA-NA	NA	0-726	1	538-3037	1
OR043653	NA-NA	NA	0-726	1	538-2821	1
OR043652	NA-NA	NA	0-723	1	535-3034	1
OR043649	NA-NA	NA	0-726	1	538-3037	1
OR043648	NA-NA	NA	0-726	1	538-3034	1
OP589985	2-689	1	688-2278	1	2237-4760	1
OP589984	NA-NA	NA	NA-NA	NA	0-1443	1
OP589983	NA-NA	NA	NA-NA	NA	1-1735	1
OP589982	NA-NA	NA	NA-NA	NA	0-1851	1
OP589981	NA-NA	NA	0-1131	1	1114-2003	1
OP589980	2-2549	1	2548-4138	1	4097-4783	1
OP589979	1-2593	1	2592-4170	1	4153-6694	1
OP589978	1-2599	1	2598-4173	1	4156-6688	1
OP589977	2-2621	1	2620-4195	1	4178-6707	1
OQ805853	NA-NA	NA	3354-4794	1	4812-6927	1
OQ805852	NA-NA	NA	3357-4797	1	4815-6930	1
OQ787033	80-3185	1	3175-4726	1	4744-6859	1
OQ873517	NA-NA	NA	0-416	1	NA-NA	NA
OQ781001	44-2636	1	2596-4108	1	3953-6302	1
OQ693700	2-2468	1	2422-3985	1	3990-6225	1
OQ606244	1-2734	1	2814-4194	1	4193-6482	1
OQ709181	88-610	1	609-1340	1	NA-NA	NA
OQ709180	70-1720	1	1719-2703	1	NA-NA	NA
OQ709194	NA-NA	NA	58-1159	1	NA-NA	NA
OQ709193	NA-NA	NA	516-7025	1	NA-NA	NA
OQ709192	NA-NA	NA	79-1588	1	NA-NA	NA
OQ709191	NA-NA	NA	201-6465	1	NA-NA	NA
OQ709190	NA-NA	NA	88-2369	1	NA-NA	NA
OQ709189	NA-NA	NA	300-2922	1	NA-NA	NA
OQ709188	NA-NA	NA	161-1621	1	NA-NA	NA
OQ709182	NA-NA	NA	75-1279	1	NA-NA	NA
OP963604	179-1235	1	1204-2446	1	NA-NA	NA
OP963603	NA-NA	NA	25-1582	1	1541-3900	1
OP963602	NA-NA	NA	445-1399	1	1223-1998	1
OP963601	NA-NA	NA	86-1121	1	NA-NA	NA
OP963600	26-2615	1	2461-4072	1	4080-6150	1
MK404649	23-2465	1	2419-3928	1	3815-6170	1
MK404648	10-2476	1	2430-3939	1	3826-6202	1
MK404647	23-2465	1	2419-3928	1	3920-6170	1
MK404646	27-2478	1	2432-3941	1	3831-6195	1
MK404645	40-2314	1	2271-3786	1	3775-5980	1
MK987103	2-2462	1	2413-3988	1	3980-6266	1
MK987102	2-2375	1	2329-3847	1	3836-6053	1
MK987101	1-2323	1	2195-3713	1	3702-5946	1
MK987100	0-2487	1	2438-4013	1	4005-6291	1
MK987099	2-2558	1	2491-4003	1	3995-6419	1
MK211323	91-2626	1	2580-4146	1	4138-6418	1
OP141167	NA-NA	NA	2-284	1	267-311	1
OP141166	NA-NA	NA	2-284	1	NA-NA	NA
OP141160	NA-NA	NA	NA-NA	NA	1-307	1
OP141159	NA-NA	NA	1-423	1	NA-NA	NA
OQ300510	NA-NA	NA	0-714	1	756-3216	1
OQ300509	NA-NA	NA	0-708	1	745-3220	1
OQ300508	NA-NA	NA	0-720	1	743-3290	1
OQ300507	NA-NA	NA	1-730	1	753-3300	1
OQ300506	NA-NA	NA	0-714	1	760-3274	1
OQ300505	NA-NA	NA	2-704	1	746-3227	1
ON400505	50-3305	1	3295-4846	1	4864-6979	1
OQ943923	NA-NA	NA	NA-NA	NA	0-2220	1
OQ943922	NA-NA	NA	NA-NA	NA	0-2220	1
OQ943921	NA-NA	NA	NA-NA	NA	0-2220	1
OQ943920	NA-NA	NA	NA-NA	NA	0-2220	1
OQ943919	NA-NA	NA	NA-NA	NA	0-2268	1
OQ943918	NA-NA	NA	NA-NA	NA	0-2268	1
OQ943917	NA-NA	NA	NA-NA	NA	0-2268	1
OQ943916	NA-NA	NA	NA-NA	NA	0-2268	1
OQ943915	NA-NA	NA	NA-NA	NA	0-2268	1
OQ943914	NA-NA	NA	NA-NA	NA	0-2268	1
OQ943913	NA-NA	NA	NA-NA	NA	0-2268	1
OQ943912	NA-NA	NA	NA-NA	NA	0-2196	1
OQ943911	NA-NA	NA	NA-NA	NA	0-2196	1
OQ943910	NA-NA	NA	NA-NA	NA	0-2196	1
OQ943909	NA-NA	NA	NA-NA	NA	0-2196	1
OQ943908	NA-NA	NA	NA-NA	NA	0-2196	1
OQ943907	NA-NA	NA	NA-NA	NA	0-2196	1
OQ943906	NA-NA	NA	NA-NA	NA	0-2196	1
OQ943905	NA-NA	NA	NA-NA	NA	0-2196	1
OQ943904	NA-NA	NA	NA-NA	NA	0-2196	1
OQ943903	NA-NA	NA	NA-NA	NA	0-2196	1
OQ943902	NA-NA	NA	NA-NA	NA	0-2196	1
OQ943901	NA-NA	NA	NA-NA	NA	0-2277	1
OQ943900	NA-NA	NA	NA-NA	NA	0-2277	1
OQ943899	NA-NA	NA	NA-NA	NA	0-2277	1
OQ943898	NA-NA	NA	NA-NA	NA	0-2277	1
OQ943897	NA-NA	NA	NA-NA	NA	0-2277	1
OQ943896	NA-NA	NA	NA-NA	NA	0-2277	1
OQ943895	NA-NA	NA	NA-NA	NA	0-2277	1
OQ943894	NA-NA	NA	NA-NA	NA	0-2277	1
OQ943893	NA-NA	NA	NA-NA	NA	0-2277	1
OQ943892	NA-NA	NA	NA-NA	NA	0-2271	1
OQ943891	NA-NA	NA	NA-NA	NA	0-2271	1
OQ943890	NA-NA	NA	NA-NA	NA	0-2271	1
OQ943889	NA-NA	NA	NA-NA	NA	0-2271	1
OQ943888	NA-NA	NA	NA-NA	NA	0-2352	1
OQ943887	NA-NA	NA	NA-NA	NA	0-2352	1
OQ943886	NA-NA	NA	NA-NA	NA	0-2352	1
OQ943885	NA-NA	NA	NA-NA	NA	0-2352	1
OQ943884	NA-NA	NA	NA-NA	NA	0-2352	1
OQ943883	NA-NA	NA	NA-NA	NA	0-2352	1
OQ943882	NA-NA	NA	NA-NA	NA	0-2352	1
OQ943881	NA-NA	NA	NA-NA	NA	0-2352	1
OQ943880	NA-NA	NA	NA-NA	NA	0-2352	1
OQ943879	NA-NA	NA	NA-NA	NA	0-2352	1
OQ943878	NA-NA	NA	NA-NA	NA	0-2352	1
OQ943877	NA-NA	NA	NA-NA	NA	0-2316	1
OQ943876	NA-NA	NA	NA-NA	NA	0-2316	1
OQ943875	NA-NA	NA	NA-NA	NA	0-2316	1
OQ943874	NA-NA	NA	NA-NA	NA	0-2316	1
OQ943873	NA-NA	NA	NA-NA	NA	0-2316	1
OQ943872	NA-NA	NA	NA-NA	NA	0-2316	1
OQ943871	NA-NA	NA	NA-NA	NA	0-2316	1
OQ943870	NA-NA	NA	NA-NA	NA	0-2316	1
OQ943869	NA-NA	NA	NA-NA	NA	0-2316	1
OQ943868	NA-NA	NA	NA-NA	NA	0-2316	1
OQ943867	NA-NA	NA	NA-NA	NA	0-2316	1
OQ943866	NA-NA	NA	NA-NA	NA	0-2316	1
OQ943865	NA-NA	NA	NA-NA	NA	0-2316	1
OQ943864	NA-NA	NA	NA-NA	NA	0-2316	1
OQ943863	NA-NA	NA	NA-NA	NA	0-2316	1
OQ943862	NA-NA	NA	NA-NA	NA	0-2400	1
OQ943861	NA-NA	NA	NA-NA	NA	0-2400	1
OQ943860	NA-NA	NA	NA-NA	NA	0-2400	1
OQ943859	NA-NA	NA	NA-NA	NA	0-2364	1
OQ943858	NA-NA	NA	NA-NA	NA	0-2364	1
OQ943857	NA-NA	NA	NA-NA	NA	0-2364	1
OQ943856	NA-NA	NA	NA-NA	NA	0-2364	1
OQ943855	NA-NA	NA	NA-NA	NA	0-2364	1
OQ943854	NA-NA	NA	NA-NA	NA	0-2364	1
OQ943853	NA-NA	NA	NA-NA	NA	0-2364	1
OQ943852	NA-NA	NA	NA-NA	NA	0-2364	1
OQ943851	NA-NA	NA	NA-NA	NA	0-2364	1
OQ943850	NA-NA	NA	NA-NA	NA	0-2364	1
OQ943849	NA-NA	NA	NA-NA	NA	0-2364	1
OQ943848	NA-NA	NA	NA-NA	NA	0-2364	1
OQ943847	NA-NA	NA	NA-NA	NA	0-2364	1
OQ943846	NA-NA	NA	NA-NA	NA	0-2364	1
OQ909424	0-3255	1	3245-4796	1	4814-6929	1
ON382522	38-3293	1	3283-4834	1	4852-6967	1
ON382521	13-3268	1	3258-4809	1	4827-6942	1
ON382520	34-3289	1	3279-4830	1	4848-6963	1
ON382519	43-3298	1	3288-4839	1	4857-6972	1
OQ076692	22-3304	1	3294-4839	1	4868-6983	1
OQ079564	NA-NA	NA	2-375	1	NA-NA	NA
OQ079562	NA-NA	NA	0-367	1	NA-NA	NA
OQ079561	NA-NA	NA	1-249	1	NA-NA	NA
OQ079560	NA-NA	NA	2-367	1	NA-NA	NA
OQ079559	NA-NA	NA	0-401	1	NA-NA	NA
OQ079558	NA-NA	NA	1-404	1	NA-NA	NA
OQ685946	69-3363	1	3344-4904	1	4928-7094	1
OQ685945	21-3063	1	3131-4583	1	4602-6615	1
OP293097	NA-NA	NA	NA-NA	NA	0-1282	1
OQ968312	42-2706	1	2642-4229	1	4218-6414	1
OQ968311	5-2369	1	2305-3841	1	3833-6104	1
OQ968310	14-2378	1	2314-3850	1	3842-6113	1
OQ968309	14-2378	1	2314-3850	1	3842-6113	1
OQ968308	14-2378	1	2314-3850	1	3842-6113	1
OQ968307	84-2847	1	2786-4334	1	4326-6690	1
OQ968306	84-2847	1	2786-4334	1	4326-6690	1
OQ968305	84-2847	1	2786-4334	1	4326-6690	1
OQ968304	83-2846	1	2785-4333	1	4325-6689	1
OQ968303	82-2845	1	2784-4332	1	4324-6688	1
OQ968302	84-2847	1	2786-4334	1	4326-6690	1
OP967012	NA-NA	NA	2-667	1	NA-NA	NA
OP967011	NA-NA	NA	2-667	1	NA-NA	NA
OP967010	NA-NA	NA	2-667	1	NA-NA	NA
OP967009	NA-NA	NA	2-667	1	NA-NA	NA
OP967008	NA-NA	NA	2-667	1	NA-NA	NA
OP967007	NA-NA	NA	2-667	1	NA-NA	NA
OP967006	NA-NA	NA	2-667	1	NA-NA	NA
OP967005	NA-NA	NA	2-667	1	NA-NA	NA
OP967004	NA-NA	NA	2-667	1	NA-NA	NA
OP967003	NA-NA	NA	2-667	1	NA-NA	NA
OP764611	56-3311	1	3301-4852	1	4870-6985	1
OP776630	22-3304	1	3294-4839	1	4868-6983	1
OP776629	18-3273	1	3263-4814	1	4832-6947	1
OM256543	NA-NA	NA	0-330	1	NA-NA	NA
OM256542	NA-NA	NA	0-330	1	NA-NA	NA
OM256541	NA-NA	NA	0-330	1	NA-NA	NA
OM256540	NA-NA	NA	0-330	1	NA-NA	NA
OP696941	NA-NA	NA	0-343	1	NA-NA	NA
OP696940	NA-NA	NA	0-327	1	NA-NA	NA
OP696939	NA-NA	NA	0-336	1	NA-NA	NA
OP696938	NA-NA	NA	0-314	1	NA-NA	NA
OP696937	NA-NA	NA	0-348	1	NA-NA	NA
OP696936	NA-NA	NA	0-359	1	NA-NA	NA
OP696935	NA-NA	NA	0-356	1	NA-NA	NA
OP696934	NA-NA	NA	0-350	1	NA-NA	NA
OP696933	NA-NA	NA	0-359	1	NA-NA	NA
OP696932	NA-NA	NA	0-223	1	NA-NA	NA
OP681161	NA-NA	NA	NA-NA	NA	0-2451	1
OP681160	NA-NA	NA	NA-NA	NA	0-2451	1
OP681159	NA-NA	NA	NA-NA	NA	0-2451	1
OP681158	NA-NA	NA	NA-NA	NA	0-2445	1
OP681157	NA-NA	NA	NA-NA	NA	0-2445	1
OP681156	NA-NA	NA	NA-NA	NA	0-2445	1
OP681155	NA-NA	NA	NA-NA	NA	0-2440	1
OP681154	NA-NA	NA	NA-NA	NA	0-2440	1
OQ599876	NA-NA	NA	2-4238	1	4280-6578	1
OP643782	NA-NA	NA	NA-NA	NA	0-2238	1
OP643781	NA-NA	NA	NA-NA	NA	0-2208	1
OP643780	NA-NA	NA	NA-NA	NA	0-2208	1
OP643779	NA-NA	NA	NA-NA	NA	0-2226	1
OP643778	NA-NA	NA	NA-NA	NA	0-2505	1
OP643777	NA-NA	NA	NA-NA	NA	0-2568	1
OP643776	NA-NA	NA	NA-NA	NA	0-2496	1
OP643775	NA-NA	NA	NA-NA	NA	0-2499	1
OP643774	NA-NA	NA	NA-NA	NA	0-2465	1
OP643773	NA-NA	NA	NA-NA	NA	0-2481	1
OP643772	NA-NA	NA	NA-NA	NA	0-2298	1
OP643771	NA-NA	NA	NA-NA	NA	0-2319	1
OP643770	NA-NA	NA	NA-NA	NA	0-2319	1
OP643769	NA-NA	NA	NA-NA	NA	0-2313	1
OP594725	10-2626	1	10-2671	1	4183-6460	1
OQ633094	NA-NA	NA	NA-NA	NA	0-2271	1
OQ633093	NA-NA	NA	NA-NA	NA	0-2352	1
OQ633092	NA-NA	NA	NA-NA	NA	0-2364	1
LC732194	NA-NA	NA	1-319	1	308-913	1
LC732193	NA-NA	NA	0-327	1	316-921	1
LC732192	NA-NA	NA	1-688	1	680-852	1
LC732191	NA-NA	NA	1-688	1	680-852	1
LC732190	NA-NA	NA	0-663	1	655-833	1
LC732189	NA-NA	NA	2-680	1	672-850	1
LC732188	NA-NA	NA	1-694	1	686-863	1
LC732187	NA-NA	NA	2-626	1	618-796	1
LC732186	NA-NA	NA	1-676	1	668-849	1
LC732185	NA-NA	NA	0-684	1	676-848	1
LC732184	NA-NA	NA	1-691	1	683-859	1
LC732183	NA-NA	NA	1-684	1	680-684	1
LC732182	NA-NA	NA	2-692	1	684-861	1
LC732181	NA-NA	NA	2-674	1	666-843	1
LC732180	NA-NA	NA	2-686	1	678-855	1
LC732179	NA-NA	NA	0-672	1	664-841	1
LC732178	NA-NA	NA	2-686	1	678-855	1
LC732177	NA-NA	NA	2-692	1	684-841	1
LC732176	NA-NA	NA	2-686	1	678-855	1
LC732175	NA-NA	NA	2-686	1	678-855	1
LC732174	NA-NA	NA	0-684	1	676-853	1
LC732173	NA-NA	NA	1-691	1	683-865	1
LC732172	NA-NA	NA	2-692	1	684-861	1
LC732171	NA-NA	NA	2-692	1	684-861	1
LC732170	NA-NA	NA	2-602	1	594-779	1
LC732169	NA-NA	NA	1-691	1	683-860	1
LC732168	NA-NA	NA	1-691	1	683-864	1
LC732167	NA-NA	NA	2-692	1	684-861	1
LC732166	NA-NA	NA	0-684	1	676-853	1
LC732165	NA-NA	NA	1-688	1	680-858	1
LC732164	NA-NA	NA	2-686	1	678-859	1
LC732163	NA-NA	NA	2-692	1	684-861	1
LC732162	NA-NA	NA	1-691	1	683-860	1
LC732161	NA-NA	NA	2-686	1	678-860	1
LC732160	NA-NA	NA	0-693	1	685-866	1
LC732159	NA-NA	NA	0-690	1	682-859	1
LC732158	NA-NA	NA	1-694	1	686-863	1
LC732157	NA-NA	NA	1-694	1	686-863	1
LC732156	NA-NA	NA	0-684	1	676-853	1
LC732155	NA-NA	NA	1-694	1	686-863	1
LC732154	NA-NA	NA	2-680	1	672-849	1
LC732153	NA-NA	NA	1-694	1	686-848	1
LC732152	NA-NA	NA	1-694	1	686-863	1
LC732151	NA-NA	NA	1-694	1	686-863	1
LC732150	NA-NA	NA	1-694	1	686-863	1
LC732149	NA-NA	NA	2-686	1	678-855	1
LC732148	NA-NA	NA	2-686	1	678-855	1
LC732147	NA-NA	NA	1-697	1	689-862	1
LC732146	NA-NA	NA	1-252	1	NA-NA	NA
LC732145	NA-NA	NA	1-697	1	689-866	1
LC732144	NA-NA	NA	0-696	1	688-865	1
LC732143	NA-NA	NA	1-694	1	686-863	1
LC732142	NA-NA	NA	1-697	1	689-866	1
LC732141	NA-NA	NA	2-683	1	675-852	1
LC732140	NA-NA	NA	1-694	1	686-863	1
LC732139	NA-NA	NA	2-686	1	678-855	1
LC732138	NA-NA	NA	2-686	1	678-855	1
LC732137	NA-NA	NA	2-686	1	678-851	1
LC732136	NA-NA	NA	0-684	1	676-853	1
LC732135	NA-NA	NA	2-683	1	675-857	1
LC732134	NA-NA	NA	2-686	1	678-855	1
LC732133	NA-NA	NA	1-688	1	680-857	1
LC732132	NA-NA	NA	0-684	1	676-853	1
LC732131	NA-NA	NA	1-694	1	686-863	1
LC732130	NA-NA	NA	1-694	1	686-863	1
LC732129	NA-NA	NA	1-694	1	686-863	1
LC732128	NA-NA	NA	1-694	1	686-863	1
LC732127	NA-NA	NA	0-690	1	682-859	1
LC732126	NA-NA	NA	1-694	1	686-868	1
LC732125	0-2325	1	2261-3797	1	3789-6033	1
LC732124	0-2760	1	2699-4247	1	4239-6610	1
LC732123	0-2763	1	2702-4250	1	4242-6627	1
LC732122	0-2763	1	2702-4250	1	4242-6627	1
OQ615871	NA-NA	NA	NA-NA	NA	0-2466	1
OQ615870	NA-NA	NA	NA-NA	NA	0-2454	1
OQ615869	NA-NA	NA	NA-NA	NA	0-2445	1
OQ615868	NA-NA	NA	NA-NA	NA	0-2445	1
OQ615867	NA-NA	NA	NA-NA	NA	0-2445	1
OP221744	NA-NA	NA	NA-NA	NA	0-2124	1
OP221743	NA-NA	NA	NA-NA	NA	0-2115	1
OP221742	NA-NA	NA	NA-NA	NA	0-2115	1
OP221741	NA-NA	NA	NA-NA	NA	0-2115	1
OP221740	NA-NA	NA	NA-NA	NA	0-2115	1
OP221739	NA-NA	NA	NA-NA	NA	0-2115	1
OP221738	NA-NA	NA	NA-NA	NA	0-2115	1
OP221737	NA-NA	NA	NA-NA	NA	0-2115	1
OP221736	NA-NA	NA	NA-NA	NA	0-2115	1
OP221735	NA-NA	NA	NA-NA	NA	0-2115	1
OP221734	NA-NA	NA	NA-NA	NA	0-2115	1
OP221733	NA-NA	NA	NA-NA	NA	0-2115	1
OP221732	NA-NA	NA	NA-NA	NA	0-2115	1
OP221731	NA-NA	NA	NA-NA	NA	0-2115	1
OP221730	NA-NA	NA	NA-NA	NA	0-2115	1
OP221729	NA-NA	NA	NA-NA	NA	0-2115	1
OP221728	NA-NA	NA	NA-NA	NA	0-2115	1
LC732014	NA-NA	NA	2-695	1	687-1006	1
LC732013	NA-NA	NA	1-310	1	302-652	1
LC732012	NA-NA	NA	1-697	1	689-1261	1
LC732011	NA-NA	NA	2-710	1	702-1255	1
LC732010	NA-NA	NA	0-672	1	664-1230	1
LC732009	NA-NA	NA	1-709	1	701-1276	1
LC732008	NA-NA	NA	2-710	1	702-1272	1
LC732007	NA-NA	NA	1-709	1	701-1254	1
LC732006	NA-NA	NA	1-697	1	689-1044	1
LC732005	NA-NA	NA	2-710	1	702-1281	1
LC732004	NA-NA	NA	2-710	1	702-1277	1
LC732003	NA-NA	NA	2-704	1	696-1266	1
LC732002	NA-NA	NA	2-701	1	693-1005	1
LC732001	NA-NA	NA	2-704	1	696-1248	1
LC732000	NA-NA	NA	2-704	1	696-1265	1
LC731999	NA-NA	NA	1-697	1	689-1003	1
LC731998	NA-NA	NA	2-704	1	696-1265	1
LC731997	NA-NA	NA	2-704	1	696-1271	1
LC731996	NA-NA	NA	2-704	1	696-1271	1
LC731995	NA-NA	NA	1-709	1	701-1241	1
LC731994	NA-NA	NA	2-701	1	693-1212	1
LC731993	NA-NA	NA	2-695	1	687-1197	1
LC731992	NA-NA	NA	1-697	1	689-1035	1
LC731991	NA-NA	NA	1-697	1	689-1045	1
LC731990	NA-NA	NA	2-704	1	696-1270	1
LC731989	NA-NA	NA	0-693	1	685-1042	1
LC731988	NA-NA	NA	1-697	1	689-1264	1
LC731987	NA-NA	NA	0-312	1	304-652	1
LC731986	NA-NA	NA	1-700	1	692-1006	1
LC731985	NA-NA	NA	2-704	1	696-1270	1
LC731984	NA-NA	NA	1-697	1	689-1229	1
LC731983	NA-NA	NA	2-695	1	687-1262	1
LC731982	NA-NA	NA	1-697	1	689-1056	1
LC731981	NA-NA	NA	1-697	1	689-1256	1
LC731980	NA-NA	NA	2-704	1	696-1209	1
LC731979	NA-NA	NA	2-704	1	696-1250	1
LC731978	NA-NA	NA	1-709	1	701-1255	1
LC731977	NA-NA	NA	2-695	1	687-1043	1
LC731976	NA-NA	NA	2-695	1	687-1262	1
LC731975	NA-NA	NA	1-697	1	689-1262	1
LC731974	NA-NA	NA	1-697	1	689-1264	1
LC731973	NA-NA	NA	2-701	1	693-1257	1
LC731972	NA-NA	NA	2-704	1	696-1269	1
LC731971	NA-NA	NA	2-704	1	696-1266	1
LC731970	NA-NA	NA	2-710	1	702-1250	1
LC731969	NA-NA	NA	2-710	1	702-1275	1
LC731968	NA-NA	NA	2-704	1	696-956	1
LC731967	NA-NA	NA	2-701	1	693-1268	1
LC731966	NA-NA	NA	1-709	1	701-1226	1
LC731965	NA-NA	NA	2-701	1	693-1263	1
LC731964	NA-NA	NA	1-709	1	701-1255	1
LC731963	NA-NA	NA	2-710	1	702-1268	1
LC731962	NA-NA	NA	2-680	1	672-1249	1
OP094602	1-2557	1	2361-3888	1	3893-6050	1
ON982163	400-3766	1	4056-6747	1	NA-NA	NA
OP272633	0-2562	1	2594-5054	1	5047-7225	1
OQ198049	NA-NA	NA	NA-NA	NA	4131-6642	1
OP169001	70-3490	1	3471-5031	1	5055-7269	1
OP179660	9-3264	1	3254-4805	1	4823-6938	1
OQ543105	0-984	1	NA-NA	NA	NA-NA	NA
OQ543104	0-984	1	NA-NA	NA	NA-NA	NA
OQ543103	0-984	1	NA-NA	NA	NA-NA	NA
OQ543102	0-1140	1	NA-NA	NA	NA-NA	NA
OQ543101	0-1140	1	NA-NA	NA	NA-NA	NA
OQ543100	0-1140	1	NA-NA	NA	NA-NA	NA
OQ543099	0-1140	1	NA-NA	NA	NA-NA	NA
OQ543098	0-1140	1	NA-NA	NA	NA-NA	NA
OQ543097	0-1140	1	NA-NA	NA	NA-NA	NA
OQ543096	0-1140	1	NA-NA	NA	NA-NA	NA
OQ543095	0-1140	1	NA-NA	NA	NA-NA	NA
OQ543094	0-1083	1	NA-NA	NA	NA-NA	NA
OQ543093	0-1140	1	NA-NA	NA	NA-NA	NA
OQ543092	0-1140	1	NA-NA	NA	NA-NA	NA
OQ543091	0-1140	1	NA-NA	NA	NA-NA	NA
OQ543090	0-1053	1	NA-NA	NA	NA-NA	NA
OQ543089	0-1140	1	NA-NA	NA	NA-NA	NA
OQ543088	0-1140	1	NA-NA	NA	NA-NA	NA
OQ543087	0-1140	1	NA-NA	NA	NA-NA	NA
OQ543086	0-1017	1	NA-NA	NA	NA-NA	NA
OQ543085	0-1140	1	NA-NA	NA	NA-NA	NA
OQ543084	0-1140	1	NA-NA	NA	NA-NA	NA
OQ543083	0-750	1	NA-NA	NA	NA-NA	NA
OQ543082	0-750	1	NA-NA	NA	NA-NA	NA
OQ543081	0-750	1	NA-NA	NA	NA-NA	NA
OQ543080	0-750	1	NA-NA	NA	NA-NA	NA
OQ543079	0-750	1	NA-NA	NA	NA-NA	NA
OQ543078	0-750	1	NA-NA	NA	NA-NA	NA
OQ543077	0-750	1	NA-NA	NA	NA-NA	NA
OQ543076	0-750	1	NA-NA	NA	NA-NA	NA
OQ543075	0-750	1	NA-NA	NA	NA-NA	NA
OQ543074	0-750	1	NA-NA	NA	NA-NA	NA
OQ543073	0-750	1	NA-NA	NA	NA-NA	NA
OQ543072	0-750	1	NA-NA	NA	NA-NA	NA
OQ543071	0-750	1	NA-NA	NA	NA-NA	NA
OQ543070	0-750	1	NA-NA	NA	NA-NA	NA
OQ543069	0-750	1	NA-NA	NA	NA-NA	NA
OQ543068	0-750	1	NA-NA	NA	NA-NA	NA
OQ543067	0-750	1	NA-NA	NA	NA-NA	NA
OQ543066	0-750	1	NA-NA	NA	NA-NA	NA
OQ543065	0-750	1	NA-NA	NA	NA-NA	NA
OQ543064	0-750	1	NA-NA	NA	NA-NA	NA
OQ543063	0-750	1	NA-NA	NA	NA-NA	NA
OQ543062	0-249	1	NA-NA	NA	NA-NA	NA
OQ543061	0-750	1	NA-NA	NA	NA-NA	NA
OQ543060	0-747	1	NA-NA	NA	NA-NA	NA
OQ543059	0-750	1	NA-NA	NA	NA-NA	NA
OQ543058	0-750	1	NA-NA	NA	NA-NA	NA
OQ543057	0-750	1	NA-NA	NA	NA-NA	NA
OQ543056	0-729	1	NA-NA	NA	NA-NA	NA
OQ543055	0-750	1	NA-NA	NA	NA-NA	NA
OQ543054	0-750	1	NA-NA	NA	NA-NA	NA
OQ543053	0-750	1	NA-NA	NA	NA-NA	NA
OQ543052	0-750	1	NA-NA	NA	NA-NA	NA
OQ543051	0-750	1	NA-NA	NA	NA-NA	NA
OQ543050	0-750	1	NA-NA	NA	NA-NA	NA
OQ543049	0-750	1	NA-NA	NA	NA-NA	NA
OQ543048	0-750	1	NA-NA	NA	NA-NA	NA
OQ543047	0-750	1	NA-NA	NA	NA-NA	NA
OQ543046	0-750	1	NA-NA	NA	NA-NA	NA
OQ543045	0-750	1	NA-NA	NA	NA-NA	NA
OQ543044	0-750	1	NA-NA	NA	NA-NA	NA
OQ543043	0-750	1	NA-NA	NA	NA-NA	NA
OQ543042	0-750	1	NA-NA	NA	NA-NA	NA
OQ543041	0-750	1	NA-NA	NA	NA-NA	NA
OQ543040	0-750	1	NA-NA	NA	NA-NA	NA
OQ543039	0-750	1	NA-NA	NA	NA-NA	NA
OQ543038	0-750	1	NA-NA	NA	NA-NA	NA
OQ543037	0-750	1	NA-NA	NA	NA-NA	NA
OQ543036	0-750	1	NA-NA	NA	NA-NA	NA
OQ543035	0-750	1	NA-NA	NA	NA-NA	NA
OQ543034	0-747	1	NA-NA	NA	NA-NA	NA
OQ543033	0-750	1	NA-NA	NA	NA-NA	NA
OQ543032	0-750	1	NA-NA	NA	NA-NA	NA
OQ543031	0-750	1	NA-NA	NA	NA-NA	NA
OQ543030	0-750	1	NA-NA	NA	NA-NA	NA
OQ543029	0-750	1	NA-NA	NA	NA-NA	NA
OQ543028	0-750	1	NA-NA	NA	NA-NA	NA
OQ543027	0-750	1	NA-NA	NA	NA-NA	NA
OQ543026	0-750	1	NA-NA	NA	NA-NA	NA
OQ543025	0-750	1	NA-NA	NA	NA-NA	NA
OQ543024	0-750	1	NA-NA	NA	NA-NA	NA
OQ543023	0-750	1	NA-NA	NA	NA-NA	NA
OQ543022	0-750	1	NA-NA	NA	NA-NA	NA
OQ543021	0-750	1	NA-NA	NA	NA-NA	NA
OQ543020	0-750	1	NA-NA	NA	NA-NA	NA
OQ543019	0-750	1	NA-NA	NA	NA-NA	NA
OQ543018	0-750	1	NA-NA	NA	NA-NA	NA
OQ543017	0-750	1	NA-NA	NA	NA-NA	NA
OQ543016	0-750	1	NA-NA	NA	NA-NA	NA
OQ543015	0-750	1	NA-NA	NA	NA-NA	NA
OQ543014	0-720	1	NA-NA	NA	NA-NA	NA
ON807354	0-2052	1	2432-3539	1	3351-5895	1
ON807353	0-1674	1	3726-6078	1	2345-3734	1
ON807352	0-2763	1	3143-4250	1	4242-6448	1
ON807351	0-2766	1	3146-4253	1	4245-6428	1
ON807350	0-2766	1	3146-4253	1	4245-6535	1
ON807349	0-2766	1	3146-4253	1	4245-6519	1
ON807348	NA-NA	NA	0-4254	1	4246-6583	1
ON807347	0-2808	1	3188-4295	1	4107-6651	1
ON807346	0-2766	1	3146-4253	1	4245-6582	1
ON807345	0-2784	1	3164-4271	1	4263-6648	1
ON807344	0-2784	1	3164-4271	1	4263-6648	1
ON807320	0-2295	1	2309-3782	1	3774-5989	1
ON807319	0-2298	1	2312-3770	1	3642-6000	1
ON807318	0-2766	1	NA-NA	NA	4245-6582	1
ON886356	NA-NA	NA	0-483	1	NA-NA	NA
ON886355	NA-NA	NA	0-501	1	NA-NA	NA
ON886354	NA-NA	NA	0-516	1	NA-NA	NA
ON886353	NA-NA	NA	0-516	1	NA-NA	NA
ON886352	NA-NA	NA	0-541	1	NA-NA	NA
ON886351	NA-NA	NA	0-552	1	NA-NA	NA
ON886350	NA-NA	NA	0-552	1	NA-NA	NA
ON886349	NA-NA	NA	0-543	1	NA-NA	NA
ON886348	NA-NA	NA	0-546	1	NA-NA	NA
ON886347	NA-NA	NA	0-555	1	NA-NA	NA
ON886346	NA-NA	NA	0-540	1	NA-NA	NA
ON886345	NA-NA	NA	0-546	1	NA-NA	NA
ON886344	NA-NA	NA	0-553	1	NA-NA	NA
ON886343	NA-NA	NA	0-546	1	NA-NA	NA
ON886342	NA-NA	NA	0-582	1	NA-NA	NA
ON886341	NA-NA	NA	0-543	1	NA-NA	NA
ON886340	NA-NA	NA	0-549	1	NA-NA	NA
ON886339	NA-NA	NA	0-553	1	NA-NA	NA
ON886338	NA-NA	NA	0-549	1	NA-NA	NA
ON886337	NA-NA	NA	0-552	1	NA-NA	NA
ON886336	NA-NA	NA	0-561	1	NA-NA	NA
ON886335	NA-NA	NA	0-555	1	NA-NA	NA
ON886334	NA-NA	NA	0-552	1	NA-NA	NA
ON886333	NA-NA	NA	0-564	1	NA-NA	NA
ON886332	NA-NA	NA	0-603	1	NA-NA	NA
ON886331	NA-NA	NA	0-579	1	NA-NA	NA
ON886330	NA-NA	NA	0-579	1	NA-NA	NA
ON932808	NA-NA	NA	NA-NA	NA	0-1242	1
ON932807	NA-NA	NA	0-1372	1	NA-NA	NA
ON932806	NA-NA	NA	0-3870	1	4159-4717	1
ON932805	NA-NA	NA	0-1467	1	1423-3833	1
OQ630461	2-2741	1	2668-4228	1	4220-6387	1
OP292324	NA-NA	NA	NA-NA	NA	0-383	1
OP292323	NA-NA	NA	NA-NA	NA	0-383	1
OP292322	NA-NA	NA	NA-NA	NA	0-383	1
OP292321	NA-NA	NA	NA-NA	NA	0-383	1
OP292320	NA-NA	NA	NA-NA	NA	0-383	1
OP292319	NA-NA	NA	NA-NA	NA	0-383	1
OP621341	10-3265	1	3255-4806	1	4824-6939	1
OP621340	10-3265	1	3255-4806	1	4824-6939	1
OP621339	10-3265	1	3255-4806	1	4824-6939	1
OP621338	10-3265	1	3255-4806	1	4824-6939	1
OP621337	10-3265	1	3255-4806	1	4824-6939	1
OP621336	10-3265	1	3255-4806	1	4824-6939	1
OP621335	10-3265	1	3255-4806	1	4824-6939	1
OP621334	10-3265	1	3255-4806	1	4824-6939	1
OP621333	10-3265	1	3255-4806	1	4824-6939	1
OP621332	10-3265	1	3255-4806	1	4824-6939	1
OP621331	10-3265	1	3255-4806	1	4824-6939	1
OP621330	10-3265	1	3255-4806	1	4824-6939	1
OP484924	10-3265	1	3255-4806	1	4824-6939	1
OP484923	10-3265	1	3255-4806	1	4824-6939	1
ON682302	33-2484	1	NA-NA	NA	3891-6123	1
ON682301	32-2483	1	NA-NA	NA	3890-6125	1
ON682300	38-2489	1	NA-NA	NA	3815-6125	1
ON682296	11-2345	1	NA-NA	NA	3755-6056	1
ON682295	35-2489	1	NA-NA	NA	3944-6221	1
ON682293	100-2554	1	NA-NA	NA	3961-6271	1
ON682292	33-2487	1	NA-NA	NA	3894-6207	1
ON682291	31-2482	1	NA-NA	NA	3889-6121	1
ON682290	34-2488	1	NA-NA	NA	3895-6208	1
ON682289	88-2542	1	NA-NA	NA	3949-6262	1
ON682288	32-2483	1	NA-NA	NA	3890-6113	1
ON682287	3895-6208	1	NA-NA	NA	NA-NA	NA
ON682286	15-2349	1	NA-NA	NA	3759-6039	1
ON682285	33-2484	1	NA-NA	NA	3810-6120	1
ON682283	33-2484	1	NA-NA	NA	3810-6129	1
ON682282	26-2552	1	NA-NA	NA	4007-6221	1
ON682281	92-2543	1	NA-NA	NA	3950-6185	1
ON682278	72-2526	1	NA-NA	NA	3933-6234	1
ON682276	37-2491	1	NA-NA	NA	3898-6211	1
ON682275	142-2593	1	NA-NA	NA	4000-6235	1
ON682272	22-2554	1	NA-NA	NA	3961-6274	1
ON595954	NA-NA	NA	1-782	-1	NA-NA	NA
ON595953	NA-NA	NA	NA-NA	NA	0-2076	1
ON595952	NA-NA	NA	0-1587	1	NA-NA	NA
ON595951	0-2994	1	NA-NA	NA	NA-NA	NA
ON595950	NA-NA	NA	NA-NA	NA	0-1890	1
ON595949	NA-NA	NA	0-1458	1	NA-NA	NA
ON595948	0-3270	1	NA-NA	NA	NA-NA	NA
ON595947	NA-NA	NA	NA-NA	NA	0-1908	1
ON595946	NA-NA	NA	0-1473	1	NA-NA	NA
ON595945	0-3231	1	NA-NA	NA	NA-NA	NA
ON595944	NA-NA	NA	NA-NA	NA	0-1908	1
ON595943	NA-NA	NA	0-1473	1	NA-NA	NA
ON595942	0-3231	1	NA-NA	NA	NA-NA	NA
ON595941	NA-NA	NA	NA-NA	NA	0-1905	1
ON595940	NA-NA	NA	0-1422	1	NA-NA	NA
ON595939	0-3231	1	NA-NA	NA	NA-NA	NA
ON595938	NA-NA	NA	NA-NA	NA	0-1905	1
ON595937	NA-NA	NA	0-1422	1	NA-NA	NA
ON595936	0-3231	1	NA-NA	NA	NA-NA	NA
OP851369	NA-NA	NA	2-344	1	NA-NA	NA
OP851368	NA-NA	NA	0-362	1	NA-NA	NA
ON979523	0-2754	1	2693-4241	1	4233-6597	1
ON979522	0-2760	1	2699-4247	1	4239-6603	1
ON979521	0-2757	1	2696-4244	1	4236-6600	1
ON954324	59-3314	1	3304-4855	1	4873-6988	1
ON954170	NA-NA	NA	0-483	1	NA-NA	NA
ON954169	NA-NA	NA	0-174	1	NA-NA	NA
OP482094	85-2884	1	2823-4371	1	4363-6715	1
OP482093	85-2884	1	2823-4371	1	4363-6715	1
OQ198051	287-2741	1	2695-4204	1	4148-6470	1
OQ198050	620-2720	1	2674-4183	1	4127-6368	1
OQ198048	360-2514	1	2480-3986	1	NA-NA	NA
OQ198047	200-3389	1	3340-4876	1	4865-7385	1
OQ198046	279-2613	1	2570-4085	1	4074-6321	1
OQ198045	18-2736	1	2687-4223	1	4035-6528	1
OQ198044	15-2337	1	2300-3818	1	NA-NA	NA
OQ198043	270-2604	1	2561-4076	1	4065-6312	1
OQ198042	385-2836	1	2790-4299	1	4243-6478	1
OQ198041	178-2935	1	2886-4422	1	4234-6736	1
OQ198040	5-2762	1	2713-4249	1	4061-6563	1
OQ198039	44-2762	1	2713-4249	1	3977-6554	1
OQ198038	1363-4120	1	4071-5607	1	5419-7921	1
OQ198037	NA-NA	NA	NA-NA	NA	5784-8295	1
OQ198036	NA-NA	NA	NA-NA	NA	4394-6905	1
OQ198035	213-2931	1	2882-4418	1	4230-6723	1
OQ198034	NA-NA	NA	NA-NA	NA	4127-6638	1
OQ198033	190-2875	1	2832-4362	1	4174-6652	1
ON885952	33-2487	1	2441-3950	1	3894-6094	1
ON885951	16-2470	1	2418-3936	1	3928-6151	1
ON885950	16-2470	1	2418-3936	1	3928-6151	1
ON885949	16-2473	1	2421-3969	1	5902-7714	1
OM469246	NA-NA	NA	2-737	1	761-2780	1
OM469245	17-3437	1	3418-4978	1	5002-7234	1
OM469244	30-3450	1	3431-4991	1	5015-7045	1
OM469243	1-2287	1	2268-3828	1	3852-6027	1
OM469242	21-3441	1	3422-4982	1	5006-7223	1
OM469241	NA-NA	NA	403-1963	1	1987-3873	1
OM469240	22-3442	1	3423-4983	1	5008-7225	1
OM469239	18-3438	1	3419-4979	1	5003-7220	1
OM469238	13-3484	1	3465-5025	1	5049-7116	1
OM469237	0-1560	1	1559-3083	1	3102-5130	1
OM469236	14-3044	1	3043-4567	1	4586-6620	1
OM469235	19-3049	1	3048-4572	1	4591-6625	1
OM469234	6-3036	1	3035-4559	1	4578-6612	1
OM469233	21-3051	1	3050-4574	1	4593-6627	1
OM469232	13-3043	1	3042-4566	1	4585-6619	1
OM469231	14-3053	1	3052-4576	1	4595-6626	1
OM469230	0-2274	1	2273-3797	1	3816-5847	1
OM469229	5-3044	1	3043-4567	1	4586-6617	1
OP556137	0-3255	1	3245-4796	1	4814-6929	1
OP331312	14-2348	1	2305-3820	1	3809-6032	1
ON624279	14-2348	1	2311-3820	1	3809-6044	1
ON624264	33-2487	1	2459-3950	1	3894-6077	1
ON624259	31-2482	1	2481-3945	1	3889-6023	1
ON624284	32-2486	1	2446-3949	1	3893-6209	1
ON624283	31-2482	1	2460-3945	1	3889-6121	1
ON624282	37-2491	1	2424-3954	1	3898-6211	1
ON624281	31-2485	1	2463-3948	1	3892-6214	1
ON624280	35-2489	1	2458-3952	1	3944-6230	1
ON624278	34-2488	1	2448-3951	1	3895-6187	1
ON624277	34-2488	1	2448-3951	1	3895-6277	1
ON624276	33-2487	1	2459-3950	1	3894-6207	1
ON624275	34-2488	1	2442-3951	1	3895-6208	1
ON624274	32-2483	1	2479-3946	1	3890-6113	1
ON624273	33-2487	1	2459-3950	1	3894-6198	1
ON624272	37-2491	1	2463-3954	1	3898-6211	1
ON624271	18-2352	1	2675-3824	1	3813-6036	1
ON624270	31-2482	1	2436-3945	1	3889-6121	1
ON624269	27-2481	1	2435-3944	1	3888-6210	1
ON624268	36-2490	1	2444-3953	1	3945-6231	1
ON624267	100-2554	1	2508-4017	1	3961-6274	1
ON624266	36-2490	1	2444-3953	1	3897-6216	1
ON624265	94-2548	1	2502-4011	1	3955-6268	1
ON624263	12-2349	1	2672-3821	1	3810-6048	1
ON624262	78-2529	1	2525-3992	1	3936-6159	1
ON624261	12-2346	1	2759-3818	1	3807-6045	1
ON624260	21-2355	1	2678-3827	1	3816-6039	1
ON624258	36-2484	1	2483-3947	1	3891-6120	1
ON624257	43-2380	1	2379-3852	1	3790-6070	1
ON624256	80-2417	1	2416-3889	1	3827-6107	1
ON624255	33-2487	1	2441-3950	1	3894-6207	1
ON624254	11-2345	1	2344-3817	1	3806-6047	1
ON624253	14-2351	1	2347-3823	1	3761-6041	1
ON624252	28-2554	1	2553-4026	1	4009-6223	1
ON624251	12-2349	1	2303-3821	1	3759-6039	1
ON669289	2-289	1	NA-NA	NA	NA-NA	NA
ON669288	2-289	1	NA-NA	NA	NA-NA	NA
ON669287	2-289	1	NA-NA	NA	NA-NA	NA
ON669286	2-289	1	NA-NA	NA	NA-NA	NA
ON669285	2-289	1	NA-NA	NA	NA-NA	NA
ON669284	2-289	1	NA-NA	NA	NA-NA	NA
ON571598	80-2843	1	2782-4330	1	4322-6638	1
ON571597	83-2891	1	2830-4378	1	4370-6734	1
ON571596	83-2891	1	2830-4378	1	4370-6734	1
ON571595	78-2877	1	2816-4364	1	4356-6708	1
ON571594	82-2884	1	2823-4371	1	4363-6727	1
OM892279	1-2662	1	2682-4110	1	NA-NA	NA
OM892278	NA-NA	NA	0-1167	1	NA-NA	NA
ON552247	0-1761	1	1712-3233	1	3222-5349	1
ON391462	NA-NA	NA	NA-NA	NA	30-2508	1
ON376722	13-3268	1	3258-4809	1	4827-6942	1
OP076766	42-2517	1	2471-3980	1	3972-6273	1
OP076765	39-2511	1	2465-3974	1	3966-6249	1
OP076764	NA-NA	NA	0-372	1	NA-NA	NA
OP076763	NA-NA	NA	0-372	1	NA-NA	NA
OP076762	NA-NA	NA	0-372	1	NA-NA	NA
OP076761	NA-NA	NA	0-372	1	NA-NA	NA
OP076760	NA-NA	NA	0-372	1	NA-NA	NA
OP076759	NA-NA	NA	0-372	1	NA-NA	NA
OP076758	NA-NA	NA	0-372	1	NA-NA	NA
OP076757	NA-NA	NA	0-372	1	NA-NA	NA
OP076756	NA-NA	NA	0-372	1	NA-NA	NA
OP076755	NA-NA	NA	0-372	1	NA-NA	NA
OP076754	NA-NA	NA	0-372	1	NA-NA	NA
OP076753	NA-NA	NA	0-372	1	NA-NA	NA
OP076752	NA-NA	NA	0-366	1	NA-NA	NA
OP076751	NA-NA	NA	0-366	1	NA-NA	NA
OP076750	10-2485	1	2439-3948	1	3940-6241	1
OP076749	17-2492	1	2446-3955	1	3947-6248	1
OP076748	21-2496	1	2450-3959	1	3951-6213	1
OP076747	0-2475	1	2429-3938	1	3930-6207	1
OP076746	0-1587	1	1541-3050	1	3042-5319	1
OP076745	NA-NA	NA	2-1274	1	1266-3534	1
OP076744	2-1598	1	1552-3061	1	3053-5354	1
OP076743	NA-NA	NA	0-723	1	715-3010	1
ON205965	10-3265	1	3255-4806	1	4824-6939	1
OM811458	18-3273	1	3263-4814	1	4832-6947	1
ON191568	39-2373	1	2324-3845	1	3834-6045	1
OP820521	0-846	1	NA-NA	NA	NA-NA	NA
ON156528	18-3273	1	3263-4814	1	4832-6947	1
ON964512	13-3058	1	3051-4578	1	4597-6637	1
OP432301	53-2816	1	2755-4303	1	4295-6611	1
OP432300	53-2816	1	2755-4303	1	4295-6611	1
OP432299	53-2816	1	2755-4303	1	4295-6611	1
OP432298	53-2816	1	2755-4303	1	4295-6611	1
OP432297	53-2816	1	2755-4303	1	4295-6611	1
OP432296	53-2816	1	2755-4303	1	4295-6611	1
OP432295	53-2816	1	2755-4303	1	4295-6611	1
OP432294	53-2816	1	2755-4303	1	4295-6611	1
OP432293	53-2816	1	2755-4303	1	4295-6611	1
MW450837	61-1777	1	1773-3306	1	3289-5659	1
OQ110736	46-2848	1	2787-4335	1	4327-6679	1
OQ110735	46-2848	1	2787-4335	1	4327-6679	1
OQ110734	43-2845	1	2784-4332	1	4324-6676	1
OQ110733	39-2841	1	2780-4328	1	4320-6672	1
OQ110732	45-2847	1	2786-4334	1	4326-6678	1
OQ110731	41-2843	1	2782-4330	1	4322-6674	1
OP381862	NA-NA	NA	0-285	1	277-771	1
OP381861	NA-NA	NA	2-287	1	279-774	1
OP381860	NA-NA	NA	2-287	1	279-774	1
OP381859	NA-NA	NA	2-266	1	258-553	1
OP381858	NA-NA	NA	1-286	1	278-771	1
OP381857	NA-NA	NA	1-286	1	278-773	1
OP381855	NA-NA	NA	2-287	1	279-602	1
OP381854	NA-NA	NA	1-286	1	278-731	1
OP381853	NA-NA	NA	0-288	1	280-774	1
OP381852	NA-NA	NA	1-280	1	272-777	1
OP381850	NA-NA	NA	2-287	1	279-774	1
OP381849	NA-NA	NA	0-288	1	280-777	1
OP381848	NA-NA	NA	0-288	1	280-778	1
OP381847	NA-NA	NA	1-289	1	281-774	1
OP381846	NA-NA	NA	0-249	1	241-738	1
OP381845	NA-NA	NA	2-254	1	246-748	1
OP381844	NA-NA	NA	2-290	1	282-779	1
OP381843	NA-NA	NA	1-286	1	278-773	1
OP381842	NA-NA	NA	1-286	1	278-773	1
OP381841	NA-NA	NA	2-287	1	279-774	1
OP381840	NA-NA	NA	2-293	1	285-787	1
OP381839	NA-NA	NA	2-287	1	279-774	1
OP381838	NA-NA	NA	1-286	1	278-772	1
OP381837	NA-NA	NA	0-240	1	229-675	1
OP381836	NA-NA	NA	2-287	1	279-774	1
OP381835	NA-NA	NA	0-297	1	289-785	1
OP381834	NA-NA	NA	0-288	1	280-776	1
OP381832	NA-NA	NA	2-287	1	279-766	1
OP381830	NA-NA	NA	2-287	1	279-774	1
OP381829	NA-NA	NA	2-287	1	279-774	1
OP381828	NA-NA	NA	0-288	1	280-778	1
OP381826	NA-NA	NA	0-285	1	277-759	1
OP381824	NA-NA	NA	2-287	1	279-781	1
OP381823	NA-NA	NA	0-285	1	277-785	1
ON745304	18-3273	1	3263-4814	1	4832-6947	1
OM937013	18-3273	1	3263-4814	1	4832-6947	1
OP413962	NA-NA	NA	NA-NA	NA	1274-3398	1
OP413949	NA-NA	NA	NA-NA	NA	1393-3826	1
OP413966	45-2538	1	NA-NA	NA	3888-6336	1
OP413965	2-2645	1	NA-NA	NA	4082-6473	1
OP413963	1-2419	1	NA-NA	NA	3826-5877	1
OP413960	7-2500	1	NA-NA	NA	3850-6280	1
OP413959	46-2596	1	NA-NA	NA	4033-6601	1
OP413958	0-2649	1	NA-NA	NA	4086-6314	1
OP413957	50-2600	1	NA-NA	NA	4037-6470	1
OP413956	0-2589	1	2609-4061	1	NA-NA	NA
OP413955	9-2484	1	NA-NA	NA	3891-6195	1
OP413954	0-2556	1	NA-NA	NA	3993-6546	1
OP413953	5-2636	1	NA-NA	NA	4073-6581	1
OP413951	35-2585	1	NA-NA	NA	4022-6391	1
OP413950	28-2620	1	2640-4092	1	NA-NA	NA
OP413948	1-2494	1	NA-NA	NA	3949-6244	1
OP413947	26-2501	1	NA-NA	NA	3908-6281	1
OP413946	2-2414	1	NA-NA	NA	4520-6896	1
OP413945	13-2506	1	NA-NA	NA	3913-6217	1
OP413942	43-2593	1	NA-NA	NA	4030-6544	1
OP413941	35-2510	1	NA-NA	NA	3917-6326	1
MT981054	NA-NA	NA	NA-NA	NA	0-222	1
MT981053	NA-NA	NA	NA-NA	NA	1-222	1
MT981052	NA-NA	NA	NA-NA	NA	2-218	1
ON595840	NA-NA	NA	NA-NA	NA	1-820	1
ON595839	NA-NA	NA	NA-NA	NA	1-1158	1
OL762473	13-3268	1	3261-4809	1	4827-6942	1
ON595841	NA-NA	NA	1-574	1	NA-NA	NA
ON595838	NA-NA	NA	2-640	1	NA-NA	NA
ON595837	NA-NA	NA	NA-NA	NA	0-1915	1
ON595836	NA-NA	NA	0-607	1	NA-NA	NA
ON595835	2-218	1	232-1110	1	NA-NA	NA
ON595834	NA-NA	NA	NA-NA	NA	1-1313	1
ON595833	NA-NA	NA	0-51	1	43-2411	1
ON595832	NA-NA	NA	0-69	1	61-2512	1
ON595831	65-2810	1	2824-4297	1	4289-6740	1
ON595830	67-2812	1	2826-4299	1	4291-6742	1
ON595829	58-2803	1	2817-4290	1	4282-6720	1
ON595828	NA-NA	NA	NA-NA	NA	2-2067	1
ON595827	61-2806	1	2820-4293	1	4285-6736	1
ON595826	55-2800	1	2814-4287	1	4279-6730	1
ON595825	60-2805	1	2819-4292	1	4284-6735	1
ON595824	57-2802	1	2816-4289	1	4281-6732	1
OM103852	NA-NA	NA	NA-NA	NA	0-417	1
OM103851	NA-NA	NA	NA-NA	NA	0-417	1
OM103850	NA-NA	NA	NA-NA	NA	0-417	1
OM103849	NA-NA	NA	NA-NA	NA	0-417	1
OM103848	NA-NA	NA	NA-NA	NA	0-417	1
OM103847	NA-NA	NA	NA-NA	NA	0-417	1
OM103846	NA-NA	NA	NA-NA	NA	0-417	1
OM103845	NA-NA	NA	NA-NA	NA	0-417	1
OM103844	NA-NA	NA	NA-NA	NA	0-417	1
OM103843	NA-NA	NA	NA-NA	NA	0-417	1
OM103842	NA-NA	NA	NA-NA	NA	0-417	1
OM103841	NA-NA	NA	NA-NA	NA	0-417	1
OM103840	NA-NA	NA	NA-NA	NA	0-417	1
OM103839	NA-NA	NA	NA-NA	NA	0-417	1
OM103838	NA-NA	NA	NA-NA	NA	0-417	1
OM103837	NA-NA	NA	NA-NA	NA	0-417	1
OM103836	NA-NA	NA	NA-NA	NA	0-417	1
OM103835	NA-NA	NA	NA-NA	NA	0-417	1
OM103834	NA-NA	NA	NA-NA	NA	0-417	1
OM103833	NA-NA	NA	NA-NA	NA	0-417	1
OM103832	NA-NA	NA	NA-NA	NA	0-417	1
OM103831	NA-NA	NA	NA-NA	NA	0-417	1
OM103830	NA-NA	NA	NA-NA	NA	0-417	1
OM103829	NA-NA	NA	NA-NA	NA	0-417	1
OM103828	NA-NA	NA	NA-NA	NA	0-417	1
OM103827	NA-NA	NA	NA-NA	NA	0-417	1
OM103826	NA-NA	NA	NA-NA	NA	0-417	1
OM103825	NA-NA	NA	NA-NA	NA	0-417	1
OM103824	NA-NA	NA	NA-NA	NA	0-417	1
OM103823	NA-NA	NA	NA-NA	NA	0-417	1
OM103822	NA-NA	NA	NA-NA	NA	0-417	1
OM103821	NA-NA	NA	NA-NA	NA	0-417	1
OM103820	NA-NA	NA	NA-NA	NA	0-417	1
OM103819	NA-NA	NA	NA-NA	NA	0-417	1
OM103818	NA-NA	NA	NA-NA	NA	0-417	1
OM103817	NA-NA	NA	NA-NA	NA	0-417	1
OM103816	NA-NA	NA	NA-NA	NA	0-417	1
OM103815	NA-NA	NA	NA-NA	NA	0-417	1
OM103814	NA-NA	NA	NA-NA	NA	0-417	1
OM103813	NA-NA	NA	NA-NA	NA	0-417	1
OM103812	NA-NA	NA	NA-NA	NA	0-417	1
OM103811	NA-NA	NA	NA-NA	NA	0-417	1
OM103810	NA-NA	NA	NA-NA	NA	0-417	1
OM103809	NA-NA	NA	NA-NA	NA	0-417	1
OM103808	NA-NA	NA	NA-NA	NA	0-417	1
OM103807	NA-NA	NA	NA-NA	NA	0-417	1
OM103806	NA-NA	NA	NA-NA	NA	0-417	1
OM103805	NA-NA	NA	NA-NA	NA	0-417	1
OM103804	NA-NA	NA	NA-NA	NA	0-417	1
OM103803	NA-NA	NA	NA-NA	NA	0-417	1
OM103802	NA-NA	NA	NA-NA	NA	0-426	1
OM103801	NA-NA	NA	NA-NA	NA	0-426	1
OM103800	NA-NA	NA	NA-NA	NA	0-426	1
OM103799	NA-NA	NA	NA-NA	NA	0-426	1
OM103798	NA-NA	NA	NA-NA	NA	0-426	1
OM066895	10-3265	1	3255-4806	1	4824-6939	1
OM066894	10-3265	1	3255-4806	1	4824-6939	1
OM066893	10-3265	1	3255-4806	1	4824-6939	1
OM066892	10-3265	1	3255-4806	1	4824-6939	1
OK491635	14-2771	1	2791-4219	1	4205-5712	1
OL853843	245-3350	1	3340-4891	1	4909-7024	1
OM047214	NA-NA	NA	2-441	1	NA-NA	NA
OM047213	NA-NA	NA	2-441	1	NA-NA	NA
OM047212	NA-NA	NA	2-444	1	NA-NA	NA
OM047211	NA-NA	NA	2-441	1	NA-NA	NA
OM047210	NA-NA	NA	2-426	1	NA-NA	NA
OM047209	NA-NA	NA	2-441	1	NA-NA	NA
OM047208	NA-NA	NA	2-441	1	NA-NA	NA
OL695857	44-2519	1	2470-3982	1	3974-6266	1
OL695856	47-2522	1	2473-3985	1	3977-6353	1
OL695855	47-2522	1	2473-3985	1	3977-6296	1
OL695854	50-2525	1	2476-3988	1	3980-6293	1
OL695853	38-2516	1	2467-3979	1	3971-6290	1
OL695852	40-2515	1	2466-3978	1	3970-6253	1
OL695851	38-2513	1	2464-3976	1	3968-6335	1
OL695850	94-2737	1	2667-4182	1	4174-6688	1
OL695849	8-2639	1	2569-4084	1	NA-NA	NA
OL695848	39-2673	1	2603-4118	1	4110-6675	1
OL689632	47-2771	1	2707-4258	1	4250-6602	1
OM719749	0-3255	1	NA-NA	NA	4811-6926	1
BK061393	NA-NA	NA	NA-NA	NA	0-1852	1
OK274244	NA-NA	NA	NA-NA	NA	0-2025	1
OK274243	NA-NA	NA	NA-NA	NA	0-2022	1
OK274242	NA-NA	NA	NA-NA	NA	0-2028	1
OK274241	NA-NA	NA	NA-NA	NA	0-2022	1
OK274240	NA-NA	NA	NA-NA	NA	0-2049	1
OK274239	NA-NA	NA	NA-NA	NA	0-2022	1
OK274238	NA-NA	NA	NA-NA	NA	0-2022	1
OK274237	NA-NA	NA	NA-NA	NA	0-2040	1
OK274236	NA-NA	NA	NA-NA	NA	0-2232	1
OK274235	NA-NA	NA	NA-NA	NA	0-2232	1
OK274234	NA-NA	NA	NA-NA	NA	0-2232	1
OK274233	NA-NA	NA	NA-NA	NA	0-2232	1
OK274232	NA-NA	NA	NA-NA	NA	0-2232	1
OK274231	NA-NA	NA	NA-NA	NA	0-2232	1
OM100603	11-3266	1	3256-4807	1	4825-6940	1
OM100602	13-3268	1	3258-4809	1	4827-6942	1
OM100601	13-3268	1	3258-4809	1	4827-6942	1
OM100600	13-3268	1	3258-4809	1	4827-6942	1
OM100599	13-3268	1	3258-4809	1	4827-6942	1
OM100598	13-3268	1	3258-4809	1	4827-6942	1
OM100597	11-3266	1	3256-4807	1	4825-6940	1
OM100596	11-3266	1	3256-4807	1	4825-6940	1
OM100595	11-3266	1	3256-4807	1	4825-6940	1
OM100594	13-3268	1	3258-4809	1	4827-6942	1
OM100593	11-3266	1	3256-4807	1	4825-6940	1
OM100592	11-3266	1	3256-4807	1	4825-6940	1
OM100591	13-3268	1	3258-4809	1	4827-6942	1
OM100590	7-3262	1	3252-4803	1	4822-6937	1
OM455389	18-3273	1	3263-4814	1	4832-6947	1
OM455388	18-3273	1	3263-4814	1	4832-6947	1
OM264914	22-3304	1	3294-4839	1	4868-6983	1
OM264913	22-3304	1	3294-4839	1	4868-6983	1
OM264912	22-3304	1	3294-4839	1	4868-6983	1
OM264911	22-3304	1	3294-4839	1	4868-6983	1
OM200916	22-3304	1	3294-4839	1	4868-6983	1
OP093958	46-2716	1	2667-4203	1	4015-6520	1
OP093957	45-2715	1	2666-4202	1	4014-6446	1
ON792972	5-2639	1	2572-4084	1	4076-6513	1
ON792971	5-2639	1	2572-4084	1	4076-6513	1
ON792970	5-2639	1	2572-4084	1	4076-6513	1
ON792969	5-2639	1	2572-4084	1	4076-6513	1
ON792968	5-2639	1	2572-4084	1	4076-6513	1
ON792967	5-2639	1	2572-4084	1	4076-6513	1
ON715001	30-2522	1	2522-4091	1	3894-6348	1
ON714997	51-2478	1	2477-3989	1	3933-6234	1
ON714996	51-2478	1	2477-3989	1	3933-6234	1
OP482149	NA-NA	NA	0-351	1	NA-NA	NA
OP482148	NA-NA	NA	0-378	1	NA-NA	NA
OP482147	NA-NA	NA	0-378	1	NA-NA	NA
OP482146	NA-NA	NA	0-378	1	NA-NA	NA
OP482145	NA-NA	NA	0-380	1	NA-NA	NA
OP482144	NA-NA	NA	0-366	1	NA-NA	NA
OP482143	NA-NA	NA	0-366	1	NA-NA	NA
OP482142	NA-NA	NA	0-366	1	NA-NA	NA
OP482141	NA-NA	NA	0-366	1	NA-NA	NA
OP482140	NA-NA	NA	0-366	1	NA-NA	NA
OP482139	NA-NA	NA	0-366	1	NA-NA	NA
OP482138	NA-NA	NA	0-366	1	NA-NA	NA
OP482137	NA-NA	NA	0-366	1	NA-NA	NA
OP482136	NA-NA	NA	0-366	1	NA-NA	NA
OP482135	NA-NA	NA	0-366	1	NA-NA	NA
OP482134	NA-NA	NA	0-366	1	NA-NA	NA
OP482133	NA-NA	NA	0-363	1	NA-NA	NA
OP482132	NA-NA	NA	0-363	1	NA-NA	NA
OP482131	NA-NA	NA	0-369	1	NA-NA	NA
OP482130	NA-NA	NA	0-369	1	NA-NA	NA
OP482129	NA-NA	NA	0-369	1	NA-NA	NA
OP482128	NA-NA	NA	0-339	1	NA-NA	NA
OP482127	NA-NA	NA	0-294	1	NA-NA	NA
OP482126	NA-NA	NA	0-339	1	NA-NA	NA
OP482125	NA-NA	NA	0-351	1	NA-NA	NA
OP482124	NA-NA	NA	0-351	1	NA-NA	NA
OP482123	NA-NA	NA	0-351	1	NA-NA	NA
OP482122	NA-NA	NA	0-351	1	NA-NA	NA
OP482121	NA-NA	NA	0-351	1	NA-NA	NA
OP482120	NA-NA	NA	0-345	1	NA-NA	NA
OP482119	NA-NA	NA	0-351	1	NA-NA	NA
OP482118	NA-NA	NA	0-351	1	NA-NA	NA
OP482117	NA-NA	NA	0-351	1	NA-NA	NA
OP482116	NA-NA	NA	0-351	1	NA-NA	NA
OP482115	NA-NA	NA	0-351	1	NA-NA	NA
OP482114	NA-NA	NA	0-351	1	NA-NA	NA
OP482113	NA-NA	NA	0-351	1	NA-NA	NA
OP482112	NA-NA	NA	0-351	1	NA-NA	NA
OP482111	NA-NA	NA	0-351	1	NA-NA	NA
OP482110	NA-NA	NA	0-351	1	NA-NA	NA
OP482109	NA-NA	NA	0-336	1	NA-NA	NA
OP482108	NA-NA	NA	0-354	1	NA-NA	NA
OP482107	NA-NA	NA	0-354	1	NA-NA	NA
OP482106	NA-NA	NA	0-354	1	NA-NA	NA
OP482105	NA-NA	NA	0-354	1	NA-NA	NA
OP482104	NA-NA	NA	0-354	1	NA-NA	NA
OP482103	NA-NA	NA	0-354	1	NA-NA	NA
OP482102	NA-NA	NA	0-354	1	NA-NA	NA
OP482101	NA-NA	NA	0-378	1	NA-NA	NA
OP482100	NA-NA	NA	0-378	1	NA-NA	NA
OP482099	NA-NA	NA	0-369	1	NA-NA	NA
OP482098	NA-NA	NA	0-363	1	NA-NA	NA
OM451103	NA-NA	NA	0-3879	1	NA-NA	NA
OL982615	13-3268	1	3258-4809	1	4827-6942	1
OL982614	13-3268	1	3258-4809	1	4827-6942	1
OL982613	13-3268	1	3258-4809	1	4827-6942	1
OL963558	13-3268	1	3258-4809	1	4827-6942	1
OL963557	13-3268	1	3258-4809	1	4827-6942	1
OL963556	13-3268	1	3258-4809	1	4827-6942	1
OL963555	13-3268	1	3258-4809	1	4827-6942	1
OP524618	NA-NA	NA	0-705	1	697-877	1
OP524617	NA-NA	NA	0-705	1	697-877	1
OP524616	NA-NA	NA	0-705	1	697-877	1
OP524615	NA-NA	NA	0-705	1	697-877	1
OP524614	NA-NA	NA	0-705	1	697-877	1
OP524613	NA-NA	NA	0-702	1	694-1273	1
OP524612	NA-NA	NA	0-702	1	694-1273	1
OP524611	NA-NA	NA	0-702	1	694-1273	1
OP524610	NA-NA	NA	0-702	1	694-1273	1
OP524609	NA-NA	NA	0-702	1	694-1273	1
OP524608	NA-NA	NA	0-702	1	694-1273	1
OP524607	NA-NA	NA	0-702	1	694-1273	1
OP524606	NA-NA	NA	0-702	1	694-1273	1
OP524605	NA-NA	NA	0-702	1	694-1273	1
OP524604	NA-NA	NA	0-702	1	694-1273	1
OP524603	NA-NA	NA	0-702	1	694-1273	1
OP524602	NA-NA	NA	0-702	1	694-1273	1
OP524601	NA-NA	NA	0-702	1	694-1273	1
OP524600	NA-NA	NA	0-702	1	694-1273	1
OP524599	NA-NA	NA	0-702	1	694-1273	1
OP524598	NA-NA	NA	0-327	1	316-924	1
OP524597	NA-NA	NA	0-327	1	316-924	1
OP524596	NA-NA	NA	0-331	1	NA-NA	NA
OP524595	NA-NA	NA	0-331	1	NA-NA	NA
OP524594	NA-NA	NA	0-331	1	NA-NA	NA
OP524593	NA-NA	NA	0-331	1	NA-NA	NA
OP524592	NA-NA	NA	1-350	1	NA-NA	NA
OP524591	NA-NA	NA	1-350	1	NA-NA	NA
OP524590	NA-NA	NA	1-350	1	NA-NA	NA
OP524589	NA-NA	NA	1-350	1	NA-NA	NA
OP524588	NA-NA	NA	1-350	1	NA-NA	NA
OP524587	NA-NA	NA	1-350	1	NA-NA	NA
OP524586	NA-NA	NA	1-350	1	NA-NA	NA
OP524585	NA-NA	NA	1-350	1	NA-NA	NA
OP524584	NA-NA	NA	1-350	1	NA-NA	NA
OP524583	NA-NA	NA	1-350	1	NA-NA	NA
OP524582	NA-NA	NA	1-350	1	NA-NA	NA
OP524581	NA-NA	NA	1-350	1	NA-NA	NA
OP524580	NA-NA	NA	1-350	1	NA-NA	NA
OP524579	NA-NA	NA	1-350	1	NA-NA	NA
OP474168	NA-NA	NA	NA-NA	NA	NA-NA	NA
ON733251	43-2713	1	2664-4200	1	4012-6487	1
OP020131	10-3265	1	3255-4806	1	4824-6939	1
OL536330	18-3273	1	3263-4814	1	4832-6947	1
ON715000	1980-2526	1	NA-NA	NA	5658-6321	1
ON714999	51-2477	1	2477-3989	1	3933-6321	1
ON714998	51-2477	1	2477-3989	1	3933-6321	1
ON093075	NA-NA	NA	0-336	1	NA-NA	NA
OK483336	NA-NA	NA	NA-NA	NA	1-355	1
OK483335	NA-NA	NA	NA-NA	NA	1-355	1
MZ325440	NA-NA	NA	NA-NA	NA	0-2208	1
MZ325439	NA-NA	NA	NA-NA	NA	0-2208	1
MZ325438	NA-NA	NA	NA-NA	NA	0-2208	1
MZ325437	NA-NA	NA	NA-NA	NA	0-2211	1
MZ325436	NA-NA	NA	NA-NA	NA	0-2208	1
MZ325435	NA-NA	NA	NA-NA	NA	0-2208	1
MZ325434	NA-NA	NA	NA-NA	NA	0-2208	1
MZ325433	NA-NA	NA	NA-NA	NA	0-2208	1
MZ325432	NA-NA	NA	NA-NA	NA	0-2208	1
MZ325431	NA-NA	NA	NA-NA	NA	0-2208	1
MZ325430	NA-NA	NA	NA-NA	NA	0-2334	1
MZ325429	NA-NA	NA	NA-NA	NA	0-2316	1
MZ325428	NA-NA	NA	NA-NA	NA	0-2334	1
MZ325427	NA-NA	NA	NA-NA	NA	0-2331	1
MZ325426	NA-NA	NA	NA-NA	NA	0-2343	1
MZ325425	NA-NA	NA	NA-NA	NA	0-2211	1
MZ325424	NA-NA	NA	NA-NA	NA	0-2319	1
ON792974	100-2719	1	2682-4191	1	4036-6382	1
ON792973	100-2719	1	2682-4191	1	4036-6382	1
ON893140	1-643	1	642-2189	1	NA-NA	NA
ON893139	0-690	1	689-2227	1	NA-NA	NA
OL345584	7-2521	1	2460-3969	1	3961-6433	1
OL345583	7-2521	1	2460-3969	1	3961-6433	1
MW385414	1-2626	1	2829-4128	1	4131-6480	1
MW385413	4-2629	1	2832-4131	1	4134-6504	1
MW385412	7-2632	1	2709-4128	1	4099-6152	1
MW855893	NA-NA	NA	0-360	1	NA-NA	NA
OP020145	NA-NA	NA	NA-NA	NA	676-1584	1
OP020144	154-1745	1	NA-NA	NA	NA-NA	NA
MW786757	22-3304	1	3294-4839	1	4868-6983	1
ON571550	2-2756	1	2698-4204	1	4196-6647	1
MW787033	NA-NA	NA	0-199	1	NA-NA	NA
MW787031	NA-NA	NA	2-198	1	NA-NA	NA
MW787030	NA-NA	NA	0-200	1	NA-NA	NA
MW787029	NA-NA	NA	0-199	1	NA-NA	NA
MW787028	NA-NA	NA	1-219	1	NA-NA	NA
MW787027	NA-NA	NA	2-200	1	NA-NA	NA
MW787026	NA-NA	NA	0-220	1	NA-NA	NA
MW787025	NA-NA	NA	2-204	1	NA-NA	NA
MW787024	NA-NA	NA	1-218	1	NA-NA	NA
MW787023	NA-NA	NA	0-249	1	NA-NA	NA
MW787022	NA-NA	NA	0-200	1	NA-NA	NA
MW787021	NA-NA	NA	1-220	1	NA-NA	NA
MW787020	NA-NA	NA	1-246	1	NA-NA	NA
MW787019	NA-NA	NA	2-199	1	NA-NA	NA
MW787017	NA-NA	NA	0-200	1	NA-NA	NA
MW787016	NA-NA	NA	1-246	1	NA-NA	NA
MW787015	NA-NA	NA	0-199	1	NA-NA	NA
MW787014	NA-NA	NA	0-220	1	NA-NA	NA
MW787013	NA-NA	NA	0-220	1	NA-NA	NA
OP121133	NA-NA	NA	NA-NA	NA	0-2334	1
OP121132	NA-NA	NA	0-180	1	NA-NA	NA
OP121131	NA-NA	NA	0-645	1	NA-NA	NA
OP121130	NA-NA	NA	0-1875	1	NA-NA	NA
OM514376	NA-NA	NA	188-1676	1	NA-NA	NA
MW505493	2-3179	1	3169-4720	1	4738-6853	1
MW505492	1-3187	1	3177-4728	1	4746-6861	1
MW505491	0-3189	1	3179-4730	1	4748-6863	1
MW505490	0-3186	1	3176-4727	1	4745-6860	1
MW505489	0-3189	1	3179-4730	1	4748-6863	1
MW505488	1-3187	1	3177-4728	1	4746-6861	1
MW505487	1-3187	1	3177-4728	1	4746-6861	1
MW505486	1-3187	1	3177-4728	1	4746-6861	1
MW505485	1-3187	1	3177-4728	1	4746-6861	1
ON049752	0-1169	1	NA-NA	NA	NA-NA	NA
ON049763	NA-NA	NA	NA-NA	NA	0-2050	1
ON049762	NA-NA	NA	NA-NA	NA	13-2470	1
ON049761	NA-NA	NA	0-1335	1	NA-NA	NA
ON049760	0-1790	1	NA-NA	NA	NA-NA	NA
ON049759	1-109	1	63-1317	1	NA-NA	NA
ON049758	NA-NA	NA	NA-NA	NA	0-2031	1
ON049757	NA-NA	NA	NA-NA	NA	1-1973	1
ON049756	NA-NA	NA	NA-NA	NA	2-2009	1
ON049755	0-2336	1	NA-NA	NA	NA-NA	NA
ON049754	NA-NA	NA	1-1384	1	NA-NA	NA
ON049753	6-2620	1	NA-NA	NA	NA-NA	NA
ON049751	1-2513	1	NA-NA	NA	NA-NA	NA
ON049750	5-2636	1	NA-NA	NA	NA-NA	NA
ON049749	0-78	1	29-1348	1	NA-NA	NA
ON049748	NA-NA	NA	NA-NA	NA	2-1880	1
ON049747	1-2161	1	NA-NA	NA	NA-NA	NA
MW784099	1-3049	1	3048-4572	1	4591-6631	1
MW784097	1-3004	1	3003-4527	1	4546-6577	1
MW784094	19-3034	1	3033-4557	1	4575-6594	1
MW784086	0-3042	1	3041-4565	1	4584-6633	1
MW784084	13-2617	1	2553-4062	1	4054-6553	1
MW784109	168-2637	1	2591-4100	1	4092-6417	1
MW784107	77-2636	1	2572-4011	1	NA-NA	NA
MW784106	127-2602	1	2556-4065	1	4057-6433	1
MW784105	200-2675	1	2629-4138	1	4130-6467	1
MW784104	490-3040	1	2976-3638	1	NA-NA	NA
MW784103	84-2634	1	2570-3633	1	NA-NA	NA
MW784102	182-2720	1	2656-4165	1	4157-6719	1
MW784101	242-2792	1	2728-4237	1	4229-6728	1
MW784100	1-2263	1	2217-3726	1	3718-6013	1
MW784098	2-2432	1	2386-3895	1	3887-6143	1
MW784096	72-2622	1	2558-4067	1	4059-6621	1
MW784095	61-2635	1	2571-4080	1	4072-6589	1
MW784093	4-2653	1	2589-4098	1	4090-6604	1
MW784092	38-2513	1	2467-3976	1	3968-6311	1
MW784091	38-2513	1	2467-3976	1	3968-6287	1
MW784090	4-2650	1	2586-4095	1	4087-6601	1
MW784089	86-2636	1	2572-3906	1	NA-NA	NA
MW784088	3-2643	1	2579-4088	1	NA-NA	NA
MW784087	0-1791	1	1745-3254	1	3246-5601	1
MW784085	NA-NA	NA	NA-NA	NA	NA-NA	NA
MW784083	38-2513	1	2467-3976	1	3968-6359	1
MW784082	38-2513	1	2467-3976	1	3968-6311	1
MW784081	29-2504	1	2458-3967	1	3959-6263	1
MW784080	38-2513	1	2467-3528	1	NA-NA	NA
MW784079	41-2516	1	2470-3979	1	3971-6272	1
MW784078	33-2508	1	2462-3971	1	3963-6279	1
MW784077	26-2501	1	2455-3964	1	3956-3993	1
MW784076	38-2510	1	2464-3973	1	3965-6308	1
MW784075	1-2479	1	2433-3942	1	3934-6265	1
MW784074	2-2645	1	2581-4090	1	4082-6539	1
MW784073	9-2652	1	2588-4097	1	4089-6534	1
MW784072	38-2513	1	2467-3976	1	3968-4055	1
MW784070	85-2635	1	2571-4080	1	4072-6583	1
MW784069	46-2521	1	2475-3984	1	3976-6337	1
MW784108	31-2506	1	2460-3969	1	3961-6358	1
MW784071	21-2664	1	2600-4109	1	4101-6600	1
MW897146	NA-NA	NA	NA-NA	NA	3625-5539	1
MW897147	NA-NA	NA	NA-NA	NA	3611-5528	1
MW897145	NA-NA	NA	0-2280	1	2322-3381	1
MZ648231	10-3265	1	3255-4806	1	4824-6939	1
MK395166	47-2816	1	2758-4264	1	4256-6713	1
MW735973	NA-NA	NA	NA-NA	NA	0-2226	1
MW735972	NA-NA	NA	NA-NA	NA	0-2169	1
MW735971	NA-NA	NA	NA-NA	NA	0-2202	1
MW735970	NA-NA	NA	NA-NA	NA	0-2562	1
MW735969	NA-NA	NA	NA-NA	NA	132-2421	1
MW735968	NA-NA	NA	NA-NA	NA	0-2280	1
MH645631	NA-NA	NA	0-418	1	NA-NA	NA
MH645630	NA-NA	NA	0-418	1	NA-NA	NA
MH645629	NA-NA	NA	0-418	1	NA-NA	NA
MH645628	NA-NA	NA	0-418	1	NA-NA	NA
MH645627	NA-NA	NA	0-418	1	NA-NA	NA
MH645626	NA-NA	NA	0-418	1	NA-NA	NA
MN977119	30-2775	1	NA-NA	NA	4250-6695	1
MN977118	30-2775	1	NA-NA	NA	4253-6693	1
MT274720	NA-NA	NA	NA-NA	NA	1-413	1
MT274719	NA-NA	NA	NA-NA	NA	0-339	1
MT274718	NA-NA	NA	NA-NA	NA	0-422	1
MT274717	NA-NA	NA	NA-NA	NA	1-416	1
MT274716	NA-NA	NA	NA-NA	NA	0-422	1
MZ819185	22-3304	1	3294-4839	1	4868-6983	1
MZ819184	18-3273	1	3263-4814	1	4832-6947	1
MZ819183	18-3273	1	3263-4814	1	4832-6947	1
MW536497	5-3260	1	3250-4801	1	4819-6934	1
ON571622	0-2526	1	2483-3998	1	3981-6195	1
ON304005	NA-NA	NA	46-4279	1	4297-5674	1
ON482290	35-2819	1	2761-4267	1	4259-6716	1
ON304043	NA-NA	NA	0-1044	1	NA-NA	NA
ON304004	NA-NA	NA	NA-NA	NA	NA-NA	NA
ON304003	NA-NA	NA	1-632	-1	NA-NA	NA
MZ707081	20-2384	1	2320-3856	1	3848-6119	1
MZ540963	NA-NA	NA	0-384	1	NA-NA	NA
MT766335	1-151	1	NA-NA	NA	140-2363	1
MT766329	NA-NA	NA	NA-NA	NA	3831-6102	1
MT766325	NA-NA	NA	NA-NA	NA	3833-6104	1
MT766346	1-700	1	NA-NA	NA	692-2858	1
MT766345	2-1499	1	NA-NA	NA	1491-3729	1
MT766344	NA-NA	NA	NA-NA	NA	1767-2129	1
MT766343	NA-NA	NA	NA-NA	NA	NA-NA	NA
MT766342	NA-NA	NA	NA-NA	NA	2681-4901	1
MT766341	1-298	1	NA-NA	NA	287-2277	1
MT766340	NA-NA	NA	NA-NA	NA	4140-6360	1
MT766339	NA-NA	NA	NA-NA	NA	4203-6377	1
MT766338	1-1510	1	NA-NA	NA	1502-3746	1
MT766337	NA-NA	NA	NA-NA	NA	3829-6018	1
MT766336	NA-NA	NA	NA-NA	NA	3831-6000	1
MT766331	0-648	1	NA-NA	NA	640-2852	1
MT766330	NA-NA	NA	NA-NA	NA	NA-NA	NA
MT766328	NA-NA	NA	NA-NA	NA	3736-6007	1
MT766327	NA-NA	NA	NA-NA	NA	3802-6014	1
MT766326	NA-NA	NA	NA-NA	NA	3833-5449	1
MT766324	NA-NA	NA	NA-NA	NA	4367-6731	1
MT766321	NA-NA	NA	NA-NA	NA	4418-6782	1
MT766320	NA-NA	NA	NA-NA	NA	4376-6740	1
MT766334	0-1593	1	1592-2451	1	NA-NA	NA
MT766333	1-1633	1	1632-2247	1	NA-NA	NA
MT766332	NA-NA	NA	2-2059	1	NA-NA	NA
MT766323	NA-NA	NA	NA-NA	NA	4363-6618	1
MT766322	NA-NA	NA	NA-NA	NA	4195-6559	1
MT766319	NA-NA	NA	NA-NA	NA	4360-5568	1
MT766318	NA-NA	NA	NA-NA	NA	4335-4741	1
OM890932	NA-NA	NA	NA-NA	NA	0-2214	1
OM890931	0-2526	1	2483-3998	1	3981-6195	1
OM890930	NA-NA	NA	NA-NA	NA	0-2202	1
OM890929	NA-NA	NA	NA-NA	NA	0-2259	1
OM890928	NA-NA	NA	NA-NA	NA	0-2259	1
OM890927	NA-NA	NA	NA-NA	NA	0-2259	1
OM890926	NA-NA	NA	NA-NA	NA	0-2259	1
OM890925	NA-NA	NA	NA-NA	NA	0-2259	1
OM890924	NA-NA	NA	NA-NA	NA	0-2259	1
OM890923	NA-NA	NA	NA-NA	NA	0-2259	1
OM890922	NA-NA	NA	NA-NA	NA	0-2259	1
OM890921	NA-NA	NA	NA-NA	NA	0-2259	1
OM890920	NA-NA	NA	NA-NA	NA	0-2259	1
OM890919	NA-NA	NA	NA-NA	NA	0-2256	1
OM890918	NA-NA	NA	NA-NA	NA	0-2259	1
OM890917	NA-NA	NA	NA-NA	NA	0-2259	1
OM890916	NA-NA	NA	NA-NA	NA	0-2244	1
OM890915	NA-NA	NA	NA-NA	NA	0-2244	1
OM890914	NA-NA	NA	NA-NA	NA	0-2244	1
OM890913	NA-NA	NA	NA-NA	NA	0-2244	1
OM890912	NA-NA	NA	NA-NA	NA	0-2244	1
OM890911	NA-NA	NA	NA-NA	NA	0-2256	1
OM890910	NA-NA	NA	NA-NA	NA	0-2313	1
OM890909	NA-NA	NA	NA-NA	NA	0-2313	1
MT157269	NA-NA	NA	1-371	1	NA-NA	NA
MT157268	NA-NA	NA	1-384	1	NA-NA	NA
OK148600	18-3273	1	3263-4814	1	4832-6947	1
MW522993	NA-NA	NA	0-468	1	NA-NA	NA
MW522992	NA-NA	NA	0-468	1	NA-NA	NA
MW522991	NA-NA	NA	0-468	1	NA-NA	NA
MW522990	NA-NA	NA	0-468	1	NA-NA	NA
OM468883	NA-NA	NA	NA-NA	NA	0-2220	1
OM468882	NA-NA	NA	NA-NA	NA	0-2220	1
OM468881	NA-NA	NA	NA-NA	NA	0-2220	1
OM468880	NA-NA	NA	NA-NA	NA	0-2220	1
OM468879	NA-NA	NA	NA-NA	NA	0-2220	1
OM468878	NA-NA	NA	NA-NA	NA	0-2220	1
OM468877	NA-NA	NA	NA-NA	NA	0-2220	1
OM468876	NA-NA	NA	NA-NA	NA	0-2220	1
OM468875	NA-NA	NA	NA-NA	NA	0-2220	1
OM468874	NA-NA	NA	NA-NA	NA	0-2220	1
OM468873	NA-NA	NA	NA-NA	NA	0-2220	1
OM468872	NA-NA	NA	NA-NA	NA	0-2220	1
OM468871	NA-NA	NA	NA-NA	NA	0-2220	1
OM468870	NA-NA	NA	NA-NA	NA	0-2220	1
OM468869	NA-NA	NA	NA-NA	NA	0-2220	1
OM468868	NA-NA	NA	NA-NA	NA	0-2220	1
OM468867	NA-NA	NA	NA-NA	NA	0-2220	1
OM468866	NA-NA	NA	NA-NA	NA	0-2220	1
OM468865	NA-NA	NA	NA-NA	NA	0-2220	1
OM468864	NA-NA	NA	NA-NA	NA	0-2220	1
OM468863	NA-NA	NA	NA-NA	NA	0-2220	1
OM468862	NA-NA	NA	NA-NA	NA	0-2220	1
OM468861	NA-NA	NA	NA-NA	NA	0-2220	1
OM468860	NA-NA	NA	NA-NA	NA	0-2220	1
OM468859	NA-NA	NA	NA-NA	NA	0-2190	1
OM468858	NA-NA	NA	NA-NA	NA	0-2190	1
OM468857	NA-NA	NA	NA-NA	NA	0-2190	1
OM468856	NA-NA	NA	NA-NA	NA	0-2190	1
OM468855	NA-NA	NA	NA-NA	NA	0-2190	1
OM468854	NA-NA	NA	NA-NA	NA	0-2190	1
OM468853	NA-NA	NA	NA-NA	NA	0-2190	1
OM468852	NA-NA	NA	NA-NA	NA	0-2190	1
OM468851	NA-NA	NA	NA-NA	NA	0-2268	1
OM468850	NA-NA	NA	NA-NA	NA	0-2268	1
OM468849	NA-NA	NA	NA-NA	NA	0-2268	1
OM468848	NA-NA	NA	NA-NA	NA	0-2268	1
OM468847	NA-NA	NA	NA-NA	NA	0-2268	1
OM468846	NA-NA	NA	NA-NA	NA	0-2268	1
OM468845	NA-NA	NA	NA-NA	NA	0-2268	1
OM468844	NA-NA	NA	NA-NA	NA	0-2268	1
OM468843	NA-NA	NA	NA-NA	NA	0-2268	1
OM468842	NA-NA	NA	NA-NA	NA	0-2268	1
OM468841	NA-NA	NA	NA-NA	NA	0-2268	1
OM468840	NA-NA	NA	NA-NA	NA	0-2268	1
OM468839	NA-NA	NA	NA-NA	NA	0-2268	1
OM468838	NA-NA	NA	NA-NA	NA	0-2268	1
OM468837	NA-NA	NA	NA-NA	NA	0-2268	1
OM468836	NA-NA	NA	NA-NA	NA	0-2268	1
OM468835	NA-NA	NA	NA-NA	NA	0-2268	1
OM468834	NA-NA	NA	NA-NA	NA	0-2268	1
OM468833	NA-NA	NA	NA-NA	NA	0-2268	1
OM468832	NA-NA	NA	NA-NA	NA	0-2268	1
OM468831	NA-NA	NA	NA-NA	NA	0-2268	1
OM468830	NA-NA	NA	NA-NA	NA	0-2268	1
OM468829	NA-NA	NA	NA-NA	NA	0-2268	1
OM468828	NA-NA	NA	NA-NA	NA	0-2268	1
OM468827	NA-NA	NA	NA-NA	NA	0-2268	1
OM468826	NA-NA	NA	NA-NA	NA	0-2268	1
OM468825	NA-NA	NA	NA-NA	NA	0-2268	1
OM468824	NA-NA	NA	NA-NA	NA	0-2268	1
OM468823	NA-NA	NA	NA-NA	NA	0-2268	1
OM468822	NA-NA	NA	NA-NA	NA	0-2268	1
OM468821	NA-NA	NA	NA-NA	NA	0-2268	1
OM468820	NA-NA	NA	NA-NA	NA	0-2268	1
OM468819	NA-NA	NA	NA-NA	NA	0-2268	1
OM468818	NA-NA	NA	NA-NA	NA	0-2268	1
OM468817	NA-NA	NA	NA-NA	NA	0-2268	1
OM468816	NA-NA	NA	NA-NA	NA	0-2268	1
OM468815	NA-NA	NA	NA-NA	NA	0-2268	1
OM468814	NA-NA	NA	NA-NA	NA	0-2268	1
OM468813	NA-NA	NA	NA-NA	NA	0-2196	1
OM468812	NA-NA	NA	NA-NA	NA	0-2196	1
OM468811	NA-NA	NA	NA-NA	NA	0-2196	1
OM468810	NA-NA	NA	NA-NA	NA	0-2196	1
OM468809	NA-NA	NA	NA-NA	NA	0-2196	1
OM468808	NA-NA	NA	NA-NA	NA	0-2196	1
OM468807	NA-NA	NA	NA-NA	NA	0-2196	1
OM468806	NA-NA	NA	NA-NA	NA	0-2196	1
OM468805	NA-NA	NA	NA-NA	NA	0-2196	1
OM468804	NA-NA	NA	NA-NA	NA	0-2196	1
OM468803	NA-NA	NA	NA-NA	NA	0-2196	1
OM468802	NA-NA	NA	NA-NA	NA	0-2196	1
OM468801	NA-NA	NA	NA-NA	NA	0-2196	1
OM468800	NA-NA	NA	NA-NA	NA	0-2196	1
OM468799	NA-NA	NA	NA-NA	NA	0-2196	1
OM468798	NA-NA	NA	NA-NA	NA	0-2196	1
OM468797	NA-NA	NA	NA-NA	NA	0-2196	1
OM468796	NA-NA	NA	NA-NA	NA	0-2196	1
OM468795	NA-NA	NA	NA-NA	NA	0-2196	1
OM468794	NA-NA	NA	NA-NA	NA	0-2196	1
OM468793	NA-NA	NA	NA-NA	NA	0-2196	1
OM468792	NA-NA	NA	NA-NA	NA	0-2196	1
OM468791	NA-NA	NA	NA-NA	NA	0-2196	1
OM468790	NA-NA	NA	NA-NA	NA	0-2196	1
OM468789	NA-NA	NA	NA-NA	NA	0-2196	1
OM468788	NA-NA	NA	NA-NA	NA	0-2196	1
OM468787	NA-NA	NA	NA-NA	NA	0-2196	1
OM468786	NA-NA	NA	NA-NA	NA	0-2196	1
OM468785	NA-NA	NA	NA-NA	NA	0-2196	1
OM468784	NA-NA	NA	NA-NA	NA	0-2196	1
OM468783	NA-NA	NA	NA-NA	NA	0-2196	1
OM468782	NA-NA	NA	NA-NA	NA	0-2196	1
OM468781	NA-NA	NA	NA-NA	NA	0-2196	1
OM468780	NA-NA	NA	NA-NA	NA	0-2196	1
OM468779	NA-NA	NA	NA-NA	NA	0-2196	1
OM468778	NA-NA	NA	NA-NA	NA	0-2196	1
OM468777	NA-NA	NA	NA-NA	NA	0-2196	1
OM468776	NA-NA	NA	NA-NA	NA	0-2196	1
OM468775	NA-NA	NA	NA-NA	NA	0-2277	1
OM468774	NA-NA	NA	NA-NA	NA	0-2277	1
OM468773	NA-NA	NA	NA-NA	NA	0-2277	1
OM468772	NA-NA	NA	NA-NA	NA	0-2277	1
OM468771	NA-NA	NA	NA-NA	NA	0-2277	1
OM468770	NA-NA	NA	NA-NA	NA	0-2277	1
OM468769	NA-NA	NA	NA-NA	NA	0-2277	1
OM468768	NA-NA	NA	NA-NA	NA	0-2277	1
OM468767	NA-NA	NA	NA-NA	NA	0-2277	1
OM468766	NA-NA	NA	NA-NA	NA	0-2277	1
OM468765	NA-NA	NA	NA-NA	NA	0-2277	1
OM468764	NA-NA	NA	NA-NA	NA	0-2277	1
OM468763	NA-NA	NA	NA-NA	NA	0-2277	1
OM468762	NA-NA	NA	NA-NA	NA	0-2277	1
OM468761	NA-NA	NA	NA-NA	NA	0-2277	1
OM468760	NA-NA	NA	NA-NA	NA	0-2277	1
OM468759	NA-NA	NA	NA-NA	NA	0-2277	1
OM468758	NA-NA	NA	NA-NA	NA	0-2277	1
OM468757	NA-NA	NA	NA-NA	NA	0-2277	1
OM468756	NA-NA	NA	NA-NA	NA	0-2277	1
OM468755	NA-NA	NA	NA-NA	NA	0-2277	1
OM468754	NA-NA	NA	NA-NA	NA	0-2277	1
OM468753	NA-NA	NA	NA-NA	NA	0-2277	1
OM468752	NA-NA	NA	NA-NA	NA	0-2277	1
OM468751	NA-NA	NA	NA-NA	NA	0-2277	1
OM468750	NA-NA	NA	NA-NA	NA	0-2277	1
OM468749	NA-NA	NA	NA-NA	NA	0-2277	1
OM468748	NA-NA	NA	NA-NA	NA	0-2277	1
OM468747	NA-NA	NA	NA-NA	NA	0-2277	1
OM468746	NA-NA	NA	NA-NA	NA	0-2277	1
OM468745	NA-NA	NA	NA-NA	NA	0-2277	1
OM468744	NA-NA	NA	NA-NA	NA	0-2277	1
OM468743	NA-NA	NA	NA-NA	NA	0-2277	1
OM468742	NA-NA	NA	NA-NA	NA	0-2277	1
OM468741	NA-NA	NA	NA-NA	NA	0-2277	1
OM468740	NA-NA	NA	NA-NA	NA	0-2238	1
OM468739	NA-NA	NA	NA-NA	NA	0-2271	1
OM468738	NA-NA	NA	NA-NA	NA	0-2271	1
OM468737	NA-NA	NA	NA-NA	NA	0-2271	1
OM468736	NA-NA	NA	NA-NA	NA	0-2271	1
OM468735	NA-NA	NA	NA-NA	NA	0-2271	1
OM468734	NA-NA	NA	NA-NA	NA	0-2271	1
OM468733	NA-NA	NA	NA-NA	NA	0-2271	1
OM468732	NA-NA	NA	NA-NA	NA	0-2271	1
OM468731	NA-NA	NA	NA-NA	NA	0-2271	1
OM468730	NA-NA	NA	NA-NA	NA	0-2271	1
OM468729	NA-NA	NA	NA-NA	NA	0-2271	1
OM468728	NA-NA	NA	NA-NA	NA	0-2271	1
OM468727	NA-NA	NA	NA-NA	NA	0-2271	1
OM468726	NA-NA	NA	NA-NA	NA	0-2271	1
OM468725	NA-NA	NA	NA-NA	NA	0-2271	1
OM468724	NA-NA	NA	NA-NA	NA	0-2271	1
OM468723	NA-NA	NA	NA-NA	NA	0-2271	1
OM468722	NA-NA	NA	NA-NA	NA	0-2271	1
OM468721	NA-NA	NA	NA-NA	NA	0-2271	1
OM468720	NA-NA	NA	NA-NA	NA	0-2271	1
OM468719	NA-NA	NA	NA-NA	NA	0-2349	1
OM468718	NA-NA	NA	NA-NA	NA	0-2349	1
OM468717	NA-NA	NA	NA-NA	NA	0-2349	1
OM468716	NA-NA	NA	NA-NA	NA	0-2349	1
OM468715	NA-NA	NA	NA-NA	NA	0-2349	1
OM468714	NA-NA	NA	NA-NA	NA	0-2352	1
OM468713	NA-NA	NA	NA-NA	NA	0-2352	1
OM468712	NA-NA	NA	NA-NA	NA	0-2352	1
OM468711	NA-NA	NA	NA-NA	NA	0-2352	1
OM468710	NA-NA	NA	NA-NA	NA	0-2352	1
OM468709	NA-NA	NA	NA-NA	NA	0-2352	1
OM468708	NA-NA	NA	NA-NA	NA	0-2352	1
OM468707	NA-NA	NA	NA-NA	NA	0-2352	1
OM468706	NA-NA	NA	NA-NA	NA	0-2352	1
OM468705	NA-NA	NA	NA-NA	NA	0-2352	1
OM468704	NA-NA	NA	NA-NA	NA	0-2352	1
OM468703	NA-NA	NA	NA-NA	NA	0-2352	1
OM468702	NA-NA	NA	NA-NA	NA	0-2352	1
OM468701	NA-NA	NA	NA-NA	NA	0-2352	1
OM468700	NA-NA	NA	NA-NA	NA	0-2352	1
OM468699	NA-NA	NA	NA-NA	NA	0-2352	1
OM468698	NA-NA	NA	NA-NA	NA	0-2352	1
OM468697	NA-NA	NA	NA-NA	NA	0-2352	1
OM468696	NA-NA	NA	NA-NA	NA	0-2352	1
OM468695	NA-NA	NA	NA-NA	NA	0-2352	1
OM468694	NA-NA	NA	NA-NA	NA	0-2352	1
OM468693	NA-NA	NA	NA-NA	NA	0-2352	1
OM468692	NA-NA	NA	NA-NA	NA	0-2316	1
OM468691	NA-NA	NA	NA-NA	NA	0-2316	1
OM468690	NA-NA	NA	NA-NA	NA	0-2316	1
OM468689	NA-NA	NA	NA-NA	NA	0-2316	1
OM468688	NA-NA	NA	NA-NA	NA	0-2316	1
OM468687	NA-NA	NA	NA-NA	NA	0-2316	1
OM468686	NA-NA	NA	NA-NA	NA	0-2316	1
OM468685	NA-NA	NA	NA-NA	NA	0-2316	1
OM468684	NA-NA	NA	NA-NA	NA	0-2316	1
OM468683	NA-NA	NA	NA-NA	NA	0-2316	1
OM468682	NA-NA	NA	NA-NA	NA	0-2316	1
OM468681	NA-NA	NA	NA-NA	NA	0-2316	1
OM468680	NA-NA	NA	NA-NA	NA	0-2316	1
OM468679	NA-NA	NA	NA-NA	NA	0-2316	1
OM468678	NA-NA	NA	NA-NA	NA	0-2316	1
OM468677	NA-NA	NA	NA-NA	NA	0-2316	1
OM468676	NA-NA	NA	NA-NA	NA	0-2316	1
OM468675	NA-NA	NA	NA-NA	NA	0-2316	1
OM468674	NA-NA	NA	NA-NA	NA	0-2316	1
OM468673	NA-NA	NA	NA-NA	NA	0-2316	1
OM468672	NA-NA	NA	NA-NA	NA	0-2316	1
OM468671	NA-NA	NA	NA-NA	NA	0-2316	1
OM468670	NA-NA	NA	NA-NA	NA	0-2385	1
OM468669	NA-NA	NA	NA-NA	NA	0-2385	1
OM468668	NA-NA	NA	NA-NA	NA	0-2385	1
OM468667	NA-NA	NA	NA-NA	NA	0-2385	1
OM468666	NA-NA	NA	NA-NA	NA	0-2385	1
OM468665	NA-NA	NA	NA-NA	NA	0-2385	1
OM468664	NA-NA	NA	NA-NA	NA	0-2385	1
OM468663	NA-NA	NA	NA-NA	NA	0-2385	1
OM468662	NA-NA	NA	NA-NA	NA	0-2385	1
OM468661	NA-NA	NA	NA-NA	NA	0-2385	1
OM468660	NA-NA	NA	NA-NA	NA	0-2400	1
OM468659	NA-NA	NA	NA-NA	NA	0-2400	1
OM468658	NA-NA	NA	NA-NA	NA	0-2400	1
OM468657	NA-NA	NA	NA-NA	NA	0-2400	1
OM468656	NA-NA	NA	NA-NA	NA	0-2400	1
OM468655	NA-NA	NA	NA-NA	NA	0-2400	1
OM468654	NA-NA	NA	NA-NA	NA	0-2400	1
OM468653	NA-NA	NA	NA-NA	NA	0-2400	1
OM468652	NA-NA	NA	NA-NA	NA	0-2400	1
OM468651	NA-NA	NA	NA-NA	NA	0-2400	1
OM468650	NA-NA	NA	NA-NA	NA	0-2400	1
OM468649	NA-NA	NA	NA-NA	NA	0-2400	1
OM468648	NA-NA	NA	NA-NA	NA	0-2400	1
OM468647	NA-NA	NA	NA-NA	NA	0-2400	1
OM468646	NA-NA	NA	NA-NA	NA	0-2400	1
OM468645	NA-NA	NA	NA-NA	NA	0-2400	1
OM468644	NA-NA	NA	NA-NA	NA	0-2400	1
OM468643	NA-NA	NA	NA-NA	NA	0-2400	1
OM468642	NA-NA	NA	NA-NA	NA	0-2400	1
OM468641	NA-NA	NA	NA-NA	NA	0-2400	1
OM468640	NA-NA	NA	NA-NA	NA	0-2400	1
OM468639	NA-NA	NA	NA-NA	NA	0-2400	1
OM468638	NA-NA	NA	NA-NA	NA	0-2400	1
OM468637	NA-NA	NA	NA-NA	NA	0-2400	1
OM468636	NA-NA	NA	NA-NA	NA	0-2364	1
OM468635	NA-NA	NA	NA-NA	NA	0-2364	1
OM468634	NA-NA	NA	NA-NA	NA	0-2364	1
OM468633	NA-NA	NA	NA-NA	NA	0-2364	1
OM468632	NA-NA	NA	NA-NA	NA	0-2364	1
OM468631	NA-NA	NA	NA-NA	NA	0-2364	1
OM468630	NA-NA	NA	NA-NA	NA	0-2364	1
OM468629	NA-NA	NA	NA-NA	NA	0-2364	1
OM468628	NA-NA	NA	NA-NA	NA	0-2364	1
OM468627	NA-NA	NA	NA-NA	NA	0-2364	1
OM468626	NA-NA	NA	NA-NA	NA	0-2364	1
OM468625	NA-NA	NA	NA-NA	NA	0-2364	1
OM468624	NA-NA	NA	NA-NA	NA	0-2364	1
OM468623	NA-NA	NA	NA-NA	NA	0-2364	1
OM468622	NA-NA	NA	NA-NA	NA	0-2364	1
OM468621	NA-NA	NA	NA-NA	NA	0-2364	1
OM468620	NA-NA	NA	NA-NA	NA	0-2364	1
OM468619	NA-NA	NA	NA-NA	NA	0-2364	1
OM468618	NA-NA	NA	NA-NA	NA	0-2364	1
OM468617	NA-NA	NA	NA-NA	NA	0-2364	1
OM468616	NA-NA	NA	NA-NA	NA	0-2364	1
OM468615	NA-NA	NA	NA-NA	NA	0-2364	1
OM468614	NA-NA	NA	NA-NA	NA	0-2364	1
OM468613	NA-NA	NA	NA-NA	NA	0-2364	1
OM468612	NA-NA	NA	NA-NA	NA	0-2364	1
OM468611	NA-NA	NA	NA-NA	NA	0-2364	1
OM954093	NA-NA	NA	261-1099	1	NA-NA	NA
OM954094	NA-NA	NA	3771-5447	1	NA-NA	NA
OM954092	NA-NA	NA	492-1339	1	NA-NA	NA
OM954091	NA-NA	NA	121-1004	1	NA-NA	NA
OM954090	NA-NA	NA	52-1007	1	NA-NA	NA
OM954089	NA-NA	NA	65-1075	1	NA-NA	NA
OM954088	NA-NA	NA	191-1043	1	NA-NA	NA
OM954087	NA-NA	NA	359-1298	1	NA-NA	NA
OM954086	NA-NA	NA	372-1422	1	NA-NA	NA
OM954085	NA-NA	NA	91-1239	1	NA-NA	NA
OM954084	NA-NA	NA	161-1416	1	NA-NA	NA
OM954083	NA-NA	NA	875-2026	1	NA-NA	NA
OM954082	NA-NA	NA	58-1405	1	NA-NA	NA
OM954081	NA-NA	NA	42-2466	1	NA-NA	NA
OM953854	NA-NA	NA	21-1065	1	NA-NA	NA
OM953851	NA-NA	NA	1805-3302	1	NA-NA	NA
OM953850	NA-NA	NA	22-1564	1	NA-NA	NA
OM953849	NA-NA	NA	4192-5689	1	NA-NA	NA
OM953848	NA-NA	NA	2829-4329	1	NA-NA	NA
OM953847	NA-NA	NA	1243-2842	1	NA-NA	NA
OM953846	NA-NA	NA	768-2352	1	NA-NA	NA
OM953845	NA-NA	NA	0-927	1	NA-NA	NA
OM953844	NA-NA	NA	31-973	1	NA-NA	NA
OM953843	NA-NA	NA	1704-3435	1	NA-NA	NA
OM953842	NA-NA	NA	3-1368	1	NA-NA	NA
OM953841	NA-NA	NA	555-2004	1	NA-NA	NA
MT333776	NA-NA	NA	NA-NA	NA	0-219	1
MT333775	NA-NA	NA	NA-NA	NA	0-189	1
MT333774	NA-NA	NA	NA-NA	NA	1-211	1
MT333773	NA-NA	NA	NA-NA	NA	1-219	1
MT333772	NA-NA	NA	NA-NA	NA	2-210	1
MT333771	NA-NA	NA	NA-NA	NA	0-221	1
MT333770	NA-NA	NA	NA-NA	NA	0-222	1
MT333769	NA-NA	NA	NA-NA	NA	1-216	1
MT333768	NA-NA	NA	NA-NA	NA	0-229	1
MT333767	NA-NA	NA	NA-NA	NA	0-220	1
MT333766	NA-NA	NA	NA-NA	NA	2-213	1
MT333765	NA-NA	NA	NA-NA	NA	1-222	1
MT333764	NA-NA	NA	NA-NA	NA	2-210	1
MT333763	NA-NA	NA	NA-NA	NA	1-212	1
MT333762	NA-NA	NA	NA-NA	NA	0-228	1
MT333761	NA-NA	NA	NA-NA	NA	0-197	1
MT333760	2-265	1	NA-NA	NA	NA-NA	NA
MT333759	0-267	1	NA-NA	NA	NA-NA	NA
MT333758	1-267	1	NA-NA	NA	NA-NA	NA
MT333757	0-263	1	NA-NA	NA	NA-NA	NA
MT333756	2-266	1	NA-NA	NA	NA-NA	NA
MT333755	1-252	1	NA-NA	NA	NA-NA	NA
MT333754	1-266	1	NA-NA	NA	NA-NA	NA
MT333753	2-268	1	NA-NA	NA	NA-NA	NA
MT333752	0-264	1	NA-NA	NA	NA-NA	NA
MT333751	1-265	1	NA-NA	NA	NA-NA	NA
MT333750	1-268	1	NA-NA	NA	NA-NA	NA
MT333749	1-269	1	NA-NA	NA	NA-NA	NA
MT333748	2-275	1	NA-NA	NA	NA-NA	NA
MT333747	0-221	1	NA-NA	NA	NA-NA	NA
MT333746	2-266	1	NA-NA	NA	NA-NA	NA
MT333745	2-266	1	NA-NA	NA	NA-NA	NA
LC695000	5-2369	1	2305-3841	1	3833-6104	1
LC694999	0-2364	1	2300-3836	1	3828-6099	1
LC694998	1-2353	1	2289-3825	1	3817-6088	1
LC694997	73-2875	1	2814-4362	1	4354-6718	1
LC694996	76-2878	1	2817-4365	1	4357-6721	1
LC694995	108-2916	1	2843-4403	1	4395-6759	1
LC694994	74-2882	1	2809-4369	1	4361-6725	1
LC694993	75-2883	1	2810-4370	1	4362-6726	1
LC694992	87-2895	1	2822-4382	1	4374-6738	1
LC694991	76-2884	1	2811-4371	1	4363-6727	1
LC694990	79-2887	1	2814-4374	1	4366-6730	1
LC694989	78-2886	1	2813-4373	1	4365-6729	1
LC694988	91-2899	1	2826-4386	1	4378-6742	1
LC694987	72-2880	1	2807-4367	1	4359-6723	1
LC694986	75-2883	1	2822-4370	1	4362-6726	1
LC694985	70-2833	1	2772-4320	1	4312-6697	1
OM366152	NA-NA	NA	NA-NA	NA	0-2208	1
OM366151	NA-NA	NA	NA-NA	NA	0-2208	1
OM366150	NA-NA	NA	NA-NA	NA	0-2208	1
OM366112	NA-NA	NA	NA-NA	NA	0-2250	1
OM366110	NA-NA	NA	NA-NA	NA	0-2298	1
MZ097399	NA-NA	NA	NA-NA	NA	0-2115	1
MZ097398	NA-NA	NA	NA-NA	NA	0-2115	1
MZ097397	NA-NA	NA	NA-NA	NA	0-2043	1
MZ097396	NA-NA	NA	NA-NA	NA	0-2181	1
MZ097395	NA-NA	NA	NA-NA	NA	0-2196	1
MZ097394	NA-NA	NA	NA-NA	NA	0-2004	1
MZ097393	NA-NA	NA	NA-NA	NA	0-2004	1
MZ097392	NA-NA	NA	NA-NA	NA	0-2004	1
MZ097391	NA-NA	NA	NA-NA	NA	0-2004	1
MZ097390	NA-NA	NA	NA-NA	NA	0-2004	1
MZ097389	NA-NA	NA	NA-NA	NA	0-2163	1
MZ097388	NA-NA	NA	NA-NA	NA	0-1818	1
MZ097387	NA-NA	NA	NA-NA	NA	0-2232	1
MZ097386	NA-NA	NA	NA-NA	NA	0-2232	1
MZ097385	NA-NA	NA	NA-NA	NA	0-2217	1
MZ097384	NA-NA	NA	NA-NA	NA	0-2232	1
MZ097383	NA-NA	NA	NA-NA	NA	0-2163	1
MW401223	NA-NA	NA	0-429	1	NA-NA	NA
MW401222	NA-NA	NA	0-429	1	NA-NA	NA
MW401221	NA-NA	NA	2-395	1	NA-NA	NA
MW401220	NA-NA	NA	0-429	1	NA-NA	NA
MW401219	NA-NA	NA	0-429	1	NA-NA	NA
MW401218	NA-NA	NA	0-429	1	NA-NA	NA
MW401217	NA-NA	NA	0-429	1	NA-NA	NA
MW401216	NA-NA	NA	0-429	1	NA-NA	NA
MW401215	NA-NA	NA	0-429	1	NA-NA	NA
MW401214	NA-NA	NA	0-429	1	NA-NA	NA
MW401213	NA-NA	NA	0-429	1	NA-NA	NA
MW401212	NA-NA	NA	0-429	1	NA-NA	NA
MW401211	NA-NA	NA	0-429	1	NA-NA	NA
MW401210	NA-NA	NA	0-429	1	NA-NA	NA
MW401209	NA-NA	NA	0-429	1	NA-NA	NA
MW401208	NA-NA	NA	0-429	1	NA-NA	NA
MW401207	NA-NA	NA	0-429	1	NA-NA	NA
MW357987	NA-NA	NA	2-215	1	207-609	1
MW357986	NA-NA	NA	2-218	1	210-644	1
MW357984	NA-NA	NA	0-243	1	235-552	1
MW357981	NA-NA	NA	2-269	1	261-716	1
MW357980	NA-NA	NA	2-296	1	288-753	1
OK067314	NA-NA	NA	1-255	1	NA-NA	NA
OK066048	NA-NA	NA	1-139	1	NA-NA	NA
OK066047	NA-NA	NA	1-139	1	NA-NA	NA
OK066046	NA-NA	NA	1-139	1	NA-NA	NA
OK066045	NA-NA	NA	1-139	1	NA-NA	NA
OK066044	NA-NA	NA	1-139	1	NA-NA	NA
OK066043	NA-NA	NA	1-139	1	NA-NA	NA
OK066042	NA-NA	NA	1-139	1	NA-NA	NA
OK066041	NA-NA	NA	1-139	1	NA-NA	NA
OK066040	NA-NA	NA	1-139	1	NA-NA	NA
OK066039	NA-NA	NA	1-139	1	NA-NA	NA
OK066038	NA-NA	NA	1-139	1	NA-NA	NA
OK066037	NA-NA	NA	1-139	1	NA-NA	NA
OK066036	NA-NA	NA	1-139	1	NA-NA	NA
OK066035	NA-NA	NA	1-139	1	NA-NA	NA
OK066034	NA-NA	NA	1-139	1	NA-NA	NA
OK066033	NA-NA	NA	1-139	1	NA-NA	NA
OK066032	NA-NA	NA	1-139	1	NA-NA	NA
OK066031	NA-NA	NA	1-139	1	NA-NA	NA
OK066030	NA-NA	NA	1-139	1	NA-NA	NA
OK066029	NA-NA	NA	1-139	1	NA-NA	NA
OK066028	NA-NA	NA	1-139	1	NA-NA	NA
OK066027	NA-NA	NA	1-139	1	NA-NA	NA
OK066026	NA-NA	NA	1-139	1	NA-NA	NA
OK066025	NA-NA	NA	1-139	1	NA-NA	NA
OK066024	NA-NA	NA	1-139	1	NA-NA	NA
OK066023	NA-NA	NA	1-139	1	NA-NA	NA
OK066022	NA-NA	NA	1-139	1	NA-NA	NA
OK066021	NA-NA	NA	1-139	1	NA-NA	NA
OK066020	NA-NA	NA	1-139	1	NA-NA	NA
OK066019	NA-NA	NA	1-139	1	NA-NA	NA
OK066018	NA-NA	NA	1-139	1	NA-NA	NA
OK066017	NA-NA	NA	1-139	1	NA-NA	NA
OK066016	NA-NA	NA	1-139	1	NA-NA	NA
OK066015	NA-NA	NA	1-139	1	NA-NA	NA
OK066014	NA-NA	NA	1-139	1	NA-NA	NA
OK066013	NA-NA	NA	1-139	1	NA-NA	NA
OK066012	NA-NA	NA	1-139	1	NA-NA	NA
OK066011	NA-NA	NA	1-139	1	NA-NA	NA
OK066010	NA-NA	NA	1-139	1	NA-NA	NA
OK066009	NA-NA	NA	1-139	1	NA-NA	NA
OK066008	NA-NA	NA	1-139	1	NA-NA	NA
OK066007	NA-NA	NA	1-139	1	NA-NA	NA
OM273310	18-3273	1	3263-4814	1	4832-6947	1
OM273309	18-3273	1	3263-4814	1	4832-6947	1
OM273308	18-3273	1	3263-4814	1	4832-6947	1
OM273307	18-3273	1	3263-4814	1	4832-6947	1
OM273306	18-3273	1	3263-4814	1	4832-6947	1
OM273305	18-3273	1	3263-4814	1	4832-6947	1
OM273304	18-3273	1	3263-4814	1	4832-6947	1
OM273303	18-3273	1	3263-4814	1	4832-6947	1
OM273302	18-3273	1	3263-4814	1	4832-6947	1
OM339161	NA-NA	NA	0-409	1	NA-NA	NA
OM339160	NA-NA	NA	0-409	1	NA-NA	NA
OM339159	NA-NA	NA	0-409	1	NA-NA	NA
MW239655	NA-NA	NA	NA-NA	NA	2-334	1
MW239654	NA-NA	NA	NA-NA	NA	1-322	1
MZ779126	23-2465	1	2464-4081	1	4073-6797	1
OM480545	0-2385	1	NA-NA	NA	3726-6432	1
MW310481	NA-NA	NA	2-398	1	NA-NA	NA
MW310479	NA-NA	NA	1-391	1	NA-NA	NA
MW310477	NA-NA	NA	0-367	1	NA-NA	NA
MW310476	NA-NA	NA	1-399	1	NA-NA	NA
MW310475	NA-NA	NA	2-381	1	NA-NA	NA
MW310474	NA-NA	NA	1-390	1	NA-NA	NA
MW310473	NA-NA	NA	0-338	1	NA-NA	NA
MW310472	NA-NA	NA	0-393	1	NA-NA	NA
MW310471	NA-NA	NA	2-379	1	NA-NA	NA
MW310469	NA-NA	NA	0-315	1	NA-NA	NA
MW310468	NA-NA	NA	0-380	1	NA-NA	NA
MW310466	NA-NA	NA	2-399	1	NA-NA	NA
MW310465	NA-NA	NA	0-396	1	NA-NA	NA
MW310463	NA-NA	NA	2-334	1	NA-NA	NA
MW310461	NA-NA	NA	1-389	1	NA-NA	NA
MW310460	NA-NA	NA	0-401	1	NA-NA	NA
MW310459	NA-NA	NA	0-372	1	NA-NA	NA
MW310458	NA-NA	NA	0-397	1	NA-NA	NA
MZ546174	198-4488	1	NA-NA	NA	4480-6844	1
OL871149	NA-NA	NA	2-279	-1	NA-NA	NA
OL871148	NA-NA	NA	1-270	-1	NA-NA	NA
OL871133	NA-NA	NA	2-1130	1	NA-NA	NA
OL871132	NA-NA	NA	0-945	1	NA-NA	NA
OL871131	NA-NA	NA	1-247	1	NA-NA	NA
OL871130	NA-NA	NA	0-704	1	NA-NA	NA
OL871129	NA-NA	NA	0-678	1	NA-NA	NA
OL871128	NA-NA	NA	0-2295	1	NA-NA	NA
OL871127	NA-NA	NA	2-424	-1	NA-NA	NA
OL871126	NA-NA	NA	0-273	-1	NA-NA	NA
OM095382	105-3474	1	3731-5015	1	5040-7278	1
OM480521	2-2573	1	NA-NA	NA	3916-5302	1
OM480534	50-2438	1	2437-3934	1	NA-NA	NA
OM480532	1-367	1	366-1878	1	1861-4069	1
OM451117	NA-NA	NA	0-3288	1	4764-7323	1
OM451147	NA-NA	NA	0-3909	1	NA-NA	NA
OM480543	25-2830	1	2829-4341	1	4327-6877	1
OM480535	0-2157	1	2156-3350	1	NA-NA	NA
OM480533	2-2411	1	2410-3907	1	4392-6039	1
OM480544	NA-NA	NA	2-1217	1	1203-3882	1
OM480542	116-1838	1	2278-3997	1	3983-6530	1
MT981282	NA-NA	NA	0-330	1	NA-NA	NA
OM451211	NA-NA	NA	40-3976	1	3968-6308	1
OM451210	NA-NA	NA	0-3888	1	4373-6020	1
OM451148	NA-NA	NA	36-4272	1	4264-6685	1
OM451146	NA-NA	NA	NA-NA	NA	0-561	1
OM451145	NA-NA	NA	0-1320	1	NA-NA	NA
OM451116	NA-NA	NA	1-4153	1	4442-6656	1
OM451114	NA-NA	NA	0-4089	1	4217-6416	1
OM451113	NA-NA	NA	98-4190	1	4182-6376	1
OM451109	NA-NA	NA	2-4154	1	4146-6501	1
OM451108	NA-NA	NA	0-2061	1	2066-4211	1
OM451107	NA-NA	NA	1-3928	1	3920-5726	1
OM451106	NA-NA	NA	0-3975	1	3967-6295	1
OM451105	NA-NA	NA	2-3941	1	3933-6261	1
OM451115	NA-NA	NA	35-4271	1	4263-6627	1
OM451112	NA-NA	NA	69-4305	1	4297-6712	1
OM451111	NA-NA	NA	58-4294	1	4286-6701	1
OM451110	NA-NA	NA	1-4324	1	4316-6785	1
OM451104	NA-NA	NA	28-3964	1	3956-6296	1
OM140654	88-2749	1	2612-4235	1	4227-6618	1
MW504580	2737-2821	1	2576-2635	1	NA-NA	NA
MW504559	2-2453	1	2407-3916	1	3908-6215	1
MW504552	2-2390	1	2335-3853	1	3797-6108	1
MW504579	0-1992	1	1928-3310	1	NA-NA	NA
MW504578	86-2648	1	2584-3548	1	NA-NA	NA
MW504577	91-2644	1	2580-4089	1	4081-6574	1
MW504576	120-2670	1	2606-4115	1	4107-6606	1
MW504575	2-2342	1	2278-3353	1	NA-NA	NA
MW504574	142-2704	1	2640-3386	1	NA-NA	NA
MW504573	2-2234	1	2170-3679	1	3671-6170	1
MW504572	139-2689	1	2625-4134	1	4126-6601	1
MW504571	2-2240	1	2176-3685	1	3677-6146	1
MW504570	1-2620	1	2556-4065	1	4057-6553	1
MW504569	36-2465	1	2465-3974	1	3918-6256	1
MW504568	36-2465	1	2465-3912	1	NA-NA	NA
MW504567	41-2516	1	2470-3979	1	3923-6314	1
MW504566	43-2518	1	2472-3931	1	NA-NA	NA
MW504565	35-2464	1	2464-3973	1	3917-6308	1
MW504564	37-2466	1	2466-3947	1	NA-NA	NA
MW504563	38-2513	1	2467-3976	1	3920-6326	1
MW504562	36-2511	1	2465-3974	1	3918-6315	1
MW504561	70-2499	1	2499-4008	1	3952-6355	1
MW504560	39-2468	1	2468-3977	1	3921-6324	1
MW504558	105-2534	1	2534-4043	1	3987-6387	1
MW504557	36-2465	1	2465-3974	1	3918-6348	1
MW504556	34-2509	1	2463-3972	1	3916-6337	1
MW504555	36-2511	1	2465-3186	1	NA-NA	NA
MW504554	34-2509	1	2463-3972	1	3916-6316	1
MW504553	34-2509	1	2463-3972	1	3916-6316	1
MW504551	2-2069	1	2023-3532	1	3476-5843	1
MW504550	46-2475	1	2475-3984	1	3928-6295	1
MW504549	NA-NA	NA	2-953	1	945-3522	1
MW504548	NA-NA	NA	2-863	1	807-3142	1
MW504547	NA-NA	NA	1-1504	1	1448-3696	1
MW504546	16-2702	1	2703-4245	1	4237-6452	1
MW504545	32-2565	1	2566-4075	1	3920-6284	1
MW217578	22-3745	1	3735-5286	1	5309-7505	1
MZ357118	13-2791	1	2724-4239	1	4195-6724	1
MZ357117	26-2501	1	2452-3964	1	3908-6212	1
MZ357116	49-2596	1	2607-4128	1	4117-6454	1
OL762472	22-3304	1	3294-4839	1	4868-6983	1
OL762471	22-3304	1	3294-4839	1	4868-6983	1
OL682011	NA-NA	NA	NA-NA	NA	2-428	1
OL682010	NA-NA	NA	NA-NA	NA	2-429	1
OL682009	NA-NA	NA	NA-NA	NA	2-433	1
OL682008	NA-NA	NA	NA-NA	NA	0-428	1
OL682007	NA-NA	NA	NA-NA	NA	2-444	1
OL682006	NA-NA	NA	NA-NA	NA	1-428	1
OL682005	NA-NA	NA	NA-NA	NA	2-428	1
OL682004	NA-NA	NA	NA-NA	NA	1-428	1
OL682003	NA-NA	NA	NA-NA	NA	0-439	1
OL682002	NA-NA	NA	NA-NA	NA	2-428	1
OL682001	NA-NA	NA	NA-NA	NA	0-448	1
OL682000	NA-NA	NA	NA-NA	NA	2-444	1
OL681999	NA-NA	NA	NA-NA	NA	1-428	1
OL681998	NA-NA	NA	NA-NA	NA	2-447	1
OL681997	NA-NA	NA	NA-NA	NA	2-440	1
OL681996	NA-NA	NA	NA-NA	NA	2-444	1
OL681995	NA-NA	NA	NA-NA	NA	2-446	1
OL681994	NA-NA	NA	NA-NA	NA	2-361	1
OL681993	NA-NA	NA	NA-NA	NA	0-426	1
OL681992	NA-NA	NA	NA-NA	NA	1-428	1
OL681991	NA-NA	NA	NA-NA	NA	2-438	1
OL681990	NA-NA	NA	NA-NA	NA	1-448	1
OL681989	NA-NA	NA	NA-NA	NA	2-443	1
OL681988	NA-NA	NA	NA-NA	NA	1-427	1
OL681987	NA-NA	NA	NA-NA	NA	1-426	1
OL681986	NA-NA	NA	NA-NA	NA	0-427	1
OL681985	NA-NA	NA	NA-NA	NA	2-447	1
OL681984	NA-NA	NA	NA-NA	NA	1-429	1
OL681983	NA-NA	NA	NA-NA	NA	2-440	1
OL681982	NA-NA	NA	NA-NA	NA	1-427	1
OL681981	NA-NA	NA	NA-NA	NA	1-428	1
OL681980	NA-NA	NA	NA-NA	NA	0-426	1
OL681979	NA-NA	NA	NA-NA	NA	0-429	1
OL681978	NA-NA	NA	NA-NA	NA	1-429	1
OL681977	NA-NA	NA	NA-NA	NA	2-435	1
OL681976	NA-NA	NA	NA-NA	NA	1-429	1
OL681975	NA-NA	NA	NA-NA	NA	0-437	1
OL681974	NA-NA	NA	NA-NA	NA	0-447	1
MW373720	28-2479	1	2433-3942	1	3886-6048	1
MW373719	41-2375	1	2332-3847	1	3836-6056	1
MW373718	41-2375	1	2332-3847	1	3836-6077	1
MW373717	32-2483	1	2437-3946	1	3890-6122	1
MW373716	33-2484	1	2438-3947	1	3810-6123	1
MW373715	32-2486	1	2440-3949	1	3893-6206	1
MW373714	36-2490	1	2444-3953	1	3945-6213	1
MW373713	32-2486	1	2440-3949	1	3893-6212	1
MW373712	34-2488	1	2439-3951	1	3895-6238	1
OL321961	NA-NA	NA	NA-NA	NA	0-2149	1
OL321960	NA-NA	NA	NA-NA	NA	0-2202	1
OL321959	NA-NA	NA	NA-NA	NA	0-2202	1
OL321958	NA-NA	NA	NA-NA	NA	0-2202	1
MZ540211	169-3274	1	3264-4815	1	4833-6948	1
OK135154	NA-NA	NA	0-684	1	676-997	1
OK135153	NA-NA	NA	0-684	1	676-1003	1
OK135152	NA-NA	NA	0-684	1	676-997	1
OK135151	NA-NA	NA	0-684	1	676-997	1
OK135150	NA-NA	NA	0-684	1	676-997	1
OL652659	22-3745	1	3735-5286	1	5309-7505	1
MZ819174	74-2624	1	NA-NA	NA	3237-5685	1
MZ819173	74-2630	1	NA-NA	NA	NA-NA	NA
MZ819172	100-2719	1	2679-4191	1	4174-6382	1
MZ819171	100-2719	1	2679-4191	1	4174-6382	1
MZ819170	100-2719	1	2679-4191	1	4174-6382	1
MZ819168	99-2718	1	2678-4190	1	4173-6381	1
MZ819167	71-2690	1	2650-4162	1	4145-6353	1
MZ819166	84-2703	1	2663-4175	1	4158-6261	1
MZ819165	29-2504	1	2458-3967	1	3959-6269	1
MZ819164	15-2490	1	2444-3953	1	3945-6264	1
MZ150559	8-3056	1	3043-4576	1	4595-6635	1
MZ209691	NA-NA	NA	3604-6808	1	NA-NA	NA
OK571391	22-3304	1	3294-4839	1	4868-6983	1
OK571390	13-3268	1	3258-4809	1	4827-6942	1
OK571389	13-3268	1	3258-4809	1	4827-6942	1
OL739531	NA-NA	NA	NA-NA	NA	NA-NA	NA
MT980823	NA-NA	NA	2-204	1	NA-NA	NA
MT980821	NA-NA	NA	1-354	1	NA-NA	NA
MT980822	NA-NA	NA	0-305	1	NA-NA	NA
MT980820	NA-NA	NA	0-320	1	NA-NA	NA
MT980819	NA-NA	NA	0-323	1	NA-NA	NA
MT955603	NA-NA	NA	0-229	1	NA-NA	NA
MT955602	NA-NA	NA	0-240	1	NA-NA	NA
MT955601	NA-NA	NA	0-224	1	NA-NA	NA
MT955600	NA-NA	NA	0-206	1	NA-NA	NA
MZ327133	NA-NA	NA	0-396	1	NA-NA	NA
MZ327132	NA-NA	NA	0-366	1	NA-NA	NA
MZ327131	NA-NA	NA	0-366	1	NA-NA	NA
MZ327130	NA-NA	NA	0-366	1	NA-NA	NA
MZ327129	NA-NA	NA	0-366	1	NA-NA	NA
MZ327128	NA-NA	NA	0-366	1	NA-NA	NA
MZ327127	NA-NA	NA	0-366	1	NA-NA	NA
MZ327126	NA-NA	NA	0-366	1	NA-NA	NA
MZ327125	NA-NA	NA	0-366	1	NA-NA	NA
MZ327124	NA-NA	NA	0-363	1	NA-NA	NA
MZ327123	NA-NA	NA	0-363	1	NA-NA	NA
MZ327122	NA-NA	NA	0-363	1	NA-NA	NA
MZ327121	NA-NA	NA	0-363	1	NA-NA	NA
MZ327120	NA-NA	NA	0-363	1	NA-NA	NA
MZ327119	NA-NA	NA	0-363	1	NA-NA	NA
MZ327118	NA-NA	NA	0-363	1	NA-NA	NA
MZ327117	NA-NA	NA	0-363	1	NA-NA	NA
MZ327116	NA-NA	NA	0-363	1	NA-NA	NA
MZ327115	NA-NA	NA	0-363	1	NA-NA	NA
MZ327114	NA-NA	NA	0-363	1	NA-NA	NA
MZ327113	NA-NA	NA	0-363	1	NA-NA	NA
MZ327112	NA-NA	NA	0-363	1	NA-NA	NA
MZ327111	NA-NA	NA	0-363	1	NA-NA	NA
MZ327110	NA-NA	NA	0-363	1	NA-NA	NA
MZ327109	NA-NA	NA	0-363	1	NA-NA	NA
MZ327108	NA-NA	NA	0-363	1	NA-NA	NA
MZ327107	NA-NA	NA	0-363	1	NA-NA	NA
MZ327106	NA-NA	NA	0-363	1	NA-NA	NA
MZ327105	NA-NA	NA	0-363	1	NA-NA	NA
MZ327104	NA-NA	NA	0-363	1	NA-NA	NA
MZ327103	NA-NA	NA	0-363	1	NA-NA	NA
MZ327102	NA-NA	NA	0-363	1	NA-NA	NA
MZ327101	NA-NA	NA	0-363	1	NA-NA	NA
MZ327100	NA-NA	NA	0-363	1	NA-NA	NA
MZ327099	NA-NA	NA	0-363	1	NA-NA	NA
MZ327098	NA-NA	NA	0-363	1	NA-NA	NA
MZ327097	NA-NA	NA	0-363	1	NA-NA	NA
MZ327096	NA-NA	NA	0-363	1	NA-NA	NA
MZ327095	NA-NA	NA	0-363	1	NA-NA	NA
MW239504	NA-NA	NA	5-1099	1	NA-NA	NA
MW239381	NA-NA	NA	0-831	1	NA-NA	NA
MW239289	NA-NA	NA	0-735	1	NA-NA	NA
MW239205	NA-NA	NA	0-1265	-1	NA-NA	NA
MW239195	NA-NA	NA	0-1233	-1	NA-NA	NA
MW239194	NA-NA	NA	0-1246	-1	NA-NA	NA
MT568535	NA-NA	NA	6-4251	1	NA-NA	NA
MZ476778	NA-NA	NA	13-404	1	NA-NA	NA
MZ182272	NA-NA	NA	NA-NA	NA	NA-NA	NA
MZ182271	NA-NA	NA	NA-NA	NA	NA-NA	NA
MZ182250	NA-NA	NA	NA-NA	NA	0-333	-1
LC656684	0-1154	1	NA-NA	NA	NA-NA	NA
LC656683	NA-NA	NA	2-273	1	NA-NA	NA
LC656682	NA-NA	NA	NA-NA	NA	2-290	1
OK107515	30-2580	1	2534-4100	1	4092-6372	1
OK107514	30-2580	1	2534-4100	1	4092-6372	1
OK107513	14-2348	1	2305-3820	1	3809-6002	1
OK107512	7-2458	1	2412-3921	1	3913-6172	1
MZ475060	0-771	1	725-2297	1	2289-4114	1
MT894143	27-2697	1	2648-4184	1	3996-6471	1
MZ614436	NA-NA	NA	0-401	1	NA-NA	NA
MZ614435	NA-NA	NA	0-401	1	NA-NA	NA
MZ614434	NA-NA	NA	0-401	1	NA-NA	NA
MZ614433	NA-NA	NA	0-401	1	NA-NA	NA
MZ614432	NA-NA	NA	0-401	1	NA-NA	NA
MZ614431	NA-NA	NA	0-401	1	NA-NA	NA
MZ614430	NA-NA	NA	0-401	1	NA-NA	NA
MZ614429	NA-NA	NA	0-401	1	NA-NA	NA
MZ614428	NA-NA	NA	0-398	1	NA-NA	NA
MZ614427	NA-NA	NA	0-398	1	NA-NA	NA
MZ614426	NA-NA	NA	0-410	1	NA-NA	NA
MZ614425	NA-NA	NA	0-383	1	NA-NA	NA
MZ614424	NA-NA	NA	0-401	1	NA-NA	NA
MZ614423	NA-NA	NA	0-401	1	NA-NA	NA
MZ614422	NA-NA	NA	0-401	1	NA-NA	NA
MZ614421	NA-NA	NA	0-401	1	NA-NA	NA
MZ614420	NA-NA	NA	0-401	1	NA-NA	NA
MZ614419	NA-NA	NA	0-401	1	NA-NA	NA
MZ614418	NA-NA	NA	0-401	1	NA-NA	NA
MZ614417	NA-NA	NA	0-401	1	NA-NA	NA
MZ614416	NA-NA	NA	0-401	1	NA-NA	NA
MZ614415	NA-NA	NA	0-401	1	NA-NA	NA
MZ614414	NA-NA	NA	0-401	1	NA-NA	NA
MZ614413	NA-NA	NA	0-401	1	NA-NA	NA
MZ614412	NA-NA	NA	0-401	1	NA-NA	NA
MZ614411	NA-NA	NA	0-401	1	NA-NA	NA
MZ614410	NA-NA	NA	0-401	1	NA-NA	NA
MZ614409	NA-NA	NA	0-401	1	NA-NA	NA
MZ614408	NA-NA	NA	0-401	1	NA-NA	NA
MZ614407	NA-NA	NA	0-401	1	NA-NA	NA
MZ614406	NA-NA	NA	0-401	1	NA-NA	NA
MZ614405	NA-NA	NA	0-401	1	NA-NA	NA
MZ614404	NA-NA	NA	0-401	1	NA-NA	NA
MW353015	22-3304	1	3294-4839	1	4868-6992	1
KT946725	14-3032	1	3028-4552	1	4570-6613	1
KT946724	14-3029	1	3025-4549	1	4567-6604	1
KT946723	14-3032	1	3028-4552	1	4570-6601	1
KT946722	14-3032	1	3028-4552	1	4570-6604	1
KT946721	19-2938	1	2904-4434	1	4437-6672	1
KT946720	26-2666	1	2632-4198	1	4154-6527	1
KT946719	22-2659	1	2625-4212	1	4153-6508	1
KT946718	26-2666	1	2632-4198	1	4154-6527	1
MZ576222	13-3268	1	3258-4809	1	4827-6942	1
MZ367372	14-3434	1	3415-4975	1	4999-7222	1
MZ682112	2-3206	1	3157-4690	1	4682-7241	1
MZ375147	51-3045	1	3044-5265	1	NA-NA	NA
MZ375144	NA-NA	NA	NA-NA	NA	NA-NA	NA
MZ375143	1-3016	1	3015-5058	1	NA-NA	NA
MZ375142	NA-NA	NA	NA-NA	NA	4366-6952	1
MZ375141	46-3103	1	3102-5157	1	5065-7774	1
MZ375140	311-3287	1	3286-5062	1	NA-NA	NA
MZ375138	NA-NA	NA	NA-NA	NA	4650-7668	1
MZ375136	39-3036	1	3035-5060	1	4677-7194	1
MZ375135	NA-NA	NA	NA-NA	NA	3938-5719	1
MZ375132	NA-NA	NA	NA-NA	NA	5110-7801	1
MZ375131	NA-NA	NA	NA-NA	NA	5766-8352	1
MZ375150	NA-NA	NA	0-959	1	NA-NA	NA
MZ375149	NA-NA	NA	0-1356	1	NA-NA	NA
MZ375148	NA-NA	NA	0-1899	1	NA-NA	NA
MZ375146	NA-NA	NA	0-756	1	NA-NA	NA
MZ375145	NA-NA	NA	0-1449	1	NA-NA	NA
MZ375139	109-3088	1	3252-4605	1	4626-6885	1
MZ375137	407-3476	1	3475-5524	1	5438-8117	1
MZ375134	108-3531	1	3725-5129	1	4746-7737	1
MZ375133	38-3566	1	3760-5155	1	5069-7748	1
MW043918	NA-NA	NA	0-345	1	NA-NA	NA
MW043917	NA-NA	NA	0-345	1	NA-NA	NA
MW043916	NA-NA	NA	0-345	1	NA-NA	NA
MW043915	NA-NA	NA	0-345	1	NA-NA	NA
MW043914	NA-NA	NA	0-345	1	NA-NA	NA
MW043913	NA-NA	NA	0-345	1	NA-NA	NA
MW043912	NA-NA	NA	0-345	1	NA-NA	NA
MW043911	NA-NA	NA	0-345	1	NA-NA	NA
MW043910	NA-NA	NA	0-345	1	NA-NA	NA
MW043909	NA-NA	NA	0-345	1	NA-NA	NA
MW043908	NA-NA	NA	0-345	1	NA-NA	NA
MW043907	NA-NA	NA	0-345	1	NA-NA	NA
MW043906	NA-NA	NA	0-345	1	NA-NA	NA
MW043905	NA-NA	NA	0-345	1	NA-NA	NA
MW043904	NA-NA	NA	0-345	1	NA-NA	NA
MW043903	NA-NA	NA	0-345	1	NA-NA	NA
MW043902	NA-NA	NA	0-345	1	NA-NA	NA
MW043901	NA-NA	NA	0-345	1	NA-NA	NA
MW043900	NA-NA	NA	0-345	1	NA-NA	NA
MW043899	NA-NA	NA	0-345	1	NA-NA	NA
MW043898	NA-NA	NA	0-345	1	NA-NA	NA
MW043897	NA-NA	NA	0-345	1	NA-NA	NA
MW043896	NA-NA	NA	0-345	1	NA-NA	NA
MW043895	NA-NA	NA	0-345	1	NA-NA	NA
MW043894	NA-NA	NA	0-345	1	NA-NA	NA
MW043893	NA-NA	NA	0-345	1	NA-NA	NA
MW043892	NA-NA	NA	0-345	1	NA-NA	NA
MW043891	NA-NA	NA	0-345	1	NA-NA	NA
MW043890	NA-NA	NA	0-345	1	NA-NA	NA
MW043889	NA-NA	NA	0-345	1	NA-NA	NA
MW043888	NA-NA	NA	0-345	1	NA-NA	NA
MW043887	NA-NA	NA	0-345	1	NA-NA	NA
MZ291971	NA-NA	NA	3213-6804	-1	NA-NA	NA
MZ291970	NA-NA	NA	2001-3801	1	NA-NA	NA
MZ291969	NA-NA	NA	146-361	1	NA-NA	NA
MZ291968	NA-NA	NA	1-404	1	NA-NA	NA
MZ291967	NA-NA	NA	NA-NA	NA	NA-NA	NA
MW653753	30-2565	1	2522-4091	1	3894-6348	1
MW653752	30-2565	1	2522-4091	1	3894-6348	1
MW653751	30-2565	1	2522-4091	1	3894-6348	1
MW653750	30-2565	1	2522-4091	1	3894-6378	1
MW653749	30-2565	1	2522-4091	1	3894-6348	1
MW653748	30-2565	1	2522-4091	1	3894-6348	1
MW732157	30-2565	1	2522-4091	1	3894-6348	1
MW732156	30-2565	1	2522-4091	1	3894-6348	1
MW732155	30-2565	1	2522-4091	1	3894-6348	1
MW732154	30-2565	1	2522-4091	1	NA-NA	NA
MW732153	30-2565	1	2522-4091	1	3894-6348	1
MW732152	30-2565	1	2522-4091	1	3894-6348	1
MW732151	30-2565	1	2522-4091	1	3894-6348	1
MW732150	30-2565	1	2522-4091	1	3894-6348	1
MW732149	30-2565	1	2522-4091	1	3894-6348	1
MW732148	30-2565	1	2522-4091	1	3894-6348	1
MW732147	30-2565	1	2522-4091	1	NA-NA	NA
MW732146	30-2565	1	2522-4091	1	3894-6348	1
MW732145	30-2565	1	2522-4091	1	3894-6348	1
MZ603733	86-2540	1	2494-4003	1	3947-6251	1
MT361962	NA-NA	NA	NA-NA	NA	1-319	1
MT361961	NA-NA	NA	NA-NA	NA	1-319	1
MT361960	NA-NA	NA	NA-NA	NA	1-319	1
MT361959	NA-NA	NA	NA-NA	NA	1-319	1
MT361958	NA-NA	NA	NA-NA	NA	1-319	1
MT361957	NA-NA	NA	NA-NA	NA	1-319	1
MT361956	NA-NA	NA	NA-NA	NA	1-319	1
MT361955	NA-NA	NA	NA-NA	NA	1-319	1
MT361954	NA-NA	NA	NA-NA	NA	1-319	1
MT361953	NA-NA	NA	NA-NA	NA	1-319	1
MT361952	NA-NA	NA	NA-NA	NA	1-319	1
MT361951	NA-NA	NA	NA-NA	NA	1-319	1
MT361950	NA-NA	NA	NA-NA	NA	1-319	1
MT361949	NA-NA	NA	NA-NA	NA	1-319	1
MT361948	NA-NA	NA	NA-NA	NA	1-319	1
MT361947	NA-NA	NA	NA-NA	NA	1-319	1
MT361946	NA-NA	NA	NA-NA	NA	1-319	1
MT361945	NA-NA	NA	NA-NA	NA	1-319	1
MT361944	NA-NA	NA	NA-NA	NA	1-319	1
MT361943	NA-NA	NA	NA-NA	NA	1-319	1
MT361942	NA-NA	NA	NA-NA	NA	1-319	1
MT361941	NA-NA	NA	NA-NA	NA	1-319	1
MT361940	NA-NA	NA	NA-NA	NA	1-319	1
MT361939	NA-NA	NA	NA-NA	NA	1-319	1
MT361938	NA-NA	NA	NA-NA	NA	1-319	1
MT361937	NA-NA	NA	NA-NA	NA	1-319	1
MT361936	NA-NA	NA	NA-NA	NA	1-319	1
MT361935	NA-NA	NA	NA-NA	NA	1-319	1
MT361934	NA-NA	NA	NA-NA	NA	1-319	1
MT361933	NA-NA	NA	NA-NA	NA	1-319	1
MT361932	NA-NA	NA	NA-NA	NA	1-319	1
MT361931	NA-NA	NA	NA-NA	NA	1-319	1
MT361930	NA-NA	NA	NA-NA	NA	1-319	1
MT361929	NA-NA	NA	NA-NA	NA	1-319	1
MT361928	NA-NA	NA	NA-NA	NA	1-319	1
MT361927	NA-NA	NA	NA-NA	NA	0-318	1
MT361926	NA-NA	NA	NA-NA	NA	1-319	1
MT361925	NA-NA	NA	NA-NA	NA	1-319	1
MT361924	NA-NA	NA	NA-NA	NA	1-319	1
MT361923	NA-NA	NA	NA-NA	NA	1-319	1
MT361922	NA-NA	NA	NA-NA	NA	1-319	1
MT361921	NA-NA	NA	NA-NA	NA	1-319	1
MT361920	NA-NA	NA	NA-NA	NA	1-319	1
MT361919	NA-NA	NA	NA-NA	NA	1-319	1
MT361918	NA-NA	NA	NA-NA	NA	1-319	1
MT361917	NA-NA	NA	NA-NA	NA	1-319	1
MT361916	NA-NA	NA	NA-NA	NA	1-319	1
MT361915	NA-NA	NA	NA-NA	NA	1-319	1
MT361914	NA-NA	NA	NA-NA	NA	1-319	1
MT361913	NA-NA	NA	NA-NA	NA	1-319	1
MT361912	NA-NA	NA	NA-NA	NA	1-319	1
MT361911	NA-NA	NA	NA-NA	NA	1-319	1
MT361910	NA-NA	NA	NA-NA	NA	1-319	1
MT361909	NA-NA	NA	NA-NA	NA	1-319	1
MT361908	NA-NA	NA	NA-NA	NA	1-319	1
MT361907	NA-NA	NA	NA-NA	NA	1-319	1
MT361906	NA-NA	NA	NA-NA	NA	1-319	1
MT361905	NA-NA	NA	NA-NA	NA	1-319	1
MT361904	NA-NA	NA	NA-NA	NA	1-319	1
MT361903	NA-NA	NA	NA-NA	NA	1-319	1
MT361902	NA-NA	NA	NA-NA	NA	1-319	1
MT361901	NA-NA	NA	NA-NA	NA	1-319	1
MT361900	NA-NA	NA	NA-NA	NA	1-319	1
MT361899	NA-NA	NA	NA-NA	NA	1-319	1
MT361898	NA-NA	NA	NA-NA	NA	1-319	1
MT361897	NA-NA	NA	NA-NA	NA	1-319	1
MT361896	NA-NA	NA	NA-NA	NA	1-319	1
MT361895	NA-NA	NA	NA-NA	NA	1-319	1
MT361894	NA-NA	NA	NA-NA	NA	1-319	1
MT361893	NA-NA	NA	NA-NA	NA	1-319	1
MT361892	NA-NA	NA	NA-NA	NA	1-319	1
MT361891	NA-NA	NA	NA-NA	NA	1-319	1
MT361890	NA-NA	NA	NA-NA	NA	1-319	1
MT361889	NA-NA	NA	NA-NA	NA	1-319	1
MT361888	NA-NA	NA	NA-NA	NA	1-319	1
MT361887	NA-NA	NA	NA-NA	NA	1-319	1
MT361886	NA-NA	NA	NA-NA	NA	1-319	1
MT361885	NA-NA	NA	NA-NA	NA	1-319	1
MT361884	NA-NA	NA	NA-NA	NA	1-319	1
MT361883	NA-NA	NA	NA-NA	NA	1-319	1
MT361882	NA-NA	NA	NA-NA	NA	1-319	1
MT361881	NA-NA	NA	NA-NA	NA	1-319	1
MT361880	NA-NA	NA	NA-NA	NA	1-319	1
MT361879	NA-NA	NA	NA-NA	NA	1-319	1
MT361878	NA-NA	NA	NA-NA	NA	1-319	1
MT361877	NA-NA	NA	NA-NA	NA	1-319	1
MT766313	NA-NA	NA	126-3903	1	3929-5027	1
MZ367612	13-3268	1	3258-4809	1	4827-6942	1
MW803173	NA-NA	NA	0-306	1	NA-NA	NA
MW803172	NA-NA	NA	0-351	1	NA-NA	NA
MZ603079	0-2763	1	2777-4250	1	4242-6627	1
MZ603076	0-2664	1	2748-4251	1	4251-6447	1
MZ603074	0-2808	1	2819-4295	1	4287-6651	1
MZ603072	NA-NA	NA	NA-NA	NA	0-6732	1
MZ603071	0-2364	1	2442-3900	1	3900-6168	1
MW826532	NA-NA	NA	1-3811	1	3584-5465	1
MW826531	NA-NA	NA	1-3811	1	3680-5465	1
MW826530	10-2554	1	2856-4047	1	4039-6910	1
MW826371	2-2771	1	2929-4438	1	4274-6644	1
MN217665	NA-NA	NA	2-101	1	93-452	1
MN217664	NA-NA	NA	2-101	1	93-452	1
MN217663	NA-NA	NA	2-101	1	93-452	1
MN217662	NA-NA	NA	2-101	1	93-452	1
MN217661	NA-NA	NA	2-101	1	93-452	1
MN217660	NA-NA	NA	2-101	1	93-452	1
MN217659	NA-NA	NA	2-101	1	93-452	1
MN217658	NA-NA	NA	2-101	1	93-452	1
MN217657	NA-NA	NA	2-101	1	93-452	1
MN217656	NA-NA	NA	2-101	1	93-455	1
MN217655	NA-NA	NA	2-101	1	93-461	1
MN217654	NA-NA	NA	2-101	1	93-461	1
MN217653	NA-NA	NA	2-101	1	93-461	1
MN217652	NA-NA	NA	2-101	1	93-461	1
MN217651	NA-NA	NA	2-101	1	93-452	1
MN217650	NA-NA	NA	2-101	1	93-452	1
MN217649	NA-NA	NA	2-101	1	93-452	1
MN217648	NA-NA	NA	2-101	1	93-455	1
MN217647	NA-NA	NA	2-101	1	93-452	1
MN217646	NA-NA	NA	2-101	1	93-452	1
MN217645	NA-NA	NA	2-101	1	93-452	1
MN217644	NA-NA	NA	2-101	1	93-452	1
MN217643	NA-NA	NA	2-101	1	93-452	1
MN217642	NA-NA	NA	2-101	1	93-452	1
MN217641	NA-NA	NA	2-101	1	93-452	1
MN217640	NA-NA	NA	2-101	1	93-452	1
MN217639	NA-NA	NA	2-101	1	93-452	1
MN217638	NA-NA	NA	2-101	1	93-452	1
MN217637	NA-NA	NA	2-101	1	93-452	1
MN217636	NA-NA	NA	2-101	1	93-452	1
MN217635	NA-NA	NA	2-101	1	93-452	1
MN217634	NA-NA	NA	2-101	1	93-452	1
MN217633	NA-NA	NA	2-101	1	93-452	1
MN217632	NA-NA	NA	2-101	1	93-455	1
MN217631	NA-NA	NA	2-101	1	93-455	1
MN217630	NA-NA	NA	2-101	1	93-455	1
MN217629	NA-NA	NA	2-101	1	93-461	1
MN217628	NA-NA	NA	2-101	1	93-461	1
MN217627	NA-NA	NA	2-101	1	93-461	1
MN217626	NA-NA	NA	2-101	1	93-461	1
MN217625	NA-NA	NA	2-101	1	93-461	1
MN217624	NA-NA	NA	2-101	1	93-461	1
MN217623	NA-NA	NA	2-101	1	93-461	1
MN217622	NA-NA	NA	2-101	1	93-455	1
MN217621	NA-NA	NA	2-101	1	93-455	1
MN217620	NA-NA	NA	2-101	1	93-455	1
MN217619	NA-NA	NA	2-101	1	93-452	1
MN217618	NA-NA	NA	2-101	1	93-452	1
MN217617	NA-NA	NA	2-101	1	93-452	1
MN217616	NA-NA	NA	2-101	1	93-452	1
MN217615	NA-NA	NA	2-101	1	93-452	1
MN217614	NA-NA	NA	2-101	1	93-455	1
MN217613	NA-NA	NA	2-101	1	93-455	1
MN217612	NA-NA	NA	2-101	1	93-455	1
MN217611	NA-NA	NA	2-101	1	93-455	1
MN217610	NA-NA	NA	2-101	1	93-455	1
MN217609	NA-NA	NA	2-101	1	93-455	1
MN217608	NA-NA	NA	2-101	1	93-455	1
MN217607	NA-NA	NA	2-101	1	93-455	1
MN217606	NA-NA	NA	2-101	1	93-455	1
MN217605	NA-NA	NA	2-101	1	93-455	1
MN217604	NA-NA	NA	2-101	1	93-455	1
MN217603	NA-NA	NA	2-101	1	93-455	1
MN217602	NA-NA	NA	2-101	1	93-455	1
MN217601	NA-NA	NA	2-101	1	93-455	1
MN217600	NA-NA	NA	2-101	1	93-455	1
MN217599	NA-NA	NA	2-101	1	93-455	1
MN217598	NA-NA	NA	2-101	1	93-455	1
MN217597	NA-NA	NA	2-101	1	93-455	1
MN217596	NA-NA	NA	2-101	1	93-455	1
MN217595	NA-NA	NA	2-101	1	93-455	1
MN217594	NA-NA	NA	2-101	1	93-455	1
MN217593	NA-NA	NA	2-101	1	93-455	1
MN217592	NA-NA	NA	2-101	1	93-455	1
MN217591	NA-NA	NA	2-101	1	93-455	1
MN217590	NA-NA	NA	2-101	1	93-455	1
MT832897	85-2893	1	2820-4380	1	4372-6736	1
MT832896	85-2893	1	2820-4380	1	4372-6736	1
MT832895	85-2893	1	2820-4380	1	4372-6736	1
MT832894	85-2893	1	2820-4380	1	4372-6736	1
MT832893	85-2893	1	2820-4380	1	4372-6736	1
MT832892	85-2893	1	2820-4380	1	4372-6736	1
MT906859	85-2887	1	2826-4374	1	4186-6718	1
MT906858	85-2887	1	2826-4374	1	4366-6718	1
MT906857	85-2887	1	2826-4374	1	4366-6718	1
MT906856	85-2887	1	2826-4374	1	4366-6667	1
MT906855	20-2822	1	2761-4309	1	4301-6617	1
MT906854	20-2822	1	2761-4309	1	4301-6617	1
MT906853	20-2822	1	2761-4309	1	4301-6617	1
MZ515550	1-209	1	NA-NA	NA	NA-NA	NA
MZ515549	NA-NA	NA	NA-NA	NA	0-225	1
MZ515548	0-281	1	NA-NA	NA	NA-NA	NA
MZ515547	NA-NA	NA	NA-NA	NA	1-223	1
MZ515546	NA-NA	NA	169-399	1	NA-NA	NA
MZ515545	0-442	1	NA-NA	NA	NA-NA	NA
MZ515544	NA-NA	NA	NA-NA	NA	0-484	1
MZ515543	NA-NA	NA	1-651	1	NA-NA	NA
MZ515542	0-693	1	NA-NA	NA	NA-NA	NA
MZ515541	NA-NA	NA	NA-NA	NA	0-1122	1
MZ443626	NA-NA	NA	49-4276	1	NA-NA	NA
MW714408	NA-NA	NA	NA-NA	NA	0-315	1
MW714407	NA-NA	NA	NA-NA	NA	0-315	1
MW714406	NA-NA	NA	NA-NA	NA	0-315	1
MZ274086	NA-NA	NA	0-389	1	NA-NA	NA
MZ274085	NA-NA	NA	0-398	1	NA-NA	NA
MZ274084	NA-NA	NA	0-383	1	NA-NA	NA
MZ274083	NA-NA	NA	0-383	1	NA-NA	NA
MZ274082	NA-NA	NA	0-383	1	NA-NA	NA
MZ274081	NA-NA	NA	0-383	1	NA-NA	NA
MZ274080	NA-NA	NA	0-371	1	NA-NA	NA
MZ274079	NA-NA	NA	0-374	1	NA-NA	NA
MZ274078	NA-NA	NA	0-383	1	NA-NA	NA
MZ274077	NA-NA	NA	0-383	1	NA-NA	NA
MZ274076	NA-NA	NA	0-383	1	NA-NA	NA
MZ274075	NA-NA	NA	0-383	1	NA-NA	NA
MK746105	69-3489	1	3470-5030	1	5054-7268	1
MW846319	21-3441	1	3422-4982	1	5006-7238	1
MZ005893	12-2454	1	2408-3917	1	3909-6198	1
MT758371	0-2451	1	2405-3914	1	3858-6081	1
BR001717	7-2338	1	2337-3816	1	3670-6031	1
MW924358	NA-NA	NA	NA-NA	NA	NA-NA	NA
MW924357	NA-NA	NA	0-1236	1	NA-NA	NA
MW924356	NA-NA	NA	0-846	1	NA-NA	NA
MW924355	NA-NA	NA	2-2909	1	2934-3987	1
MW924354	NA-NA	NA	56-4280	1	4305-5358	1
MW924353	NA-NA	NA	47-4271	1	4296-5349	1
MW924352	NA-NA	NA	55-4279	1	4309-5362	1
MW842778	NA-NA	NA	NA-NA	NA	2-403	1
MW842777	NA-NA	NA	NA-NA	NA	2-406	1
MW842776	NA-NA	NA	NA-NA	NA	1-402	1
MW842775	NA-NA	NA	NA-NA	NA	1-399	1
MW842774	NA-NA	NA	NA-NA	NA	0-401	1
MN241818	32-2507	1	2506-3970	1	3962-4087	1
MW684833	2-3026	1	3022-4546	1	4565-6602	1
MW684832	1-3013	1	3009-4533	1	4552-6202	1
MW684831	1-3205	1	3186-4746	1	4770-6987	1
MW684830	1-3205	1	3186-4746	1	4770-6987	1
MW684829	0-3012	1	3008-4532	1	4551-6582	1
MW684828	NA-NA	NA	0-1413	1	1432-3463	1
MW684827	9-3042	1	3038-4562	1	4581-6271	1
MW684826	196-3169	1	3165-4689	1	4708-6739	1
MW684825	0-3051	1	3047-4571	1	4590-6597	1
MW684824	2-3026	1	3022-4546	1	4565-6596	1
MW684823	1-3403	1	3384-4944	1	4968-6976	1
MW684822	2-3014	1	3010-4534	1	4553-6560	1
MW684821	1-3019	1	3015-4539	1	4558-6565	1
MW684820	2-3044	1	3037-4564	1	4583-6590	1
MW684819	0-3021	1	3017-4541	1	4560-6597	1
MW684818	0-3018	1	3014-4538	1	4557-6594	1
MW684817	2-3197	1	3178-4738	1	4762-6606	1
MT708902	10-3265	1	3255-4806	1	4824-6939	1
MT993596	22-3316	1	3303-4833	1	4854-6846	1
MT993595	0-3417	1	3362-4928	1	4931-7187	1
MT993583	14-3017	1	3016-4546	1	4564-6556	1
MT470282	NA-NA	NA	0-370	1	NA-NA	NA
MT470281	NA-NA	NA	0-377	1	NA-NA	NA
MT470280	NA-NA	NA	2-323	1	NA-NA	NA
MT470279	NA-NA	NA	2-376	1	NA-NA	NA
MT470278	NA-NA	NA	0-383	1	NA-NA	NA
MT470277	NA-NA	NA	0-380	1	NA-NA	NA
MT470276	NA-NA	NA	0-378	1	NA-NA	NA
MT470275	NA-NA	NA	1-385	1	NA-NA	NA
MT470274	NA-NA	NA	2-385	1	NA-NA	NA
MT470273	NA-NA	NA	0-373	1	NA-NA	NA
MT470272	NA-NA	NA	2-362	1	NA-NA	NA
MT470271	NA-NA	NA	1-374	1	NA-NA	NA
MT470270	NA-NA	NA	0-345	1	NA-NA	NA
MW863310	76-4366	1	NA-NA	NA	4358-6722	1
MT740274	NA-NA	NA	1-405	1	NA-NA	NA
MW962975	24-2664	1	2678-4109	1	3969-6642	1
MW149253	44-2270	1	2350-3769	1	3758-6203	1
MN787035	0-282	1	NA-NA	NA	NA-NA	NA
MN787034	0-282	1	NA-NA	NA	NA-NA	NA
MN787033	NA-NA	NA	NA-NA	NA	0-201	1
MN787032	NA-NA	NA	0-606	1	NA-NA	NA
MN787031	NA-NA	NA	NA-NA	NA	0-201	1
MN787030	NA-NA	NA	0-606	1	NA-NA	NA
MN787029	NA-NA	NA	NA-NA	NA	0-201	1
MN787028	NA-NA	NA	0-606	1	NA-NA	NA
MW853972	NA-NA	NA	NA-NA	NA	NA-NA	NA
MW795565	NA-NA	NA	0-113	1	NA-NA	NA
MW795564	NA-NA	NA	0-104	1	NA-NA	NA
MW795563	NA-NA	NA	0-104	1	NA-NA	NA
MW795562	NA-NA	NA	0-104	1	NA-NA	NA
MW795561	NA-NA	NA	0-104	1	NA-NA	NA
MW795560	NA-NA	NA	0-104	1	NA-NA	NA
MW795559	NA-NA	NA	0-104	1	NA-NA	NA
MW795558	NA-NA	NA	0-104	1	NA-NA	NA
MW795557	NA-NA	NA	0-104	1	NA-NA	NA
MW795556	NA-NA	NA	0-108	1	NA-NA	NA
MW795555	NA-NA	NA	0-160	1	NA-NA	NA
MW795554	NA-NA	NA	0-114	1	NA-NA	NA
MW795553	NA-NA	NA	0-162	1	NA-NA	NA
MW795552	NA-NA	NA	0-108	1	NA-NA	NA
MW795551	NA-NA	NA	0-165	1	NA-NA	NA
MW795550	NA-NA	NA	0-161	1	NA-NA	NA
MW795549	NA-NA	NA	0-161	1	NA-NA	NA
MW795548	NA-NA	NA	0-161	1	NA-NA	NA
MW795547	NA-NA	NA	0-161	1	NA-NA	NA
MW795546	NA-NA	NA	0-161	1	NA-NA	NA
MW795545	NA-NA	NA	0-161	1	NA-NA	NA
MW795544	NA-NA	NA	0-112	1	NA-NA	NA
MW795543	NA-NA	NA	0-168	1	NA-NA	NA
MW795542	NA-NA	NA	0-168	1	NA-NA	NA
MW795541	NA-NA	NA	0-341	1	NA-NA	NA
MW795540	NA-NA	NA	0-168	1	NA-NA	NA
MW795539	NA-NA	NA	0-168	1	NA-NA	NA
MW795538	NA-NA	NA	0-168	1	NA-NA	NA
MW795537	NA-NA	NA	0-168	1	NA-NA	NA
MW795536	NA-NA	NA	0-161	1	NA-NA	NA
MW795535	NA-NA	NA	0-161	1	NA-NA	NA
MW795534	NA-NA	NA	0-161	1	NA-NA	NA
MW795533	NA-NA	NA	0-112	1	NA-NA	NA
MW795532	NA-NA	NA	0-161	1	NA-NA	NA
MW795531	NA-NA	NA	0-158	1	NA-NA	NA
MW795530	NA-NA	NA	0-161	1	NA-NA	NA
MW795529	NA-NA	NA	0-161	1	NA-NA	NA
MW795528	NA-NA	NA	0-110	1	NA-NA	NA
MW795527	NA-NA	NA	0-110	1	NA-NA	NA
MW795526	NA-NA	NA	0-110	1	NA-NA	NA
MW795525	NA-NA	NA	0-161	1	NA-NA	NA
MW795524	NA-NA	NA	0-161	1	NA-NA	NA
MW795523	NA-NA	NA	0-161	1	NA-NA	NA
MW795522	NA-NA	NA	0-161	1	NA-NA	NA
MW795521	NA-NA	NA	0-161	1	NA-NA	NA
MW795520	NA-NA	NA	0-161	1	NA-NA	NA
MW795519	NA-NA	NA	0-161	1	NA-NA	NA
MW795518	NA-NA	NA	0-161	1	NA-NA	NA
MW795517	NA-NA	NA	0-161	1	NA-NA	NA
MW795516	NA-NA	NA	0-161	1	NA-NA	NA
MW795515	NA-NA	NA	0-161	1	NA-NA	NA
MW795514	NA-NA	NA	0-161	1	NA-NA	NA
MW795513	NA-NA	NA	0-161	1	NA-NA	NA
MW795512	NA-NA	NA	0-161	1	NA-NA	NA
MW795511	NA-NA	NA	0-159	1	NA-NA	NA
MW795510	NA-NA	NA	0-161	1	NA-NA	NA
MW795509	NA-NA	NA	0-168	1	NA-NA	NA
MW795508	NA-NA	NA	0-168	1	NA-NA	NA
MW795507	NA-NA	NA	0-120	1	NA-NA	NA
MW795506	NA-NA	NA	0-112	1	NA-NA	NA
MW795505	NA-NA	NA	0-168	1	NA-NA	NA
MW795504	NA-NA	NA	0-162	1	NA-NA	NA
MW795503	NA-NA	NA	0-168	1	NA-NA	NA
MW795502	NA-NA	NA	0-168	1	NA-NA	NA
MW795501	NA-NA	NA	0-117	1	NA-NA	NA
MW795500	NA-NA	NA	0-168	1	NA-NA	NA
MW795499	NA-NA	NA	0-111	1	NA-NA	NA
MW795498	NA-NA	NA	0-168	1	NA-NA	NA
MW795497	NA-NA	NA	0-168	1	NA-NA	NA
MW795496	NA-NA	NA	0-168	1	NA-NA	NA
MW795495	NA-NA	NA	0-168	1	NA-NA	NA
MW795494	NA-NA	NA	0-168	1	NA-NA	NA
MW795493	NA-NA	NA	0-117	1	NA-NA	NA
MW795492	NA-NA	NA	0-161	1	NA-NA	NA
MW795491	NA-NA	NA	0-161	1	NA-NA	NA
MW795490	NA-NA	NA	0-161	1	NA-NA	NA
MW795489	NA-NA	NA	0-161	1	NA-NA	NA
MW795488	NA-NA	NA	0-161	1	NA-NA	NA
MW795487	NA-NA	NA	0-161	1	NA-NA	NA
MW795486	NA-NA	NA	0-168	1	NA-NA	NA
MW795485	NA-NA	NA	0-117	1	NA-NA	NA
MW795484	NA-NA	NA	0-168	1	NA-NA	NA
MW795483	NA-NA	NA	0-168	1	NA-NA	NA
MW795482	NA-NA	NA	0-168	1	NA-NA	NA
MW795481	NA-NA	NA	0-117	1	NA-NA	NA
MW795480	NA-NA	NA	0-117	1	NA-NA	NA
MW795479	NA-NA	NA	0-168	1	NA-NA	NA
MW795478	NA-NA	NA	0-167	1	NA-NA	NA
MW795477	NA-NA	NA	0-168	1	NA-NA	NA
MW795476	NA-NA	NA	0-166	1	NA-NA	NA
MW795475	NA-NA	NA	0-167	1	NA-NA	NA
MW795474	NA-NA	NA	0-166	1	NA-NA	NA
MW795473	NA-NA	NA	0-166	1	NA-NA	NA
MW795472	NA-NA	NA	0-158	1	NA-NA	NA
MW795471	NA-NA	NA	0-159	1	NA-NA	NA
MW795470	NA-NA	NA	0-158	1	NA-NA	NA
MW795469	NA-NA	NA	0-159	1	NA-NA	NA
MW795468	NA-NA	NA	0-159	1	NA-NA	NA
MW795467	NA-NA	NA	0-160	1	NA-NA	NA
MW795466	NA-NA	NA	0-183	1	NA-NA	NA
MW795465	NA-NA	NA	0-116	1	NA-NA	NA
MW795464	NA-NA	NA	0-117	1	NA-NA	NA
MW795463	NA-NA	NA	0-117	1	NA-NA	NA
MW795462	NA-NA	NA	0-118	1	NA-NA	NA
MW795461	NA-NA	NA	0-113	1	NA-NA	NA
MW795460	NA-NA	NA	0-117	1	NA-NA	NA
MW795459	NA-NA	NA	0-113	1	NA-NA	NA
MW795458	NA-NA	NA	0-118	1	NA-NA	NA
MW795457	NA-NA	NA	0-117	1	NA-NA	NA
MW795456	NA-NA	NA	0-109	1	NA-NA	NA
MW795455	NA-NA	NA	0-117	1	NA-NA	NA
MW795454	NA-NA	NA	0-115	1	NA-NA	NA
MW795453	NA-NA	NA	0-118	1	NA-NA	NA
MW795452	NA-NA	NA	0-116	1	NA-NA	NA
MW795451	NA-NA	NA	0-112	1	NA-NA	NA
MW795450	NA-NA	NA	0-111	1	NA-NA	NA
MW795449	NA-NA	NA	0-118	1	NA-NA	NA
MW795448	NA-NA	NA	0-329	1	NA-NA	NA
MW795447	NA-NA	NA	0-329	1	NA-NA	NA
MW795446	NA-NA	NA	0-330	1	NA-NA	NA
MW795445	NA-NA	NA	0-331	1	NA-NA	NA
MW795444	NA-NA	NA	0-329	1	NA-NA	NA
MW795443	NA-NA	NA	0-329	1	NA-NA	NA
MW795442	NA-NA	NA	0-329	1	NA-NA	NA
MW795441	NA-NA	NA	0-329	1	NA-NA	NA
MW795440	NA-NA	NA	0-167	1	NA-NA	NA
MW795439	NA-NA	NA	0-168	1	NA-NA	NA
MW795438	NA-NA	NA	0-168	1	NA-NA	NA
MW795437	NA-NA	NA	0-168	1	NA-NA	NA
MW795436	NA-NA	NA	0-120	1	NA-NA	NA
MW795435	NA-NA	NA	0-168	1	NA-NA	NA
MW795434	NA-NA	NA	0-167	1	NA-NA	NA
MW795433	NA-NA	NA	0-168	1	NA-NA	NA
MW795432	NA-NA	NA	0-162	1	NA-NA	NA
MW795431	NA-NA	NA	0-161	1	NA-NA	NA
MW795430	NA-NA	NA	0-158	1	NA-NA	NA
MW795429	NA-NA	NA	0-90	1	NA-NA	NA
MW795428	NA-NA	NA	0-164	1	NA-NA	NA
MW795427	NA-NA	NA	0-160	1	NA-NA	NA
MW795426	NA-NA	NA	0-115	1	NA-NA	NA
MW795425	NA-NA	NA	0-113	1	NA-NA	NA
MW795424	NA-NA	NA	0-101	1	NA-NA	NA
MW795423	NA-NA	NA	0-101	1	NA-NA	NA
MW795422	NA-NA	NA	0-549	1	538-825	1
MW795421	NA-NA	NA	0-561	1	550-768	1
MW795420	NA-NA	NA	0-546	1	535-754	1
MW795419	NA-NA	NA	0-573	1	562-753	1
MW795418	NA-NA	NA	0-573	1	562-773	1
MW795417	NA-NA	NA	0-525	1	514-737	1
MW795416	NA-NA	NA	0-573	1	562-750	1
MW795415	NA-NA	NA	0-555	1	544-831	1
MW795414	NA-NA	NA	0-531	1	520-729	1
MW795413	NA-NA	NA	0-516	1	505-737	1
MW795412	NA-NA	NA	0-519	1	508-719	1
MW795411	NA-NA	NA	0-543	1	532-742	1
MW795410	NA-NA	NA	0-558	1	547-679	1
MW795409	NA-NA	NA	0-558	1	547-754	1
MW795408	NA-NA	NA	0-516	1	505-646	1
MW795407	NA-NA	NA	0-528	1	517-686	1
MW795404	NA-NA	NA	0-534	1	523-731	1
MW795402	NA-NA	NA	0-573	1	562-675	1
MW795398	NA-NA	NA	0-555	1	544-752	1
MW795397	NA-NA	NA	0-561	1	550-757	1
MW795396	NA-NA	NA	0-549	1	538-825	1
MW795395	NA-NA	NA	0-561	1	550-758	1
MW795406	NA-NA	NA	0-93	1	85-441	1
MW795405	NA-NA	NA	0-93	1	85-441	1
MW795403	NA-NA	NA	0-93	1	85-441	1
MW795401	NA-NA	NA	0-93	1	85-441	1
MW795400	NA-NA	NA	0-93	1	85-441	1
MW795399	NA-NA	NA	0-93	1	85-441	1
MW795381	NA-NA	NA	0-446	1	NA-NA	NA
MW795380	NA-NA	NA	0-552	1	NA-NA	NA
MW795379	NA-NA	NA	0-554	1	NA-NA	NA
MW795378	NA-NA	NA	0-568	1	NA-NA	NA
MW795377	NA-NA	NA	0-560	1	NA-NA	NA
MW795376	NA-NA	NA	0-554	1	NA-NA	NA
MW795375	NA-NA	NA	0-560	1	NA-NA	NA
MZ218054	2-2642	1	2641-4210	1	4202-6558	1
MZ218053	2-2681	1	2680-4249	1	4241-6619	1
MN832787	37-2605	1	2604-4155	1	4167-6366	1
MW853971	0-1689	1	NA-NA	NA	3177-5520	1
MT110151	NA-NA	NA	59-5882	1	5897-7274	1
MT110150	NA-NA	NA	59-5882	1	5897-7274	1
MW803174	NA-NA	NA	0-401	1	NA-NA	NA
MW399240	NA-NA	NA	1-382	1	NA-NA	NA
MW399239	NA-NA	NA	1-382	1	NA-NA	NA
MW399238	NA-NA	NA	1-382	1	NA-NA	NA
MW399237	NA-NA	NA	1-382	1	NA-NA	NA
MW399236	NA-NA	NA	1-382	1	NA-NA	NA
MW399235	NA-NA	NA	1-382	1	NA-NA	NA
MW399234	NA-NA	NA	1-382	1	NA-NA	NA
MW399233	NA-NA	NA	1-379	1	NA-NA	NA
MW399232	NA-NA	NA	1-382	1	NA-NA	NA
MW399231	NA-NA	NA	1-382	1	NA-NA	NA
MW399230	NA-NA	NA	1-379	1	NA-NA	NA
MW399229	NA-NA	NA	1-382	1	NA-NA	NA
MW399228	NA-NA	NA	1-382	1	NA-NA	NA
MW399227	NA-NA	NA	1-382	1	NA-NA	NA
MW399226	NA-NA	NA	1-382	1	NA-NA	NA
MW399225	NA-NA	NA	1-382	1	NA-NA	NA
MW399224	NA-NA	NA	1-382	1	NA-NA	NA
MW399223	NA-NA	NA	1-382	1	NA-NA	NA
MW645024	NA-NA	NA	0-1989	1	NA-NA	NA
MW645023	NA-NA	NA	NA-NA	NA	0-563	1
MW645022	NA-NA	NA	NA-NA	NA	NA-NA	NA
MW645021	NA-NA	NA	NA-NA	NA	NA-NA	NA
MT521688	NA-NA	NA	1-499	1	491-2762	1
MT521687	NA-NA	NA	0-393	1	382-2599	1
MW074872	NA-NA	NA	0-170	1	NA-NA	NA
MW525357	NA-NA	NA	2-410	1	NA-NA	NA
MW525356	NA-NA	NA	2-410	1	NA-NA	NA
MW525355	NA-NA	NA	2-410	1	NA-NA	NA
MW525354	NA-NA	NA	2-386	1	NA-NA	NA
MW525353	NA-NA	NA	1-298	1	NA-NA	NA
MW525352	NA-NA	NA	2-392	1	NA-NA	NA
MW525351	NA-NA	NA	0-390	1	NA-NA	NA
MW525350	NA-NA	NA	2-392	1	NA-NA	NA
MW525349	NA-NA	NA	2-392	1	NA-NA	NA
MW525348	NA-NA	NA	2-392	1	NA-NA	NA
MW525347	NA-NA	NA	2-392	1	NA-NA	NA
MT498600	0-1041	1	1055-2351	1	NA-NA	NA
MN149395	22-3745	1	3735-5286	1	5309-7505	1
MN149394	22-3745	1	3735-5286	1	5309-7505	1
MN149393	22-3745	1	3735-5286	1	5309-7505	1
MT499772	25-2572	1	2526-4092	1	4084-6343	1
MT499771	18-2475	1	2423-3941	1	3933-6150	1
MW249010	194-1376	1	1393-2875	1	2876-5051	1
MW446478	NA-NA	NA	NA-NA	NA	0-2214	1
MK542514	NA-NA	NA	0-410	1	NA-NA	NA
MW298056	NA-NA	NA	0-270	1	262-755	1
MW298055	NA-NA	NA	0-276	1	268-756	1
MW298054	NA-NA	NA	0-276	1	268-756	1
MW298053	NA-NA	NA	0-276	1	268-756	1
MW298052	NA-NA	NA	0-276	1	268-756	1
MW298051	NA-NA	NA	0-276	1	268-756	1
MW298050	NA-NA	NA	0-276	1	268-756	1
MW298049	NA-NA	NA	0-276	1	268-756	1
MW298048	NA-NA	NA	0-276	1	268-756	1
MW298047	NA-NA	NA	0-276	1	268-756	1
MW298046	NA-NA	NA	0-276	1	268-756	1
MW298045	NA-NA	NA	0-276	1	268-756	1
MW298044	NA-NA	NA	0-276	1	268-756	1
MW298043	NA-NA	NA	0-276	1	268-756	1
MW298042	NA-NA	NA	0-276	1	268-756	1
MW298041	NA-NA	NA	0-276	1	268-756	1
MW298040	NA-NA	NA	0-276	1	268-756	1
MW298039	NA-NA	NA	0-276	1	268-756	1
MW298038	NA-NA	NA	0-276	1	268-756	1
MW298037	NA-NA	NA	0-276	1	268-756	1
MW298036	NA-NA	NA	0-276	1	268-756	1
MW298035	NA-NA	NA	0-276	1	268-756	1
MW298034	NA-NA	NA	0-276	1	268-756	1
MW298033	NA-NA	NA	0-276	1	268-756	1
MW298032	NA-NA	NA	0-276	1	268-756	1
MW298031	NA-NA	NA	0-276	1	268-756	1
MW298030	NA-NA	NA	0-276	1	268-756	1
MW298029	NA-NA	NA	0-276	1	268-756	1
MW298028	NA-NA	NA	0-276	1	268-756	1
MW298027	NA-NA	NA	0-276	1	268-756	1
MW298026	NA-NA	NA	0-276	1	268-756	1
MW298025	NA-NA	NA	0-276	1	268-756	1
MW298024	NA-NA	NA	0-276	1	268-756	1
MW298023	NA-NA	NA	0-276	1	268-756	1
MW298022	NA-NA	NA	0-276	1	268-756	1
MW298021	NA-NA	NA	0-276	1	268-756	1
MW298020	NA-NA	NA	0-276	1	268-756	1
MW298019	NA-NA	NA	0-276	1	268-756	1
MW298018	NA-NA	NA	0-276	1	268-756	1
MW298017	NA-NA	NA	0-276	1	268-756	1
MW298016	NA-NA	NA	0-276	1	268-756	1
MW298015	NA-NA	NA	0-276	1	268-756	1
MW298014	NA-NA	NA	0-276	1	268-756	1
MW298013	NA-NA	NA	0-276	1	268-756	1
MW298012	NA-NA	NA	0-276	1	268-756	1
MW298011	NA-NA	NA	0-276	1	268-756	1
MW298010	NA-NA	NA	0-276	1	268-756	1
MW298009	NA-NA	NA	0-276	1	268-756	1
MW298008	NA-NA	NA	0-276	1	268-756	1
MW298007	NA-NA	NA	0-276	1	268-756	1
MW298006	NA-NA	NA	0-276	1	268-756	1
MW298005	NA-NA	NA	0-276	1	268-756	1
MW298004	NA-NA	NA	0-276	1	268-756	1
MW298003	NA-NA	NA	0-276	1	268-756	1
MW298002	NA-NA	NA	0-276	1	268-756	1
MW298001	NA-NA	NA	0-276	1	268-756	1
MW298000	NA-NA	NA	0-276	1	268-756	1
MW297999	NA-NA	NA	0-276	1	268-756	1
MW297998	NA-NA	NA	0-276	1	268-756	1
MW297997	NA-NA	NA	0-276	1	268-756	1
MW297996	NA-NA	NA	0-276	1	268-756	1
MW297995	NA-NA	NA	0-276	1	268-756	1
MW297994	NA-NA	NA	0-276	1	268-756	1
MW297993	NA-NA	NA	0-276	1	268-756	1
MW297992	NA-NA	NA	0-276	1	268-756	1
MW297991	NA-NA	NA	0-276	1	268-756	1
MW297990	NA-NA	NA	0-276	1	268-756	1
MW297989	NA-NA	NA	0-276	1	268-756	1
MW297988	NA-NA	NA	0-276	1	268-756	1
MW297987	NA-NA	NA	0-276	1	268-756	1
MW297986	NA-NA	NA	0-276	1	268-756	1
MW297985	NA-NA	NA	0-276	1	268-756	1
MW297984	NA-NA	NA	0-276	1	268-756	1
MW297983	NA-NA	NA	0-276	1	268-756	1
MW297982	NA-NA	NA	0-276	1	268-756	1
MW592379	13-3268	1	3258-4809	1	4827-6942	1
MW592378	13-3268	1	3258-4809	1	4827-6942	1
MW592377	13-3268	1	3258-4809	1	4827-6942	1
MW345727	18-3273	1	3263-4814	1	4832-6947	1
MW340534	22-3304	1	3294-4839	1	4868-6983	1
MN974175	NA-NA	NA	NA-NA	NA	0-299	1
MN974174	NA-NA	NA	NA-NA	NA	0-299	1
MN974173	NA-NA	NA	NA-NA	NA	0-299	1
MN974172	NA-NA	NA	NA-NA	NA	1-220	1
MN974171	NA-NA	NA	NA-NA	NA	0-282	1
MN974170	NA-NA	NA	NA-NA	NA	0-305	1
MN974169	NA-NA	NA	NA-NA	NA	0-296	1
MN974168	NA-NA	NA	NA-NA	NA	0-299	1
MN974167	NA-NA	NA	NA-NA	NA	0-287	1
MN974166	NA-NA	NA	NA-NA	NA	0-310	1
MN974165	NA-NA	NA	NA-NA	NA	0-299	1
MN974164	NA-NA	NA	NA-NA	NA	0-299	1
MN974163	NA-NA	NA	NA-NA	NA	0-315	1
MN974162	NA-NA	NA	NA-NA	NA	0-315	1
MN974161	NA-NA	NA	NA-NA	NA	0-279	1
MN974160	NA-NA	NA	NA-NA	NA	0-315	1
MN974159	NA-NA	NA	NA-NA	NA	0-309	1
MN974158	NA-NA	NA	NA-NA	NA	0-299	1
MN974157	NA-NA	NA	NA-NA	NA	0-299	1
MT267484	1-61	1	0-1548	1	1540-3877	1
MT267483	1-2674	1	2613-4161	1	4153-6538	1
MT267482	1-1591	1	1530-3078	1	3070-5455	1
MT267481	NA-NA	NA	NA-NA	NA	0-1479	1
MT267480	2-2033	1	1972-3520	1	3512-5828	1
MT267479	NA-NA	NA	NA-NA	NA	2-740	1
MT267478	39-2841	1	2780-4328	1	4320-6634	1
MT267477	NA-NA	NA	1-1081	1	1073-3437	1
MT267476	1-2404	1	2343-3891	1	3883-6235	1
MW341109	NA-NA	NA	0-413	1	NA-NA	NA
MW341108	NA-NA	NA	0-413	1	NA-NA	NA
MW341107	NA-NA	NA	0-416	1	NA-NA	NA
MW341106	NA-NA	NA	0-413	1	NA-NA	NA
MW341105	NA-NA	NA	0-413	1	NA-NA	NA
MW341104	NA-NA	NA	0-415	1	NA-NA	NA
MW341103	NA-NA	NA	0-409	1	NA-NA	NA
MW341102	NA-NA	NA	NA-NA	NA	0-348	1
MW341101	NA-NA	NA	NA-NA	NA	0-348	1
MW341100	NA-NA	NA	NA-NA	NA	0-348	1
MW341099	NA-NA	NA	NA-NA	NA	0-348	1
MW341098	NA-NA	NA	NA-NA	NA	0-348	1
MW341097	NA-NA	NA	NA-NA	NA	0-348	1
MW341096	NA-NA	NA	NA-NA	NA	0-348	1
MW341095	NA-NA	NA	NA-NA	NA	0-348	1
MW341094	NA-NA	NA	NA-NA	NA	0-348	1
MW341093	NA-NA	NA	NA-NA	NA	0-348	1
MW341092	NA-NA	NA	NA-NA	NA	0-348	1
MW341091	NA-NA	NA	NA-NA	NA	0-348	1
MW341090	NA-NA	NA	NA-NA	NA	0-348	1
MW341089	NA-NA	NA	NA-NA	NA	0-348	1
MW341088	NA-NA	NA	NA-NA	NA	0-348	1
MW341087	NA-NA	NA	NA-NA	NA	0-348	1
MW341086	NA-NA	NA	NA-NA	NA	0-348	1
MW341085	NA-NA	NA	NA-NA	NA	0-348	1
MW341084	NA-NA	NA	NA-NA	NA	0-348	1
MW341083	NA-NA	NA	NA-NA	NA	0-348	1
MW341082	NA-NA	NA	NA-NA	NA	0-348	1
MW341081	NA-NA	NA	NA-NA	NA	0-348	1
MW341080	NA-NA	NA	NA-NA	NA	0-348	1
MW341079	NA-NA	NA	NA-NA	NA	0-348	1
MW341078	NA-NA	NA	NA-NA	NA	0-348	1
MW341077	NA-NA	NA	NA-NA	NA	0-348	1
MW341076	NA-NA	NA	NA-NA	NA	0-348	1
MW341075	NA-NA	NA	NA-NA	NA	0-348	1
MW341074	NA-NA	NA	NA-NA	NA	0-348	1
MW341073	NA-NA	NA	NA-NA	NA	0-348	1
MW341072	NA-NA	NA	NA-NA	NA	0-348	1
MW341071	NA-NA	NA	NA-NA	NA	0-348	1
MW341070	NA-NA	NA	NA-NA	NA	0-348	1
MW341069	NA-NA	NA	NA-NA	NA	0-348	1
MW341068	NA-NA	NA	NA-NA	NA	0-348	1
MW341067	NA-NA	NA	NA-NA	NA	0-348	1
MW341066	NA-NA	NA	NA-NA	NA	0-348	1
MW341065	NA-NA	NA	NA-NA	NA	0-348	1
MW341064	NA-NA	NA	NA-NA	NA	0-348	1
MW341063	NA-NA	NA	NA-NA	NA	0-348	1
MW341062	NA-NA	NA	NA-NA	NA	0-348	1
MW341061	NA-NA	NA	NA-NA	NA	0-348	1
MW341060	NA-NA	NA	NA-NA	NA	0-348	1
MW341059	NA-NA	NA	NA-NA	NA	0-348	1
MW341058	NA-NA	NA	NA-NA	NA	0-348	1
MW341057	NA-NA	NA	NA-NA	NA	0-348	1
MW341056	NA-NA	NA	NA-NA	NA	0-348	1
MW341055	NA-NA	NA	NA-NA	NA	0-348	1
MW341054	NA-NA	NA	NA-NA	NA	0-348	1
MW341053	NA-NA	NA	NA-NA	NA	0-348	1
MW341052	NA-NA	NA	NA-NA	NA	0-348	1
MW341051	NA-NA	NA	NA-NA	NA	0-348	1
MW341050	NA-NA	NA	NA-NA	NA	0-348	1
MW341049	NA-NA	NA	NA-NA	NA	0-348	1
MW341048	NA-NA	NA	NA-NA	NA	0-348	1
MW341047	NA-NA	NA	NA-NA	NA	0-348	1
MW341046	NA-NA	NA	NA-NA	NA	0-348	1
MW341045	NA-NA	NA	NA-NA	NA	0-348	1
MW341044	NA-NA	NA	NA-NA	NA	0-348	1
MW341043	NA-NA	NA	NA-NA	NA	0-348	1
MW341042	NA-NA	NA	NA-NA	NA	0-348	1
MW341041	NA-NA	NA	NA-NA	NA	0-348	1
MW341040	NA-NA	NA	NA-NA	NA	0-348	1
MW341039	NA-NA	NA	NA-NA	NA	0-348	1
MW341038	NA-NA	NA	NA-NA	NA	0-348	1
MW341037	NA-NA	NA	NA-NA	NA	0-348	1
MW341036	NA-NA	NA	NA-NA	NA	0-348	1
MW341035	NA-NA	NA	NA-NA	NA	0-348	1
MW341034	NA-NA	NA	NA-NA	NA	0-348	1
MW341033	NA-NA	NA	NA-NA	NA	0-348	1
MW341032	NA-NA	NA	NA-NA	NA	0-348	1
MW341031	NA-NA	NA	NA-NA	NA	0-348	1
MW341030	NA-NA	NA	NA-NA	NA	0-348	1
MW341029	NA-NA	NA	NA-NA	NA	0-348	1
MW341028	NA-NA	NA	NA-NA	NA	0-348	1
MW341027	NA-NA	NA	NA-NA	NA	0-348	1
MW341026	NA-NA	NA	NA-NA	NA	0-348	1
MW341025	NA-NA	NA	NA-NA	NA	0-348	1
MW341024	NA-NA	NA	NA-NA	NA	0-348	1
MW341023	NA-NA	NA	NA-NA	NA	0-348	1
MW341022	NA-NA	NA	NA-NA	NA	0-348	1
MW341021	NA-NA	NA	NA-NA	NA	0-348	1
MW341020	NA-NA	NA	NA-NA	NA	0-348	1
MW341019	NA-NA	NA	NA-NA	NA	0-348	1
MW341018	NA-NA	NA	NA-NA	NA	0-348	1
MW341017	NA-NA	NA	NA-NA	NA	0-348	1
MW341016	NA-NA	NA	NA-NA	NA	0-348	1
MW341015	NA-NA	NA	NA-NA	NA	0-348	1
MW341014	NA-NA	NA	NA-NA	NA	0-348	1
MW341013	NA-NA	NA	NA-NA	NA	0-348	1
MW341012	NA-NA	NA	NA-NA	NA	0-348	1
MW341011	NA-NA	NA	NA-NA	NA	0-348	1
MW341010	NA-NA	NA	NA-NA	NA	0-348	1
MW341009	NA-NA	NA	NA-NA	NA	0-348	1
MW341008	NA-NA	NA	NA-NA	NA	0-348	1
MW341007	NA-NA	NA	NA-NA	NA	0-348	1
MW341006	NA-NA	NA	NA-NA	NA	0-348	1
MW341005	NA-NA	NA	NA-NA	NA	0-348	1
MW341004	NA-NA	NA	NA-NA	NA	0-348	1
MW341003	NA-NA	NA	NA-NA	NA	0-348	1
MW341002	NA-NA	NA	NA-NA	NA	0-348	1
MW341001	NA-NA	NA	NA-NA	NA	0-348	1
MW341000	NA-NA	NA	NA-NA	NA	0-348	1
MW340999	NA-NA	NA	NA-NA	NA	0-348	1
MW340998	NA-NA	NA	NA-NA	NA	0-348	1
MW340997	NA-NA	NA	NA-NA	NA	0-348	1
MW340996	NA-NA	NA	NA-NA	NA	0-348	1
MT642595	88-2674	1	2670-4146	1	3991-6331	1
MT579888	NA-NA	NA	0-3465	1	NA-NA	NA
MT579880	NA-NA	NA	0-348	1	NA-NA	NA
MT579876	NA-NA	NA	0-522	1	NA-NA	NA
MT579872	NA-NA	NA	0-3102	1	NA-NA	NA
MT157248	NA-NA	NA	NA-NA	NA	2-298	1
MT157247	NA-NA	NA	NA-NA	NA	1-172	1
MW473719	NA-NA	NA	NA-NA	NA	0-2217	1
MW473720	NA-NA	NA	NA-NA	NA	0-2217	1
MT123345	NA-NA	NA	1-364	1	NA-NA	NA
MT123344	NA-NA	NA	1-364	1	NA-NA	NA
MT123343	NA-NA	NA	1-364	1	NA-NA	NA
MT123342	NA-NA	NA	1-364	1	NA-NA	NA
MT123341	NA-NA	NA	1-379	1	NA-NA	NA
MT123340	NA-NA	NA	1-379	1	NA-NA	NA
MT123339	NA-NA	NA	1-379	1	NA-NA	NA
MT123338	NA-NA	NA	1-382	1	NA-NA	NA
MT123337	NA-NA	NA	1-382	1	NA-NA	NA
MT123336	NA-NA	NA	1-382	1	NA-NA	NA
MW413813	18-3273	1	3263-4814	1	4832-6947	1
MT934439	18-3273	1	3263-4814	1	4832-6947	1
MT934438	18-3273	1	3263-4814	1	4832-6947	1
MT934437	18-3273	1	3263-4814	1	4832-6947	1
MT585644	0-2994	1	NA-NA	NA	4527-6564	1
MT585643	15-3060	1	NA-NA	NA	4599-6639	1
MW347540	NA-NA	NA	218-4166	1	NA-NA	NA
MW347048	NA-NA	NA	10-1248	1	NA-NA	NA
MW346737	NA-NA	NA	23-4268	1	NA-NA	NA
MT150881	NA-NA	NA	NA-NA	NA	0-2115	1
MT150880	NA-NA	NA	NA-NA	NA	0-2115	1
MT150879	NA-NA	NA	NA-NA	NA	0-2115	1
MT150878	NA-NA	NA	NA-NA	NA	0-2115	1
MT150877	NA-NA	NA	NA-NA	NA	0-2115	1
MT150876	NA-NA	NA	NA-NA	NA	0-2115	1
MT150875	NA-NA	NA	NA-NA	NA	0-2115	1
MT150874	NA-NA	NA	NA-NA	NA	0-2115	1
MT150873	NA-NA	NA	NA-NA	NA	0-2115	1
MT150872	NA-NA	NA	NA-NA	NA	0-2115	1
MT150871	NA-NA	NA	NA-NA	NA	0-2115	1
MT150870	NA-NA	NA	NA-NA	NA	0-2115	1
MW485045	24-2826	1	2765-4313	1	4305-6622	1
MW485044	85-2887	1	2826-4374	1	4366-6685	1
MW485043	81-2844	1	2783-4331	1	4323-6708	1
MW485042	82-2848	1	2787-4335	1	4327-6727	1
MW485041	85-2887	1	2826-4374	1	4366-6560	1
MW485040	85-2887	1	2826-4374	1	4366-6730	1
MW485039	85-2887	1	2826-4374	1	4366-6730	1
MW485038	85-2887	1	2862-4256	1	4639-6730	1
MT833878	NA-NA	NA	0-2556	1	NA-NA	NA
MW072509	NA-NA	NA	1-398	1	NA-NA	NA
MW072508	NA-NA	NA	2-399	1	NA-NA	NA
MT951191	NA-NA	NA	0-389	1	NA-NA	NA
MT951190	NA-NA	NA	0-389	1	NA-NA	NA
MT951189	NA-NA	NA	0-389	1	NA-NA	NA
MT432184	38-2699	1	2653-4222	1	4211-6488	1
MW186838	NA-NA	NA	0-198	1	NA-NA	NA
MW186837	NA-NA	NA	0-198	1	NA-NA	NA
MW186836	NA-NA	NA	0-198	1	NA-NA	NA
MW186835	NA-NA	NA	0-198	1	NA-NA	NA
MW186834	NA-NA	NA	0-198	1	NA-NA	NA
MW385371	NA-NA	NA	2-306	1	NA-NA	NA
MW385370	NA-NA	NA	2-400	1	NA-NA	NA
MW385369	NA-NA	NA	0-364	1	NA-NA	NA
MW385368	NA-NA	NA	1-266	1	NA-NA	NA
MW385367	NA-NA	NA	0-288	1	NA-NA	NA
MN109957	18-3273	1	3263-4814	1	4832-6947	1
MN109956	18-3273	1	3263-4814	1	4832-6947	1
MN109955	18-3273	1	3263-4814	1	4832-6947	1
MN109954	18-3273	1	3263-4814	1	4832-6947	1
MN127959	18-3273	1	3263-4814	1	4832-6947	1
MN127958	18-3273	1	3263-4814	1	4832-6947	1
MN127957	18-3273	1	3263-4814	1	4832-6947	1
MN127956	18-3273	1	3263-4814	1	4832-6947	1
MN127955	18-3273	1	3263-4814	1	4832-6947	1
MN127954	18-3273	1	3263-4814	1	4832-6947	1
MN127953	18-3273	1	3263-4814	1	4832-6947	1
MN127952	18-3273	1	3263-4814	1	4832-6947	1
MN127951	18-3273	1	3263-4814	1	4832-6947	1
MN103532	18-3273	1	3263-4814	1	4832-6947	1
MN872687	NA-NA	NA	0-298	1	NA-NA	NA
MN872686	NA-NA	NA	0-306	1	NA-NA	NA
MN872685	NA-NA	NA	0-362	1	NA-NA	NA
MN872684	NA-NA	NA	0-200	1	NA-NA	NA
MG581960	NA-NA	NA	0-437	1	NA-NA	NA
NC_034974	27-2502	1	2453-3965	1	3957-6285	1
MT894428	NA-NA	NA	NA-NA	NA	1-723	1
MT894427	NA-NA	NA	NA-NA	NA	2-344	1
MT894426	NA-NA	NA	2-815	1	796-1564	1
MT894425	0-1035	1	1001-1554	1	NA-NA	NA
MT894398	NA-NA	NA	NA-NA	NA	0-638	1
MT894397	NA-NA	NA	NA-NA	NA	12-1297	1
MT894396	1-76	1	75-738	1	NA-NA	NA
MT894395	0-770	1	NA-NA	NA	NA-NA	NA
MK509017	NA-NA	NA	NA-NA	NA	2-523	1
MK509016	NA-NA	NA	NA-NA	NA	1-366	1
MW164633	49-2794	1	2736-4281	1	4273-6718	1
LC577872	NA-NA	NA	NA-NA	NA	3612-5658	1
LC577871	NA-NA	NA	NA-NA	NA	3411-5475	1
LC577870	NA-NA	NA	NA-NA	NA	3323-5209	1
LC549662	NA-NA	NA	NA-NA	NA	3614-5660	1
MT492440	NA-NA	NA	NA-NA	NA	NA-NA	NA
MT492439	NA-NA	NA	NA-NA	NA	NA-NA	NA
MT492438	NA-NA	NA	NA-NA	NA	NA-NA	NA
MT492437	NA-NA	NA	NA-NA	NA	NA-NA	NA
MT492436	NA-NA	NA	NA-NA	NA	NA-NA	NA
MT492435	NA-NA	NA	NA-NA	NA	NA-NA	NA
MT492434	NA-NA	NA	NA-NA	NA	NA-NA	NA
MT492433	NA-NA	NA	NA-NA	NA	NA-NA	NA
MT492432	NA-NA	NA	NA-NA	NA	NA-NA	NA
MT492431	NA-NA	NA	NA-NA	NA	NA-NA	NA
MT492430	NA-NA	NA	NA-NA	NA	NA-NA	NA
MT492429	NA-NA	NA	NA-NA	NA	NA-NA	NA
MT492428	NA-NA	NA	NA-NA	NA	NA-NA	NA
MT492427	NA-NA	NA	NA-NA	NA	NA-NA	NA
MT492426	NA-NA	NA	NA-NA	NA	NA-NA	NA
MT492425	NA-NA	NA	NA-NA	NA	NA-NA	NA
MT492424	NA-NA	NA	NA-NA	NA	NA-NA	NA
MT492423	NA-NA	NA	NA-NA	NA	NA-NA	NA
MT492422	NA-NA	NA	NA-NA	NA	NA-NA	NA
MT042836	NA-NA	NA	0-389	1	NA-NA	NA
MT042834	NA-NA	NA	0-381	1	NA-NA	NA
MT042835	NA-NA	NA	0-389	1	NA-NA	NA
MW082586	179-2507	1	2851-3970	1	3857-6266	1
MT470220	47-2648	1	2995-4093	1	4085-6650	1
MW037841	45-2790	1	2804-4277	1	4269-6714	1
MW037840	71-2618	1	2629-4150	1	4106-6476	1
MW037839	13-2512	1	2475-4035	1	3991-6352	1
MT036255	NA-NA	NA	0-410	1	NA-NA	NA
MT451918	87-2637	1	NA-NA	NA	4074-6555	1
MT451917	87-2637	1	NA-NA	NA	4074-6543	1
KY933399	1-1615	1	1575-3144	1	3133-5281	1
KY933398	85-2635	1	2571-4080	1	4072-6583	1
KY940077	18-2493	1	2444-3956	1	3948-6273	1
KY940076	27-2502	1	2453-3965	1	3957-6285	1
KY940075	1-2602	1	2532-4047	1	4039-6580	1
MN967074	NA-NA	NA	NA-NA	NA	0-449	1
MN967073	2-288	1	NA-NA	NA	NA-NA	NA
MT896156	NA-NA	NA	0-792	1	NA-NA	NA
MT896155	NA-NA	NA	1-802	1	NA-NA	NA
MT734809	5-2702	1	2719-4201	1	4154-6395	1
MT491732	2-3374	1	3355-4915	1	4939-7156	1
MT491731	0-3402	1	3383-4943	1	4967-7184	1
MT491730	0-3402	1	3383-4943	1	4967-7184	1
MN882010	0-2670	1	2621-4157	1	3969-6465	1
MN882009	0-2670	1	2621-4157	1	3969-6465	1
MN882008	0-2670	1	2621-4157	1	3969-6465	1
MN882007	0-2670	1	2621-4157	1	3969-6465	1
MN882006	0-2670	1	2621-4157	1	3969-6474	1
MN882005	0-2670	1	2621-4157	1	3969-6474	1
MN882004	0-2670	1	2621-4157	1	3969-6474	1
MN882003	0-2670	1	2621-4157	1	3969-6486	1
MN882002	0-2670	1	2621-4157	1	3969-6486	1
MN882001	0-2670	1	2621-4157	1	3969-6486	1
MN882000	0-2670	1	2621-4157	1	3969-6498	1
MN881999	0-2670	1	2621-4157	1	3969-6498	1
MT789787	21-3441	1	3422-4982	1	5006-7223	1
MT789786	21-3441	1	3422-4982	1	5006-7223	1
MT789785	21-3441	1	3422-4982	1	5006-7223	1
MT789784	21-3441	1	3422-4982	1	5006-7223	1
MT789783	21-3441	1	3422-4982	1	5006-7223	1
MT789782	21-3441	1	3422-4982	1	5006-7223	1
MT789781	21-3444	1	3425-4985	1	5009-7226	1
MT789780	21-3444	1	3425-4985	1	5009-7226	1
MT789779	21-3444	1	3425-4985	1	5009-7226	1
MT789778	21-3444	1	3425-4985	1	5009-7226	1
MT789777	21-3444	1	3425-4985	1	5009-7226	1
MT789776	21-3444	1	3425-4985	1	5009-7226	1
MT789775	21-3444	1	3425-4985	1	5009-7226	1
MT789774	21-3444	1	3425-4985	1	5009-7226	1
MN871914	NA-NA	NA	2-584	1	NA-NA	NA
MN871913	NA-NA	NA	2-584	1	NA-NA	NA
MN871912	NA-NA	NA	2-584	1	NA-NA	NA
MN871911	NA-NA	NA	2-584	1	NA-NA	NA
MN871910	NA-NA	NA	2-584	1	NA-NA	NA
MN871909	NA-NA	NA	2-584	1	NA-NA	NA
MN871908	NA-NA	NA	2-584	1	NA-NA	NA
MN871907	NA-NA	NA	2-584	1	NA-NA	NA
MN871906	NA-NA	NA	2-584	1	NA-NA	NA
MN871905	NA-NA	NA	2-584	1	NA-NA	NA
MN871904	NA-NA	NA	2-584	1	NA-NA	NA
MN871903	NA-NA	NA	2-584	1	NA-NA	NA
MN871902	NA-NA	NA	2-584	1	NA-NA	NA
MN871901	NA-NA	NA	2-584	1	NA-NA	NA
MN871900	NA-NA	NA	2-584	1	NA-NA	NA
MN871899	NA-NA	NA	2-584	1	NA-NA	NA
MN718861	NA-NA	NA	0-720	1	664-2896	1
MN837529	NA-NA	NA	NA-NA	NA	0-612	1
MN837528	NA-NA	NA	NA-NA	NA	0-612	1
MN837527	NA-NA	NA	NA-NA	NA	0-612	1
MN837526	NA-NA	NA	NA-NA	NA	0-612	1
MN837525	NA-NA	NA	NA-NA	NA	0-612	1
MN837524	NA-NA	NA	NA-NA	NA	0-612	1
MN837523	NA-NA	NA	NA-NA	NA	0-612	1
MN837522	NA-NA	NA	NA-NA	NA	0-612	1
MN837521	NA-NA	NA	NA-NA	NA	0-612	1
MN837520	NA-NA	NA	NA-NA	NA	0-612	1
MN837519	NA-NA	NA	NA-NA	NA	0-612	1
MN837518	NA-NA	NA	NA-NA	NA	0-612	1
MN837517	NA-NA	NA	NA-NA	NA	0-612	1
MN837516	NA-NA	NA	NA-NA	NA	0-612	1
MN837515	NA-NA	NA	NA-NA	NA	0-612	1
MN837533	0-2775	1	2717-4223	1	4215-6672	1
MN837532	8-2792	1	2734-4240	1	4232-6689	1
MN837531	2-2756	1	2698-4204	1	4196-6653	1
MN837514	NA-NA	NA	1-514	1	NA-NA	NA
MN837513	NA-NA	NA	2-658	1	NA-NA	NA
MN837512	NA-NA	NA	2-658	1	NA-NA	NA
MN837511	NA-NA	NA	2-658	1	NA-NA	NA
MN837510	NA-NA	NA	2-658	1	NA-NA	NA
MN837509	NA-NA	NA	2-658	1	NA-NA	NA
MN837508	NA-NA	NA	2-658	1	NA-NA	NA
MN837507	NA-NA	NA	2-658	1	NA-NA	NA
MN837506	NA-NA	NA	2-658	1	NA-NA	NA
MN837505	NA-NA	NA	2-658	1	NA-NA	NA
MN837504	NA-NA	NA	2-658	1	NA-NA	NA
MN837503	NA-NA	NA	2-611	1	NA-NA	NA
MN837502	NA-NA	NA	2-652	1	NA-NA	NA
MN837530	NA-NA	NA	0-1506	1	NA-NA	NA
MN837501	NA-NA	NA	2-658	1	NA-NA	NA
MN837500	NA-NA	NA	2-658	1	NA-NA	NA
MN831204	NA-NA	NA	0-330	1	NA-NA	NA
MN831203	NA-NA	NA	0-330	1	NA-NA	NA
MN831202	NA-NA	NA	0-357	1	NA-NA	NA
MN831201	NA-NA	NA	0-294	1	NA-NA	NA
MN831200	NA-NA	NA	0-351	1	NA-NA	NA
MN831199	NA-NA	NA	0-300	1	NA-NA	NA
MN831198	NA-NA	NA	0-351	1	NA-NA	NA
MN831197	NA-NA	NA	0-351	1	NA-NA	NA
MN831196	NA-NA	NA	0-351	1	NA-NA	NA
MN831195	NA-NA	NA	0-351	1	NA-NA	NA
MN831194	NA-NA	NA	0-345	1	NA-NA	NA
MN831193	NA-NA	NA	0-345	1	NA-NA	NA
MN831192	NA-NA	NA	0-345	1	NA-NA	NA
MN831191	NA-NA	NA	0-366	1	NA-NA	NA
MN831190	NA-NA	NA	0-366	1	NA-NA	NA
MN831189	NA-NA	NA	0-366	1	NA-NA	NA
MN831188	NA-NA	NA	0-366	1	NA-NA	NA
MN831187	NA-NA	NA	0-372	1	NA-NA	NA
MN831186	NA-NA	NA	0-354	1	NA-NA	NA
MN831185	NA-NA	NA	0-372	1	NA-NA	NA
MN831184	NA-NA	NA	0-375	1	NA-NA	NA
MN831183	NA-NA	NA	0-375	1	NA-NA	NA
MN831182	NA-NA	NA	0-375	1	NA-NA	NA
MN831181	NA-NA	NA	0-375	1	NA-NA	NA
MN831180	NA-NA	NA	2-362	1	NA-NA	NA
MN831179	NA-NA	NA	0-375	1	NA-NA	NA
MN831178	NA-NA	NA	0-363	1	NA-NA	NA
MN831177	NA-NA	NA	0-363	1	NA-NA	NA
MN831176	NA-NA	NA	0-354	1	NA-NA	NA
MN831175	NA-NA	NA	0-354	1	NA-NA	NA
MN831174	NA-NA	NA	0-354	1	NA-NA	NA
MN831173	NA-NA	NA	0-357	1	NA-NA	NA
MN831172	NA-NA	NA	0-357	1	NA-NA	NA
MN831171	NA-NA	NA	0-357	1	NA-NA	NA
MN831170	NA-NA	NA	0-345	1	NA-NA	NA
MN846267	NA-NA	NA	0-570	1	NA-NA	NA
MN822875	NA-NA	NA	0-375	1	NA-NA	NA
MN822874	NA-NA	NA	0-375	1	NA-NA	NA
MN822873	NA-NA	NA	0-387	1	NA-NA	NA
MN822872	NA-NA	NA	0-360	1	NA-NA	NA
MN822871	NA-NA	NA	0-372	1	NA-NA	NA
MN822870	NA-NA	NA	0-345	1	NA-NA	NA
MN822869	NA-NA	NA	0-375	1	NA-NA	NA
MN822868	NA-NA	NA	0-369	1	NA-NA	NA
MT642666	102-2652	1	2582-4097	1	4089-6636	1
MN307120	13-3268	1	3258-4809	1	4827-6942	1
MN307119	13-3268	1	3258-4809	1	4827-6942	1
MN307118	13-3268	1	3258-4809	1	4827-6942	1
MN307117	13-3268	1	3258-4809	1	4827-6942	1
MN307116	13-3268	1	3258-4809	1	4827-6942	1
MN307115	13-3268	1	3258-4809	1	4827-6942	1
MN307114	13-3268	1	3258-4809	1	4827-6942	1
NC_025379	48-2769	1	2705-4256	1	4248-6588	1
MN788461	NA-NA	NA	NA-NA	NA	1-2412	1
MN722567	NA-NA	NA	NA-NA	NA	0-366	1
MT549860	34-2260	1	2214-3750	1	3722-6182	1
MT549859	148-2389	1	2343-3888	1	3877-6272	1
MT549858	33-2259	1	2213-3758	1	3747-6192	1
MT549857	NA-NA	NA	NA-NA	NA	3677-5597	1
MT549856	NA-NA	NA	NA-NA	NA	3676-5710	1
MT549855	6-2637	1	2567-4082	1	4074-6558	1
MT671959	NA-NA	NA	0-431	1	NA-NA	NA
MT506231	0-2640	1	2639-4148	1	4140-6600	1
MT076199	NA-NA	NA	0-963	1	NA-NA	NA
KF787112	48-2769	1	2705-4256	1	4248-6588	1
MT380202	NA-NA	NA	1-301	1	NA-NA	NA
MT380201	NA-NA	NA	0-327	1	NA-NA	NA
MT380200	NA-NA	NA	2-326	1	NA-NA	NA
MN196312	NA-NA	NA	0-421	1	NA-NA	NA
MN196311	NA-NA	NA	0-421	1	NA-NA	NA
MN196310	NA-NA	NA	0-421	1	NA-NA	NA
MN196309	NA-NA	NA	0-421	1	NA-NA	NA
MN656978	NA-NA	NA	1-326	1	NA-NA	NA
MN114671	NA-NA	NA	NA-NA	NA	0-244	1
MN114670	NA-NA	NA	NA-NA	NA	0-244	1
MN114669	NA-NA	NA	NA-NA	NA	0-244	1
MN114668	NA-NA	NA	NA-NA	NA	0-244	1
MN114667	NA-NA	NA	NA-NA	NA	0-244	1
MN114666	NA-NA	NA	NA-NA	NA	0-244	1
MN114665	NA-NA	NA	NA-NA	NA	0-244	1
MN114664	NA-NA	NA	NA-NA	NA	0-244	1
MN114663	NA-NA	NA	NA-NA	NA	0-244	1
MN114662	NA-NA	NA	NA-NA	NA	0-244	1
MN114661	NA-NA	NA	NA-NA	NA	0-244	1
MN114660	NA-NA	NA	NA-NA	NA	0-244	1
MN114659	NA-NA	NA	NA-NA	NA	0-244	1
MN114658	NA-NA	NA	NA-NA	NA	0-244	1
MN114657	NA-NA	NA	NA-NA	NA	0-244	1
MN114656	NA-NA	NA	NA-NA	NA	0-244	1
MN114655	NA-NA	NA	NA-NA	NA	0-244	1
MN114654	NA-NA	NA	NA-NA	NA	0-244	1
MN114653	NA-NA	NA	NA-NA	NA	0-244	1
MN114652	NA-NA	NA	NA-NA	NA	0-244	1
MN114651	NA-NA	NA	NA-NA	NA	0-244	1
MN114650	NA-NA	NA	NA-NA	NA	0-244	1
MN114649	NA-NA	NA	NA-NA	NA	0-244	1
MN114648	NA-NA	NA	NA-NA	NA	0-244	1
MN114647	NA-NA	NA	NA-NA	NA	0-244	1
MN114646	NA-NA	NA	NA-NA	NA	0-244	1
MN114645	NA-NA	NA	NA-NA	NA	0-244	1
MN114644	NA-NA	NA	NA-NA	NA	0-244	1
MN114643	NA-NA	NA	NA-NA	NA	0-244	1
MN114642	NA-NA	NA	NA-NA	NA	0-244	1
MN114641	NA-NA	NA	NA-NA	NA	0-244	1
MN114640	NA-NA	NA	NA-NA	NA	0-244	1
MN114639	NA-NA	NA	NA-NA	NA	0-244	1
MN114638	NA-NA	NA	NA-NA	NA	0-244	1
MN894548	10-3265	1	3255-4806	1	4824-6939	1
MT078248	52-2722	1	2673-4209	1	4021-6526	1
MT078247	52-2722	1	2673-4209	1	4021-6526	1
MT078246	NA-NA	NA	1-753	1	NA-NA	NA
MT078245	NA-NA	NA	1-749	1	NA-NA	NA
MT078244	NA-NA	NA	0-785	1	NA-NA	NA
MT078243	NA-NA	NA	0-777	1	NA-NA	NA
MT078242	NA-NA	NA	2-759	1	NA-NA	NA
MT078241	NA-NA	NA	2-765	1	NA-NA	NA
MF490796	NA-NA	NA	NA-NA	NA	0-693	1
MF490795	NA-NA	NA	NA-NA	NA	0-693	1
MF490794	NA-NA	NA	NA-NA	NA	0-693	1
MF490793	NA-NA	NA	NA-NA	NA	0-693	1
MF490792	NA-NA	NA	NA-NA	NA	0-693	1
MF490791	NA-NA	NA	NA-NA	NA	0-693	1
MF490790	NA-NA	NA	NA-NA	NA	0-693	1
MF490789	NA-NA	NA	NA-NA	NA	0-693	1
MF490788	NA-NA	NA	NA-NA	NA	0-693	1
MF490787	NA-NA	NA	NA-NA	NA	0-693	1
MF490786	NA-NA	NA	NA-NA	NA	0-693	1
MF490785	NA-NA	NA	NA-NA	NA	0-693	1
MF490784	NA-NA	NA	NA-NA	NA	0-693	1
MF490783	NA-NA	NA	NA-NA	NA	0-693	1
MF490782	NA-NA	NA	NA-NA	NA	0-693	1
MF490781	NA-NA	NA	NA-NA	NA	0-693	1
MF490780	NA-NA	NA	NA-NA	NA	0-693	1
MF490779	NA-NA	NA	NA-NA	NA	0-693	1
MF490778	NA-NA	NA	NA-NA	NA	0-693	1
MF490777	NA-NA	NA	NA-NA	NA	0-693	1
MF490776	NA-NA	NA	NA-NA	NA	0-693	1
MF490775	NA-NA	NA	NA-NA	NA	0-693	1
MF490774	NA-NA	NA	NA-NA	NA	0-693	1
MF490773	NA-NA	NA	NA-NA	NA	0-693	1
MF490772	NA-NA	NA	NA-NA	NA	0-693	1
MF490771	NA-NA	NA	NA-NA	NA	0-693	1
MF490770	NA-NA	NA	NA-NA	NA	0-693	1
MF490769	NA-NA	NA	NA-NA	NA	0-693	1
MF490768	NA-NA	NA	NA-NA	NA	0-693	1
MF490767	NA-NA	NA	NA-NA	NA	0-693	1
MF490766	NA-NA	NA	NA-NA	NA	0-693	1
MF490765	NA-NA	NA	NA-NA	NA	0-693	1
MF490764	NA-NA	NA	NA-NA	NA	0-693	1
MF490763	NA-NA	NA	NA-NA	NA	0-693	1
MF490762	NA-NA	NA	NA-NA	NA	0-693	1
MF490761	NA-NA	NA	NA-NA	NA	0-693	1
MF490760	NA-NA	NA	NA-NA	NA	0-693	1
MF490759	NA-NA	NA	NA-NA	NA	0-693	1
MF490758	NA-NA	NA	NA-NA	NA	0-693	1
MF490757	NA-NA	NA	NA-NA	NA	0-693	1
MF490756	NA-NA	NA	NA-NA	NA	0-693	1
MF490755	NA-NA	NA	NA-NA	NA	0-693	1
MF490754	NA-NA	NA	NA-NA	NA	0-693	1
MF490753	NA-NA	NA	NA-NA	NA	0-693	1
MF490752	NA-NA	NA	NA-NA	NA	0-693	1
MF490751	NA-NA	NA	NA-NA	NA	0-693	1
MF490750	NA-NA	NA	NA-NA	NA	0-687	1
MF490749	NA-NA	NA	NA-NA	NA	0-687	1
MF490748	NA-NA	NA	NA-NA	NA	0-696	1
MF490747	NA-NA	NA	NA-NA	NA	0-696	1
MF490746	NA-NA	NA	NA-NA	NA	0-696	1
MF490745	NA-NA	NA	NA-NA	NA	0-696	1
MF490744	NA-NA	NA	NA-NA	NA	0-696	1
MF490743	NA-NA	NA	NA-NA	NA	0-696	1
MF490742	NA-NA	NA	NA-NA	NA	0-696	1
MF490741	NA-NA	NA	NA-NA	NA	0-696	1
MF490740	NA-NA	NA	NA-NA	NA	0-696	1
MF490739	NA-NA	NA	NA-NA	NA	0-696	1
MF490738	NA-NA	NA	NA-NA	NA	0-696	1
MF490737	NA-NA	NA	NA-NA	NA	0-696	1
MF490736	NA-NA	NA	NA-NA	NA	0-696	1
MF490735	NA-NA	NA	NA-NA	NA	0-696	1
MF490734	NA-NA	NA	NA-NA	NA	0-696	1
MF490733	NA-NA	NA	NA-NA	NA	0-696	1
MF490732	NA-NA	NA	NA-NA	NA	0-696	1
MF490731	NA-NA	NA	NA-NA	NA	0-696	1
MF490730	NA-NA	NA	NA-NA	NA	0-696	1
MF490729	NA-NA	NA	NA-NA	NA	0-696	1
MF490728	NA-NA	NA	NA-NA	NA	0-696	1
MF490727	NA-NA	NA	NA-NA	NA	0-696	1
MF490726	NA-NA	NA	NA-NA	NA	0-696	1
MF490725	NA-NA	NA	NA-NA	NA	0-696	1
MF490724	NA-NA	NA	NA-NA	NA	0-696	1
MF490723	NA-NA	NA	NA-NA	NA	0-696	1
MF490722	NA-NA	NA	NA-NA	NA	0-696	1
MF490721	NA-NA	NA	NA-NA	NA	0-696	1
MF490720	NA-NA	NA	NA-NA	NA	0-696	1
MF490719	NA-NA	NA	NA-NA	NA	0-696	1
MF490718	NA-NA	NA	NA-NA	NA	0-696	1
MF490717	NA-NA	NA	NA-NA	NA	0-696	1
MF490716	NA-NA	NA	NA-NA	NA	0-696	1
MF490715	NA-NA	NA	NA-NA	NA	0-696	1
MF490714	NA-NA	NA	NA-NA	NA	0-696	1
MF490713	NA-NA	NA	NA-NA	NA	0-696	1
MF490712	NA-NA	NA	NA-NA	NA	0-696	1
MF490711	NA-NA	NA	NA-NA	NA	0-696	1
MF490710	NA-NA	NA	NA-NA	NA	0-696	1
MF490709	NA-NA	NA	NA-NA	NA	0-696	1
MF490708	NA-NA	NA	NA-NA	NA	0-696	1
MF490707	NA-NA	NA	NA-NA	NA	0-696	1
MF490706	NA-NA	NA	NA-NA	NA	0-696	1
MF490705	NA-NA	NA	NA-NA	NA	0-696	1
MF490704	NA-NA	NA	NA-NA	NA	0-696	1
MF490703	NA-NA	NA	NA-NA	NA	0-696	1
MF490702	NA-NA	NA	NA-NA	NA	0-696	1
MF490701	NA-NA	NA	NA-NA	NA	0-696	1
MF490700	NA-NA	NA	NA-NA	NA	0-696	1
MF490699	NA-NA	NA	NA-NA	NA	0-696	1
MF490698	NA-NA	NA	NA-NA	NA	0-696	1
MF490697	NA-NA	NA	NA-NA	NA	0-696	1
MF490696	NA-NA	NA	NA-NA	NA	0-696	1
MF490695	NA-NA	NA	NA-NA	NA	0-696	1
MF490694	NA-NA	NA	NA-NA	NA	0-696	1
MF490693	NA-NA	NA	NA-NA	NA	0-696	1
MF490692	NA-NA	NA	NA-NA	NA	0-696	1
MF490691	NA-NA	NA	NA-NA	NA	0-696	1
MF490690	NA-NA	NA	NA-NA	NA	0-696	1
MF490689	NA-NA	NA	NA-NA	NA	0-696	1
MF490688	NA-NA	NA	NA-NA	NA	0-696	1
MF490687	NA-NA	NA	NA-NA	NA	0-696	1
MF490686	NA-NA	NA	NA-NA	NA	0-696	1
MF490685	NA-NA	NA	NA-NA	NA	0-696	1
MF490684	NA-NA	NA	NA-NA	NA	0-696	1
MF490683	NA-NA	NA	NA-NA	NA	0-696	1
MF490682	NA-NA	NA	NA-NA	NA	0-696	1
MF490681	NA-NA	NA	NA-NA	NA	0-696	1
MF490680	NA-NA	NA	NA-NA	NA	0-696	1
MF490679	NA-NA	NA	NA-NA	NA	0-696	1
MF490678	NA-NA	NA	NA-NA	NA	0-696	1
MF490677	NA-NA	NA	NA-NA	NA	0-696	1
MF490676	NA-NA	NA	NA-NA	NA	0-696	1
MF490675	NA-NA	NA	NA-NA	NA	0-696	1
MF490674	NA-NA	NA	NA-NA	NA	0-696	1
MF490673	NA-NA	NA	NA-NA	NA	0-696	1
MF490672	NA-NA	NA	NA-NA	NA	0-696	1
MF490671	NA-NA	NA	NA-NA	NA	0-696	1
MF490670	NA-NA	NA	NA-NA	NA	0-696	1
MF490669	NA-NA	NA	NA-NA	NA	0-696	1
MF490668	NA-NA	NA	NA-NA	NA	0-696	1
MF490667	NA-NA	NA	NA-NA	NA	0-696	1
MF490666	NA-NA	NA	NA-NA	NA	0-696	1
MF490665	NA-NA	NA	NA-NA	NA	0-696	1
MF490664	NA-NA	NA	NA-NA	NA	0-696	1
MF490663	NA-NA	NA	NA-NA	NA	0-696	1
MF490662	NA-NA	NA	NA-NA	NA	0-696	1
MF490661	NA-NA	NA	NA-NA	NA	0-696	1
MF490660	NA-NA	NA	NA-NA	NA	0-696	1
MF490659	NA-NA	NA	NA-NA	NA	0-696	1
MF490658	NA-NA	NA	NA-NA	NA	0-696	1
MF490657	NA-NA	NA	NA-NA	NA	0-696	1
MF490656	NA-NA	NA	NA-NA	NA	0-696	1
MF490655	NA-NA	NA	NA-NA	NA	0-696	1
MF490654	NA-NA	NA	NA-NA	NA	0-696	1
MF490653	NA-NA	NA	NA-NA	NA	0-696	1
MF490652	NA-NA	NA	NA-NA	NA	0-696	1
MF490651	NA-NA	NA	NA-NA	NA	0-696	1
MF490650	NA-NA	NA	NA-NA	NA	0-696	1
MF490649	NA-NA	NA	NA-NA	NA	0-696	1
MF490648	NA-NA	NA	NA-NA	NA	0-696	1
MF490647	NA-NA	NA	NA-NA	NA	0-696	1
MF490646	NA-NA	NA	NA-NA	NA	0-696	1
MF490645	NA-NA	NA	NA-NA	NA	0-696	1
MF490644	NA-NA	NA	NA-NA	NA	0-696	1
MF490643	NA-NA	NA	NA-NA	NA	0-696	1
MF490642	NA-NA	NA	NA-NA	NA	0-696	1
MF490641	NA-NA	NA	NA-NA	NA	0-696	1
MF490640	NA-NA	NA	NA-NA	NA	0-696	1
MF490639	NA-NA	NA	NA-NA	NA	0-696	1
MF490638	NA-NA	NA	NA-NA	NA	0-696	1
MF490637	NA-NA	NA	NA-NA	NA	0-696	1
MF490636	NA-NA	NA	NA-NA	NA	0-696	1
MF490635	NA-NA	NA	NA-NA	NA	0-696	1
MF490634	NA-NA	NA	NA-NA	NA	0-696	1
MF490633	NA-NA	NA	NA-NA	NA	0-696	1
MF490632	NA-NA	NA	NA-NA	NA	0-696	1
MF490631	NA-NA	NA	NA-NA	NA	0-696	1
MF490630	NA-NA	NA	NA-NA	NA	0-696	1
MF490629	NA-NA	NA	NA-NA	NA	0-696	1
MF490628	NA-NA	NA	NA-NA	NA	0-696	1
MF490627	NA-NA	NA	NA-NA	NA	0-696	1
MF490626	NA-NA	NA	NA-NA	NA	0-696	1
MF490625	NA-NA	NA	NA-NA	NA	0-696	1
MF490624	NA-NA	NA	NA-NA	NA	0-696	1
MF490623	NA-NA	NA	NA-NA	NA	0-696	1
MF490622	NA-NA	NA	NA-NA	NA	0-696	1
MF490621	NA-NA	NA	NA-NA	NA	0-696	1
MF490620	NA-NA	NA	NA-NA	NA	0-696	1
MF490619	NA-NA	NA	NA-NA	NA	0-696	1
MF490618	NA-NA	NA	NA-NA	NA	0-696	1
MF490617	NA-NA	NA	NA-NA	NA	0-696	1
MF490616	NA-NA	NA	NA-NA	NA	0-696	1
MF490615	NA-NA	NA	NA-NA	NA	0-696	1
MF490614	NA-NA	NA	NA-NA	NA	0-696	1
MF490613	NA-NA	NA	NA-NA	NA	0-696	1
MF490612	NA-NA	NA	NA-NA	NA	0-696	1
MF490611	NA-NA	NA	NA-NA	NA	0-696	1
MF490610	NA-NA	NA	NA-NA	NA	0-696	1
MF490609	NA-NA	NA	NA-NA	NA	0-696	1
MF490608	NA-NA	NA	NA-NA	NA	0-696	1
MF490607	NA-NA	NA	NA-NA	NA	0-696	1
MF490606	NA-NA	NA	NA-NA	NA	0-696	1
MF490605	NA-NA	NA	NA-NA	NA	0-696	1
MF490604	NA-NA	NA	NA-NA	NA	0-696	1
MF490603	NA-NA	NA	NA-NA	NA	0-696	1
MF490602	NA-NA	NA	NA-NA	NA	0-696	1
MF490601	NA-NA	NA	NA-NA	NA	0-696	1
MF490600	NA-NA	NA	NA-NA	NA	0-696	1
MF490599	NA-NA	NA	NA-NA	NA	0-696	1
MF490598	NA-NA	NA	NA-NA	NA	0-696	1
MF490597	NA-NA	NA	NA-NA	NA	0-696	1
MF490596	NA-NA	NA	NA-NA	NA	0-696	1
MF490595	NA-NA	NA	NA-NA	NA	0-696	1
MF490594	NA-NA	NA	NA-NA	NA	0-696	1
MF490593	NA-NA	NA	NA-NA	NA	0-696	1
MF490592	NA-NA	NA	NA-NA	NA	0-696	1
MF490591	NA-NA	NA	NA-NA	NA	0-696	1
MF490590	NA-NA	NA	NA-NA	NA	0-696	1
MF490589	NA-NA	NA	NA-NA	NA	0-696	1
MF490588	NA-NA	NA	NA-NA	NA	0-696	1
MF490587	NA-NA	NA	NA-NA	NA	0-696	1
MF490586	NA-NA	NA	NA-NA	NA	0-696	1
MF490585	NA-NA	NA	NA-NA	NA	0-696	1
MF490584	NA-NA	NA	NA-NA	NA	0-696	1
MF490583	NA-NA	NA	NA-NA	NA	0-696	1
MF490582	NA-NA	NA	NA-NA	NA	0-696	1
MF490581	NA-NA	NA	NA-NA	NA	0-696	1
MF490580	NA-NA	NA	NA-NA	NA	0-696	1
MF490579	NA-NA	NA	NA-NA	NA	0-696	1
MF490578	NA-NA	NA	NA-NA	NA	0-696	1
MF490577	NA-NA	NA	NA-NA	NA	0-696	1
MF490576	NA-NA	NA	NA-NA	NA	0-696	1
MF490575	NA-NA	NA	NA-NA	NA	0-696	1
MF490574	NA-NA	NA	NA-NA	NA	0-696	1
MF490573	NA-NA	NA	NA-NA	NA	0-875	1
MF490572	NA-NA	NA	NA-NA	NA	0-875	1
MF490571	NA-NA	NA	NA-NA	NA	0-875	1
MF490570	NA-NA	NA	NA-NA	NA	0-875	1
MF490569	NA-NA	NA	NA-NA	NA	0-875	1
MF490568	NA-NA	NA	NA-NA	NA	0-875	1
MF490567	NA-NA	NA	NA-NA	NA	0-875	1
MF490566	NA-NA	NA	NA-NA	NA	0-875	1
MF490565	NA-NA	NA	NA-NA	NA	0-875	1
MF490564	NA-NA	NA	NA-NA	NA	0-875	1
MF490563	NA-NA	NA	NA-NA	NA	0-875	1
MF490562	NA-NA	NA	NA-NA	NA	0-875	1
MF490561	NA-NA	NA	NA-NA	NA	0-875	1
MF490560	NA-NA	NA	NA-NA	NA	0-875	1
MF490559	NA-NA	NA	NA-NA	NA	0-875	1
MF490558	NA-NA	NA	NA-NA	NA	0-875	1
MF490557	NA-NA	NA	NA-NA	NA	0-875	1
MF490556	NA-NA	NA	NA-NA	NA	0-875	1
MF490555	NA-NA	NA	NA-NA	NA	0-875	1
MF490554	NA-NA	NA	NA-NA	NA	0-875	1
MF490553	NA-NA	NA	NA-NA	NA	0-875	1
MF490552	NA-NA	NA	NA-NA	NA	0-875	1
MF490551	NA-NA	NA	NA-NA	NA	0-875	1
MF490550	NA-NA	NA	NA-NA	NA	0-875	1
MF490549	NA-NA	NA	NA-NA	NA	0-875	1
MF490548	NA-NA	NA	NA-NA	NA	0-875	1
MF490547	NA-NA	NA	NA-NA	NA	0-875	1
MF490546	NA-NA	NA	NA-NA	NA	0-875	1
MF490545	NA-NA	NA	NA-NA	NA	0-875	1
MF490544	NA-NA	NA	NA-NA	NA	0-875	1
MF490543	NA-NA	NA	NA-NA	NA	0-875	1
MF490542	NA-NA	NA	NA-NA	NA	0-875	1
MF490541	NA-NA	NA	NA-NA	NA	0-875	1
MF490540	NA-NA	NA	NA-NA	NA	0-875	1
MF490539	NA-NA	NA	NA-NA	NA	0-879	1
MF490538	NA-NA	NA	NA-NA	NA	0-879	1
MF490537	NA-NA	NA	NA-NA	NA	0-879	1
MF490536	NA-NA	NA	NA-NA	NA	0-879	1
MF490535	NA-NA	NA	NA-NA	NA	0-879	1
MF490534	NA-NA	NA	NA-NA	NA	0-879	1
MF490533	NA-NA	NA	NA-NA	NA	0-879	1
MF490532	NA-NA	NA	NA-NA	NA	0-879	1
MF490531	NA-NA	NA	NA-NA	NA	0-879	1
MF490530	NA-NA	NA	NA-NA	NA	0-879	1
MF490529	NA-NA	NA	NA-NA	NA	0-879	1
MF490528	NA-NA	NA	NA-NA	NA	0-879	1
MF490527	NA-NA	NA	NA-NA	NA	0-879	1
MF490526	NA-NA	NA	NA-NA	NA	0-879	1
MF490525	NA-NA	NA	NA-NA	NA	0-879	1
MF490524	NA-NA	NA	NA-NA	NA	0-879	1
MF490523	NA-NA	NA	NA-NA	NA	0-879	1
MF490522	NA-NA	NA	NA-NA	NA	0-879	1
MF490521	NA-NA	NA	NA-NA	NA	0-879	1
MF490520	NA-NA	NA	NA-NA	NA	0-879	1
MF490519	NA-NA	NA	NA-NA	NA	0-879	1
MF490518	NA-NA	NA	NA-NA	NA	0-879	1
MF490517	NA-NA	NA	NA-NA	NA	0-879	1
MF490516	NA-NA	NA	NA-NA	NA	0-879	1
MF490515	NA-NA	NA	NA-NA	NA	0-879	1
MF490514	NA-NA	NA	NA-NA	NA	0-879	1
MF490513	NA-NA	NA	NA-NA	NA	0-879	1
MF490512	NA-NA	NA	NA-NA	NA	0-879	1
MF490511	NA-NA	NA	NA-NA	NA	0-879	1
MF490510	NA-NA	NA	NA-NA	NA	0-879	1
MF490509	NA-NA	NA	NA-NA	NA	0-879	1
MF490508	NA-NA	NA	NA-NA	NA	0-879	1
MF490507	NA-NA	NA	NA-NA	NA	0-879	1
MF490506	NA-NA	NA	NA-NA	NA	0-879	1
MF490505	NA-NA	NA	NA-NA	NA	0-879	1
MF490504	NA-NA	NA	NA-NA	NA	0-879	1
MF490503	NA-NA	NA	NA-NA	NA	0-879	1
MF490502	NA-NA	NA	NA-NA	NA	0-879	1
MF490501	NA-NA	NA	NA-NA	NA	0-879	1
MF490500	NA-NA	NA	NA-NA	NA	0-879	1
MF490499	NA-NA	NA	NA-NA	NA	0-879	1
MF490498	NA-NA	NA	NA-NA	NA	0-879	1
MF490497	NA-NA	NA	NA-NA	NA	0-879	1
MF490496	NA-NA	NA	NA-NA	NA	0-879	1
MF490495	NA-NA	NA	NA-NA	NA	0-879	1
MF490494	NA-NA	NA	NA-NA	NA	0-879	1
MF490493	NA-NA	NA	NA-NA	NA	0-879	1
MF490492	NA-NA	NA	NA-NA	NA	0-879	1
MF490491	NA-NA	NA	NA-NA	NA	0-879	1
MF490490	NA-NA	NA	NA-NA	NA	0-879	1
MF490489	NA-NA	NA	NA-NA	NA	0-879	1
MF490488	NA-NA	NA	NA-NA	NA	0-879	1
MF490487	NA-NA	NA	NA-NA	NA	0-879	1
MF490486	NA-NA	NA	NA-NA	NA	0-879	1
MF490485	NA-NA	NA	NA-NA	NA	0-879	1
MF490484	NA-NA	NA	NA-NA	NA	0-879	1
MF490483	NA-NA	NA	NA-NA	NA	0-879	1
MF490482	NA-NA	NA	NA-NA	NA	0-879	1
MF490481	NA-NA	NA	NA-NA	NA	0-879	1
LC519825	NA-NA	NA	NA-NA	NA	1-557	1
MN617824	NA-NA	NA	0-435	1	NA-NA	NA
MK966918	NA-NA	NA	0-383	1	NA-NA	NA
MK966917	NA-NA	NA	0-383	1	NA-NA	NA
MK966916	NA-NA	NA	0-383	1	NA-NA	NA
MK966915	NA-NA	NA	0-383	1	NA-NA	NA
MK966914	NA-NA	NA	0-383	1	NA-NA	NA
MK966913	NA-NA	NA	0-383	1	NA-NA	NA
MK966912	NA-NA	NA	0-383	1	NA-NA	NA
MK966911	NA-NA	NA	0-398	1	NA-NA	NA
MK966910	NA-NA	NA	0-389	1	NA-NA	NA
MK966909	NA-NA	NA	0-383	1	NA-NA	NA
MK966908	NA-NA	NA	0-401	1	NA-NA	NA
MK966907	NA-NA	NA	0-383	1	NA-NA	NA
MK966906	NA-NA	NA	0-398	1	NA-NA	NA
MK966905	NA-NA	NA	0-398	1	NA-NA	NA
MK966904	NA-NA	NA	0-389	1	NA-NA	NA
MN807051	76-3496	1	3477-5037	1	5061-7275	1
MN433706	82-2884	1	2823-4371	1	4363-6715	1
MN433705	82-2842	1	2781-4329	1	4321-6715	1
MN433704	81-2889	1	2816-4376	1	4368-6732	1
MN433703	82-2890	1	2817-4377	1	4369-6733	1
MH399898	NA-NA	NA	0-410	1	NA-NA	NA
MT457857	NA-NA	NA	0-966	1	NA-NA	NA
MT323163	NA-NA	NA	NA-NA	NA	0-2115	1
MT323162	NA-NA	NA	NA-NA	NA	0-2115	1
MT323161	NA-NA	NA	NA-NA	NA	0-2115	1
MN809622	245-3350	1	3340-4891	1	4909-7024	1
MT263726	NA-NA	NA	0-354	1	NA-NA	NA
MT263725	NA-NA	NA	0-354	1	NA-NA	NA
MT138015	NA-NA	NA	595-1816	1	1694-4220	1
MT138012	NA-NA	NA	607-1894	1	1895-4148	1
MT138011	53-2897	1	3043-4381	1	4405-6424	1
MT138010	918-3636	1	3782-5120	1	5144-7163	1
MT138007	264-3363	1	3395-4847	1	4871-6863	1
MT138005	199-3271	1	3303-4755	1	4779-6759	1
MT138002	0-3108	1	3140-4592	1	4612-6622	1
MT137999	2-3185	1	3217-4669	1	4689-6726	1
MT137996	231-3306	1	3359-4790	1	4815-6873	1
MT138016	22-2767	1	3000-4221	1	4186-6625	1
MT138014	14-2543	1	2767-4054	1	4055-6308	1
MT138013	199-2476	1	2697-3984	1	3910-6265	1
MT138009	343-2395	1	2478-3876	1	3892-6371	1
MT138008	395-2939	1	3163-4450	1	4451-6704	1
MT138006	248-3071	1	3280-4549	1	4567-7084	1
MT138004	42-3342	1	3584-4865	1	4858-7044	1
MT138003	37-2770	1	3049-4264	1	4267-6403	1
MT138001	194-2873	1	3088-4360	1	4378-6925	1
MT138000	690-3369	1	3584-4856	1	4874-7406	1
MT137998	383-1268	1	1510-2791	1	2784-4406	1
MT137997	54-2994	1	3194-4493	1	4496-6758	1
MT137995	299-1535	1	1450-3088	1	3038-5405	1
MT137994	76-2641	1	2772-4224	1	4154-6431	1
MT137993	391-1918	1	2127-3396	1	3414-5922	1
MT137992	633-3300	1	3227-5204	1	4803-7194	1
MT137991	243-3075	1	3275-4730	1	4566-6882	1
MN841288	NA-NA	NA	NA-NA	NA	NA-NA	NA
MN718860	NA-NA	NA	0-738	1	730-2920	1
MN444721	81-2844	1	2783-4331	1	4323-6708	1
MN920672	549-3336	1	3263-5240	1	4839-7230	1
MN920671	294-3087	1	3287-4991	1	4590-6981	1
MN920670	226-3004	1	3204-4563	1	4492-6694	1
MN920669	139-2806	1	2733-4467	1	4309-6634	1
MN920668	41-2807	1	2971-4342	1	4310-6707	1
MN920667	576-2847	1	2879-4331	1	4351-6388	1
MN920666	481-3160	1	3375-4647	1	4665-7209	1
MN920665	619-3013	1	3216-4503	1	4506-6705	1
MN920664	184-2818	1	3021-4305	1	4307-6569	1
MN920663	31-2659	1	2859-4554	1	4156-6400	1
MT152345	0-2568	1	2522-4037	1	4029-6494	1
KY073233	NA-NA	NA	2-734	1	723-2988	1
EU091265	NA-NA	NA	NA-NA	NA	0-210	1
EU091263	NA-NA	NA	NA-NA	NA	0-210	1
EU091261	NA-NA	NA	NA-NA	NA	0-210	1
EU091260	NA-NA	NA	NA-NA	NA	0-210	1
EU030319	NA-NA	NA	NA-NA	NA	0-609	1
EU030318	NA-NA	NA	NA-NA	NA	0-609	1
EU030317	NA-NA	NA	NA-NA	NA	0-603	1
EU030316	NA-NA	NA	NA-NA	NA	0-609	1
EU030315	NA-NA	NA	NA-NA	NA	0-606	1
EU030314	NA-NA	NA	NA-NA	NA	0-603	1
EU030313	NA-NA	NA	NA-NA	NA	0-603	1
EU030312	NA-NA	NA	NA-NA	NA	0-597	1
EU030311	NA-NA	NA	NA-NA	NA	0-582	1
EU030310	NA-NA	NA	NA-NA	NA	0-603	1
EU030309	NA-NA	NA	NA-NA	NA	0-606	1
EU030308	NA-NA	NA	NA-NA	NA	0-603	1
EU030307	NA-NA	NA	NA-NA	NA	0-603	1
EU030306	NA-NA	NA	NA-NA	NA	0-555	1
EU030305	NA-NA	NA	NA-NA	NA	0-567	1
EU030304	NA-NA	NA	NA-NA	NA	0-591	1
EU030303	NA-NA	NA	NA-NA	NA	0-588	1
EU030302	NA-NA	NA	NA-NA	NA	0-609	1
EU030301	NA-NA	NA	NA-NA	NA	0-597	1
EU030300	NA-NA	NA	NA-NA	NA	0-591	1
EU030299	NA-NA	NA	NA-NA	NA	0-582	1
EU030298	NA-NA	NA	NA-NA	NA	0-546	1
EU030297	NA-NA	NA	NA-NA	NA	0-573	1
EU030296	NA-NA	NA	NA-NA	NA	0-576	1
EU030295	NA-NA	NA	NA-NA	NA	0-558	1
EU030294	NA-NA	NA	NA-NA	NA	0-576	1
EU030293	NA-NA	NA	NA-NA	NA	0-567	1
EU030292	NA-NA	NA	NA-NA	NA	0-609	1
EU030291	NA-NA	NA	NA-NA	NA	0-576	1
EU030290	NA-NA	NA	NA-NA	NA	0-582	1
EU030289	NA-NA	NA	NA-NA	NA	0-588	1
EU030288	NA-NA	NA	NA-NA	NA	0-558	1
EU030287	NA-NA	NA	NA-NA	NA	0-594	1
DQ517523	NA-NA	NA	NA-NA	NA	0-391	1
AF440797	NA-NA	NA	NA-NA	NA	0-348	1
AF440796	NA-NA	NA	NA-NA	NA	0-348	1
AF440795	NA-NA	NA	NA-NA	NA	0-348	1
AF440794	NA-NA	NA	NA-NA	NA	0-348	1
AF440793	NA-NA	NA	NA-NA	NA	0-348	1
AF440792	NA-NA	NA	NA-NA	NA	0-348	1
AF440791	NA-NA	NA	NA-NA	NA	0-348	1
AF440309	NA-NA	NA	NA-NA	NA	0-348	1
AF440308	NA-NA	NA	NA-NA	NA	0-348	1
AF440307	NA-NA	NA	NA-NA	NA	0-348	1
AF440306	NA-NA	NA	NA-NA	NA	0-348	1
AF440305	NA-NA	NA	NA-NA	NA	0-348	1
AF440304	NA-NA	NA	NA-NA	NA	0-348	1
AF440303	NA-NA	NA	NA-NA	NA	0-348	1
AF440302	NA-NA	NA	NA-NA	NA	0-348	1
AF440301	NA-NA	NA	NA-NA	NA	0-348	1
AF440300	NA-NA	NA	NA-NA	NA	0-348	1
AF440299	NA-NA	NA	NA-NA	NA	0-348	1
AF440298	NA-NA	NA	NA-NA	NA	0-348	1
AF440297	NA-NA	NA	NA-NA	NA	0-348	1
AF440296	NA-NA	NA	NA-NA	NA	0-348	1
AF440295	NA-NA	NA	NA-NA	NA	0-348	1
AF440294	NA-NA	NA	NA-NA	NA	0-348	1
AF440293	NA-NA	NA	NA-NA	NA	0-348	1
AF440292	NA-NA	NA	NA-NA	NA	0-348	1
AF348801	NA-NA	NA	NA-NA	NA	0-348	1
AF348800	NA-NA	NA	NA-NA	NA	0-348	1
AF348799	NA-NA	NA	NA-NA	NA	0-348	1
AF348798	NA-NA	NA	NA-NA	NA	0-348	1
AF348797	NA-NA	NA	NA-NA	NA	0-348	1
AF348796	NA-NA	NA	NA-NA	NA	0-348	1
AF348795	NA-NA	NA	NA-NA	NA	0-348	1
AF348794	NA-NA	NA	NA-NA	NA	0-348	1
AF348793	NA-NA	NA	NA-NA	NA	0-348	1
AF348792	NA-NA	NA	NA-NA	NA	0-348	1
AF348791	NA-NA	NA	NA-NA	NA	0-348	1
AF348790	NA-NA	NA	NA-NA	NA	0-348	1
AF348789	NA-NA	NA	NA-NA	NA	0-348	1
AF348788	NA-NA	NA	NA-NA	NA	0-348	1
AF348787	NA-NA	NA	NA-NA	NA	0-348	1
AF348786	NA-NA	NA	NA-NA	NA	0-348	1
AF348785	NA-NA	NA	NA-NA	NA	0-348	1
AF348784	NA-NA	NA	NA-NA	NA	0-348	1
AF348783	NA-NA	NA	NA-NA	NA	0-348	1
AF348782	NA-NA	NA	NA-NA	NA	0-348	1
AF348781	NA-NA	NA	NA-NA	NA	0-348	1
AF348780	NA-NA	NA	NA-NA	NA	0-348	1
AF348779	NA-NA	NA	NA-NA	NA	0-348	1
AF348778	NA-NA	NA	NA-NA	NA	0-348	1
AF348777	NA-NA	NA	NA-NA	NA	0-348	1
AF348776	NA-NA	NA	NA-NA	NA	0-348	1
AF348775	NA-NA	NA	NA-NA	NA	0-348	1
AF348774	NA-NA	NA	NA-NA	NA	0-348	1
AF348773	NA-NA	NA	NA-NA	NA	0-348	1
AF348772	NA-NA	NA	NA-NA	NA	0-348	1
AF348771	NA-NA	NA	NA-NA	NA	0-348	1
AF348770	NA-NA	NA	NA-NA	NA	0-348	1
AF348769	NA-NA	NA	NA-NA	NA	0-348	1
AF348768	NA-NA	NA	NA-NA	NA	0-348	1
AF348767	NA-NA	NA	NA-NA	NA	0-348	1
AF348766	NA-NA	NA	NA-NA	NA	0-348	1
AF348765	NA-NA	NA	NA-NA	NA	0-348	1
AF348764	NA-NA	NA	NA-NA	NA	0-348	1
AF348763	NA-NA	NA	NA-NA	NA	0-348	1
AF348762	NA-NA	NA	NA-NA	NA	0-348	1
AF348761	NA-NA	NA	NA-NA	NA	0-348	1
AF348760	NA-NA	NA	NA-NA	NA	0-348	1
AF348759	NA-NA	NA	NA-NA	NA	0-348	1
AF348758	NA-NA	NA	NA-NA	NA	0-348	1
AF348757	NA-NA	NA	NA-NA	NA	0-348	1
AF348756	NA-NA	NA	NA-NA	NA	0-348	1
AF348755	NA-NA	NA	NA-NA	NA	0-348	1
AF348754	NA-NA	NA	NA-NA	NA	0-348	1
AF348753	NA-NA	NA	NA-NA	NA	0-348	1
AF292072	NA-NA	NA	0-636	1	628-1255	1
MN413618	NA-NA	NA	NA-NA	NA	0-2217	1
MN413617	NA-NA	NA	NA-NA	NA	0-2217	1
MN413616	NA-NA	NA	NA-NA	NA	0-2217	1
MN413615	NA-NA	NA	NA-NA	NA	2-2160	1
MH123921	NA-NA	NA	0-392	1	NA-NA	NA
MH123920	NA-NA	NA	0-392	1	NA-NA	NA
MH123919	NA-NA	NA	0-392	1	NA-NA	NA
MH123918	NA-NA	NA	0-392	1	NA-NA	NA
MH123917	NA-NA	NA	0-392	1	NA-NA	NA
MH123916	NA-NA	NA	0-392	1	NA-NA	NA
MH123915	NA-NA	NA	0-392	1	NA-NA	NA
MH123914	NA-NA	NA	0-392	1	NA-NA	NA
MH123913	NA-NA	NA	0-392	1	NA-NA	NA
MH123912	NA-NA	NA	0-392	1	NA-NA	NA
MH123911	NA-NA	NA	0-392	1	NA-NA	NA
MH123910	NA-NA	NA	0-392	1	NA-NA	NA
MH123909	NA-NA	NA	0-392	1	NA-NA	NA
MH123908	NA-NA	NA	0-392	1	NA-NA	NA
MH123907	NA-NA	NA	0-392	1	NA-NA	NA
MH123906	NA-NA	NA	0-392	1	NA-NA	NA
MH123905	NA-NA	NA	0-392	1	NA-NA	NA
MH123904	NA-NA	NA	0-392	1	NA-NA	NA
MH123903	NA-NA	NA	0-392	1	NA-NA	NA
MH123902	NA-NA	NA	0-392	1	NA-NA	NA
MH123901	NA-NA	NA	0-392	1	NA-NA	NA
MH123900	NA-NA	NA	0-392	1	NA-NA	NA
MH123899	NA-NA	NA	0-392	1	NA-NA	NA
MH123898	NA-NA	NA	0-392	1	NA-NA	NA
MH123897	NA-NA	NA	0-392	1	NA-NA	NA
MH123896	NA-NA	NA	0-392	1	NA-NA	NA
MH123895	NA-NA	NA	0-392	1	NA-NA	NA
MN149392	22-3745	1	3735-5286	1	5309-7505	1
MN428645	18-3273	1	3263-4814	1	4832-6947	1
MN428644	18-3273	1	3263-4814	1	4832-6947	1
MN428643	18-3273	1	3263-4814	1	4832-6947	1
MN428642	18-3273	1	3263-4814	1	4832-6947	1
MN428641	18-3273	1	3263-4814	1	4832-6947	1
MN464146	1-2575	1	2526-4101	1	4093-6379	1
MN329813	NA-NA	NA	NA-NA	NA	0-2217	1
MN329812	NA-NA	NA	NA-NA	NA	0-2217	1
MN329811	NA-NA	NA	NA-NA	NA	0-2217	1
MN329810	NA-NA	NA	NA-NA	NA	0-2217	1
MN329809	NA-NA	NA	NA-NA	NA	0-2217	1
MG693176	1-2677	1	2952-4134	1	4139-6410	1
MG693175	NA-NA	NA	0-3687	1	3683-5564	1
MN318336	NA-NA	NA	NA-NA	NA	1-423	1
MN318335	NA-NA	NA	NA-NA	NA	1-419	1
MN318334	NA-NA	NA	NA-NA	NA	1-427	1
MN318333	NA-NA	NA	NA-NA	NA	1-433	1
MN318332	NA-NA	NA	NA-NA	NA	1-397	1
MN318331	NA-NA	NA	NA-NA	NA	1-416	1
MN318330	NA-NA	NA	NA-NA	NA	1-447	1
MN256448	NA-NA	NA	NA-NA	NA	1-364	1
MN242266	NA-NA	NA	NA-NA	NA	1-392	1
MN242265	NA-NA	NA	NA-NA	NA	1-415	1
MN242264	NA-NA	NA	NA-NA	NA	1-402	1
MN242263	NA-NA	NA	NA-NA	NA	1-404	1
MN242262	NA-NA	NA	NA-NA	NA	1-435	1
MN242261	NA-NA	NA	NA-NA	NA	1-421	1
MN242260	NA-NA	NA	NA-NA	NA	1-417	1
MN242259	NA-NA	NA	NA-NA	NA	1-452	1
MN242258	NA-NA	NA	NA-NA	NA	1-398	1
MN242257	NA-NA	NA	NA-NA	NA	1-290	1
MN242256	NA-NA	NA	NA-NA	NA	1-383	1
MN242255	NA-NA	NA	NA-NA	NA	1-433	1
MN242254	NA-NA	NA	NA-NA	NA	1-412	1
MN242253	NA-NA	NA	NA-NA	NA	1-410	1
MN242252	NA-NA	NA	NA-NA	NA	1-435	1
MN087316	24-2478	1	2432-3941	1	3885-6168	1
MN123726	NA-NA	NA	NA-NA	NA	0-404	1
MN123725	NA-NA	NA	NA-NA	NA	0-404	1
MN123724	NA-NA	NA	NA-NA	NA	0-404	1
MN123723	NA-NA	NA	NA-NA	NA	0-404	1
MN123722	NA-NA	NA	NA-NA	NA	0-404	1
MN123721	NA-NA	NA	NA-NA	NA	0-404	1
MN230104	NA-NA	NA	NA-NA	NA	1-414	1
MN230103	NA-NA	NA	NA-NA	NA	1-414	1
MN230102	NA-NA	NA	NA-NA	NA	1-413	1
MN230101	NA-NA	NA	NA-NA	NA	1-411	1
KY054088	NA-NA	NA	1-385	1	NA-NA	NA
KY054087	NA-NA	NA	1-385	1	NA-NA	NA
KY054011	NA-NA	NA	1-367	1	NA-NA	NA
KY054010	NA-NA	NA	1-385	1	NA-NA	NA
KY054009	NA-NA	NA	1-385	1	NA-NA	NA
KY054008	NA-NA	NA	1-385	1	NA-NA	NA
KY054007	NA-NA	NA	1-385	1	NA-NA	NA
KY054006	NA-NA	NA	1-385	1	NA-NA	NA
KY053916	NA-NA	NA	1-195	1	NA-NA	NA
KY053915	NA-NA	NA	1-386	1	NA-NA	NA
KY053914	NA-NA	NA	1-386	1	NA-NA	NA
MN175321	102-3207	1	3197-4748	1	4766-6881	1
MN136536	NA-NA	NA	0-381	1	NA-NA	NA
MN136535	NA-NA	NA	0-381	1	NA-NA	NA
MN136534	NA-NA	NA	0-381	1	NA-NA	NA
MN136533	NA-NA	NA	0-378	1	NA-NA	NA
MN136532	NA-NA	NA	0-375	1	NA-NA	NA
MN136531	NA-NA	NA	0-381	1	NA-NA	NA
MN136530	NA-NA	NA	0-381	1	NA-NA	NA
MN136529	NA-NA	NA	0-381	1	NA-NA	NA
MN136528	NA-NA	NA	0-381	1	NA-NA	NA
MN136527	NA-NA	NA	0-381	1	NA-NA	NA
MN136526	NA-NA	NA	0-381	1	NA-NA	NA
MN136525	NA-NA	NA	0-381	1	NA-NA	NA
MN852440	0-1296	1	NA-NA	NA	NA-NA	NA
KY054564	NA-NA	NA	1-385	1	NA-NA	NA
KY054563	NA-NA	NA	1-385	1	NA-NA	NA
KY054562	NA-NA	NA	1-385	1	NA-NA	NA
KY054561	NA-NA	NA	1-385	1	NA-NA	NA
KY054560	NA-NA	NA	1-373	1	NA-NA	NA
KY054559	NA-NA	NA	1-373	1	NA-NA	NA
KY054558	NA-NA	NA	1-373	1	NA-NA	NA
KY054557	NA-NA	NA	0-343	1	NA-NA	NA
KY054556	NA-NA	NA	1-385	1	NA-NA	NA
KY054555	NA-NA	NA	1-385	1	NA-NA	NA
KY054554	NA-NA	NA	1-385	1	NA-NA	NA
KY054553	NA-NA	NA	1-385	1	NA-NA	NA
KY054552	NA-NA	NA	1-385	1	NA-NA	NA
KY054551	NA-NA	NA	1-385	1	NA-NA	NA
KY054550	NA-NA	NA	1-338	1	NA-NA	NA
KY054549	NA-NA	NA	1-385	1	NA-NA	NA
KY054548	NA-NA	NA	1-385	1	NA-NA	NA
KY054547	NA-NA	NA	1-385	1	NA-NA	NA
KY054546	NA-NA	NA	0-381	1	NA-NA	NA
KY054545	NA-NA	NA	0-381	1	NA-NA	NA
KY054544	NA-NA	NA	0-363	1	NA-NA	NA
KY054543	NA-NA	NA	0-363	1	NA-NA	NA
KY054542	NA-NA	NA	0-363	1	NA-NA	NA
KY054541	NA-NA	NA	0-363	1	NA-NA	NA
KY054540	NA-NA	NA	0-363	1	NA-NA	NA
KY054539	NA-NA	NA	0-363	1	NA-NA	NA
KY054538	NA-NA	NA	0-363	1	NA-NA	NA
KY054537	NA-NA	NA	0-363	1	NA-NA	NA
KY054536	NA-NA	NA	0-363	1	NA-NA	NA
KY054535	NA-NA	NA	0-363	1	NA-NA	NA
KY054534	NA-NA	NA	0-363	1	NA-NA	NA
KY054533	NA-NA	NA	0-363	1	NA-NA	NA
KY054532	NA-NA	NA	0-363	1	NA-NA	NA
KY054531	NA-NA	NA	0-363	1	NA-NA	NA
KY054530	NA-NA	NA	0-363	1	NA-NA	NA
KY054529	NA-NA	NA	0-363	1	NA-NA	NA
KY054528	NA-NA	NA	0-363	1	NA-NA	NA
KY054527	NA-NA	NA	0-363	1	NA-NA	NA
KY054526	NA-NA	NA	0-363	1	NA-NA	NA
KY054525	NA-NA	NA	0-363	1	NA-NA	NA
KY054524	NA-NA	NA	0-363	1	NA-NA	NA
KY054523	NA-NA	NA	0-363	1	NA-NA	NA
KY054522	NA-NA	NA	0-363	1	NA-NA	NA
KY054521	NA-NA	NA	0-363	1	NA-NA	NA
KY054520	NA-NA	NA	0-363	1	NA-NA	NA
KY054519	NA-NA	NA	0-363	1	NA-NA	NA
KY054518	NA-NA	NA	0-363	1	NA-NA	NA
KY054517	NA-NA	NA	0-363	1	NA-NA	NA
KY054516	NA-NA	NA	0-363	1	NA-NA	NA
KY054515	NA-NA	NA	0-360	1	NA-NA	NA
KY054514	NA-NA	NA	0-360	1	NA-NA	NA
KY054513	NA-NA	NA	0-360	1	NA-NA	NA
KY054512	NA-NA	NA	0-360	1	NA-NA	NA
KY054511	NA-NA	NA	0-381	1	NA-NA	NA
KY054510	NA-NA	NA	0-381	1	NA-NA	NA
KY054509	NA-NA	NA	0-381	1	NA-NA	NA
KY054508	NA-NA	NA	0-368	1	NA-NA	NA
KY054507	NA-NA	NA	0-368	1	NA-NA	NA
KY054506	NA-NA	NA	0-381	1	NA-NA	NA
KY054505	NA-NA	NA	0-381	1	NA-NA	NA
KY054504	NA-NA	NA	1-385	1	NA-NA	NA
KY054503	NA-NA	NA	1-385	1	NA-NA	NA
KY054502	NA-NA	NA	1-338	1	NA-NA	NA
KY054501	NA-NA	NA	1-382	1	NA-NA	NA
KY054500	NA-NA	NA	2-317	1	NA-NA	NA
KY054499	NA-NA	NA	1-373	1	NA-NA	NA
KY054498	NA-NA	NA	1-277	1	NA-NA	NA
KY054497	NA-NA	NA	1-373	1	NA-NA	NA
KY054496	NA-NA	NA	1-373	1	NA-NA	NA
KY054495	NA-NA	NA	2-317	1	NA-NA	NA
KY054494	NA-NA	NA	1-373	1	NA-NA	NA
KY054493	NA-NA	NA	2-317	1	NA-NA	NA
KY054492	NA-NA	NA	2-317	1	NA-NA	NA
KY054491	NA-NA	NA	2-317	1	NA-NA	NA
KY054490	NA-NA	NA	1-280	1	NA-NA	NA
KY054489	NA-NA	NA	1-373	1	NA-NA	NA
KY054488	NA-NA	NA	1-280	1	NA-NA	NA
KY054487	NA-NA	NA	2-317	1	NA-NA	NA
KY054486	NA-NA	NA	0-231	1	NA-NA	NA
KY054485	NA-NA	NA	2-317	1	NA-NA	NA
KY054484	NA-NA	NA	1-315	1	NA-NA	NA
KY054483	NA-NA	NA	1-338	1	NA-NA	NA
KY054482	NA-NA	NA	1-236	1	NA-NA	NA
KY054481	NA-NA	NA	1-319	1	NA-NA	NA
KY054480	NA-NA	NA	1-339	1	NA-NA	NA
KY054479	NA-NA	NA	1-339	1	NA-NA	NA
KY054478	NA-NA	NA	1-294	1	NA-NA	NA
KY054477	NA-NA	NA	1-338	1	NA-NA	NA
KY054476	NA-NA	NA	1-338	1	NA-NA	NA
KY054475	NA-NA	NA	1-339	1	NA-NA	NA
KY054474	NA-NA	NA	1-299	1	NA-NA	NA
KY054473	NA-NA	NA	1-338	1	NA-NA	NA
KY054472	NA-NA	NA	1-288	1	NA-NA	NA
KY054471	NA-NA	NA	1-252	1	NA-NA	NA
KY054470	NA-NA	NA	1-338	1	NA-NA	NA
KY054469	NA-NA	NA	1-289	1	NA-NA	NA
KY054468	NA-NA	NA	1-289	1	NA-NA	NA
KY054467	NA-NA	NA	1-338	1	NA-NA	NA
KY054466	NA-NA	NA	1-289	1	NA-NA	NA
KY054465	NA-NA	NA	1-339	1	NA-NA	NA
KY054464	NA-NA	NA	1-385	1	NA-NA	NA
KY054463	NA-NA	NA	0-381	1	NA-NA	NA
KY054462	NA-NA	NA	0-381	1	NA-NA	NA
KY054461	NA-NA	NA	0-381	1	NA-NA	NA
KY054460	NA-NA	NA	0-363	1	NA-NA	NA
KY054459	NA-NA	NA	0-363	1	NA-NA	NA
KY054458	NA-NA	NA	0-363	1	NA-NA	NA
KY054457	NA-NA	NA	0-363	1	NA-NA	NA
KY054456	NA-NA	NA	0-363	1	NA-NA	NA
KY054455	NA-NA	NA	0-363	1	NA-NA	NA
KY054454	NA-NA	NA	0-363	1	NA-NA	NA
KY054453	NA-NA	NA	0-363	1	NA-NA	NA
KY054452	NA-NA	NA	0-363	1	NA-NA	NA
KY054451	NA-NA	NA	0-363	1	NA-NA	NA
KY054450	NA-NA	NA	0-363	1	NA-NA	NA
KY054449	NA-NA	NA	0-363	1	NA-NA	NA
KY054448	NA-NA	NA	0-363	1	NA-NA	NA
KY054447	NA-NA	NA	0-296	1	NA-NA	NA
KY054446	NA-NA	NA	0-296	1	NA-NA	NA
KY054445	NA-NA	NA	1-291	1	NA-NA	NA
KY054444	NA-NA	NA	0-311	1	NA-NA	NA
KY054443	NA-NA	NA	0-311	1	NA-NA	NA
KY054442	NA-NA	NA	0-311	1	NA-NA	NA
KY054441	NA-NA	NA	0-311	1	NA-NA	NA
KY054440	NA-NA	NA	0-311	1	NA-NA	NA
KY054439	NA-NA	NA	0-320	1	NA-NA	NA
KY054438	NA-NA	NA	0-320	1	NA-NA	NA
KY054437	NA-NA	NA	0-320	1	NA-NA	NA
KY054436	NA-NA	NA	0-320	1	NA-NA	NA
KY054435	NA-NA	NA	1-370	1	NA-NA	NA
KY054434	NA-NA	NA	1-348	1	NA-NA	NA
KY054433	NA-NA	NA	0-147	1	NA-NA	NA
KY054432	NA-NA	NA	2-341	1	NA-NA	NA
KY054431	NA-NA	NA	1-189	1	NA-NA	NA
KY054430	NA-NA	NA	2-349	1	NA-NA	NA
KY054429	NA-NA	NA	0-318	1	NA-NA	NA
KY054428	NA-NA	NA	2-349	1	NA-NA	NA
KY054427	NA-NA	NA	2-345	1	NA-NA	NA
KY054426	NA-NA	NA	1-364	1	NA-NA	NA
KY054425	NA-NA	NA	1-364	1	NA-NA	NA
KY054424	NA-NA	NA	1-364	1	NA-NA	NA
KY054423	NA-NA	NA	1-364	1	NA-NA	NA
KY054422	NA-NA	NA	1-364	1	NA-NA	NA
KY054421	NA-NA	NA	1-364	1	NA-NA	NA
KY054420	NA-NA	NA	1-364	1	NA-NA	NA
KY054419	NA-NA	NA	1-364	1	NA-NA	NA
KY054418	NA-NA	NA	1-364	1	NA-NA	NA
KY054417	NA-NA	NA	1-364	1	NA-NA	NA
KY054416	NA-NA	NA	1-367	1	NA-NA	NA
KY054415	NA-NA	NA	1-367	1	NA-NA	NA
KY054414	NA-NA	NA	1-367	1	NA-NA	NA
KY054413	NA-NA	NA	1-367	1	NA-NA	NA
KY054412	NA-NA	NA	1-367	1	NA-NA	NA
KY054411	NA-NA	NA	1-364	1	NA-NA	NA
KY054410	NA-NA	NA	1-364	1	NA-NA	NA
KY054409	NA-NA	NA	1-367	1	NA-NA	NA
KY054408	NA-NA	NA	1-367	1	NA-NA	NA
KY054407	NA-NA	NA	1-364	1	NA-NA	NA
KY054406	NA-NA	NA	1-364	1	NA-NA	NA
KY054405	NA-NA	NA	1-367	1	NA-NA	NA
KY054404	NA-NA	NA	1-367	1	NA-NA	NA
KY054403	NA-NA	NA	1-367	1	NA-NA	NA
KY054402	NA-NA	NA	1-367	1	NA-NA	NA
KY054401	NA-NA	NA	1-367	1	NA-NA	NA
KY054400	NA-NA	NA	1-367	1	NA-NA	NA
KY054399	NA-NA	NA	1-367	1	NA-NA	NA
KY054398	NA-NA	NA	1-367	1	NA-NA	NA
KY054397	NA-NA	NA	1-367	1	NA-NA	NA
KY054396	NA-NA	NA	1-367	1	NA-NA	NA
KY054395	NA-NA	NA	1-367	1	NA-NA	NA
KY054394	NA-NA	NA	1-367	1	NA-NA	NA
KY054393	NA-NA	NA	1-367	1	NA-NA	NA
KY054392	NA-NA	NA	1-367	1	NA-NA	NA
KY054391	NA-NA	NA	1-367	1	NA-NA	NA
KY054390	NA-NA	NA	1-367	1	NA-NA	NA
KY054389	NA-NA	NA	1-367	1	NA-NA	NA
KY054388	NA-NA	NA	1-367	1	NA-NA	NA
KY054387	NA-NA	NA	1-367	1	NA-NA	NA
KY054386	NA-NA	NA	1-367	1	NA-NA	NA
KY054385	NA-NA	NA	1-367	1	NA-NA	NA
KY054384	NA-NA	NA	1-367	1	NA-NA	NA
KY054383	NA-NA	NA	1-367	1	NA-NA	NA
KY054382	NA-NA	NA	1-367	1	NA-NA	NA
KY054381	NA-NA	NA	1-367	1	NA-NA	NA
KY054380	NA-NA	NA	1-367	1	NA-NA	NA
KY054379	NA-NA	NA	1-367	1	NA-NA	NA
KY054378	NA-NA	NA	1-367	1	NA-NA	NA
KY054377	NA-NA	NA	1-367	1	NA-NA	NA
KY054376	NA-NA	NA	1-367	1	NA-NA	NA
KY054375	NA-NA	NA	1-367	1	NA-NA	NA
KY054374	NA-NA	NA	1-367	1	NA-NA	NA
KY054373	NA-NA	NA	1-367	1	NA-NA	NA
KY054372	NA-NA	NA	1-367	1	NA-NA	NA
KY054371	NA-NA	NA	1-367	1	NA-NA	NA
KY054370	NA-NA	NA	1-367	1	NA-NA	NA
KY054369	NA-NA	NA	1-367	1	NA-NA	NA
KY054368	NA-NA	NA	1-367	1	NA-NA	NA
KY054367	NA-NA	NA	1-367	1	NA-NA	NA
KY054366	NA-NA	NA	1-367	1	NA-NA	NA
KY054365	NA-NA	NA	1-367	1	NA-NA	NA
KY054364	NA-NA	NA	1-367	1	NA-NA	NA
KY054363	NA-NA	NA	1-367	1	NA-NA	NA
KY054362	NA-NA	NA	1-367	1	NA-NA	NA
KY054361	NA-NA	NA	1-367	1	NA-NA	NA
KY054360	NA-NA	NA	1-367	1	NA-NA	NA
KY054359	NA-NA	NA	1-367	1	NA-NA	NA
KY054358	NA-NA	NA	1-367	1	NA-NA	NA
KY054357	NA-NA	NA	1-367	1	NA-NA	NA
KY054356	NA-NA	NA	1-367	1	NA-NA	NA
KY054355	NA-NA	NA	1-367	1	NA-NA	NA
KY054354	NA-NA	NA	1-367	1	NA-NA	NA
KY054353	NA-NA	NA	1-367	1	NA-NA	NA
KY054352	NA-NA	NA	1-367	1	NA-NA	NA
KY054351	NA-NA	NA	1-367	1	NA-NA	NA
KY054350	NA-NA	NA	1-367	1	NA-NA	NA
KY054349	NA-NA	NA	1-367	1	NA-NA	NA
KY054348	NA-NA	NA	1-367	1	NA-NA	NA
KY054347	NA-NA	NA	1-367	1	NA-NA	NA
KY054346	NA-NA	NA	1-367	1	NA-NA	NA
KY054345	NA-NA	NA	1-367	1	NA-NA	NA
KY054344	NA-NA	NA	1-367	1	NA-NA	NA
KY054343	NA-NA	NA	1-367	1	NA-NA	NA
KY054342	NA-NA	NA	1-367	1	NA-NA	NA
KY054341	NA-NA	NA	1-367	1	NA-NA	NA
KY054340	NA-NA	NA	1-367	1	NA-NA	NA
KY054339	NA-NA	NA	1-367	1	NA-NA	NA
KY054338	NA-NA	NA	1-367	1	NA-NA	NA
KY054337	NA-NA	NA	1-367	1	NA-NA	NA
KY054336	NA-NA	NA	1-367	1	NA-NA	NA
KY054335	NA-NA	NA	1-367	1	NA-NA	NA
KY054334	NA-NA	NA	1-367	1	NA-NA	NA
KY054333	NA-NA	NA	1-367	1	NA-NA	NA
KY054332	NA-NA	NA	1-364	1	NA-NA	NA
KY054331	NA-NA	NA	1-364	1	NA-NA	NA
KY054330	NA-NA	NA	1-364	1	NA-NA	NA
KY054329	NA-NA	NA	1-367	1	NA-NA	NA
KY054328	NA-NA	NA	1-367	1	NA-NA	NA
KY054327	NA-NA	NA	1-367	1	NA-NA	NA
KY054326	NA-NA	NA	1-367	1	NA-NA	NA
KY054325	NA-NA	NA	1-367	1	NA-NA	NA
KY054324	NA-NA	NA	1-367	1	NA-NA	NA
KY054323	NA-NA	NA	1-367	1	NA-NA	NA
KY054322	NA-NA	NA	1-367	1	NA-NA	NA
KY054321	NA-NA	NA	1-367	1	NA-NA	NA
KY054320	NA-NA	NA	1-364	1	NA-NA	NA
KY054319	NA-NA	NA	1-367	1	NA-NA	NA
KY054318	NA-NA	NA	1-382	1	NA-NA	NA
KY054317	NA-NA	NA	1-382	1	NA-NA	NA
KY054316	NA-NA	NA	1-382	1	NA-NA	NA
KY054315	NA-NA	NA	1-382	1	NA-NA	NA
KY054314	NA-NA	NA	1-382	1	NA-NA	NA
KY054313	NA-NA	NA	1-345	1	NA-NA	NA
KY054312	NA-NA	NA	1-382	1	NA-NA	NA
KY054311	NA-NA	NA	1-382	1	NA-NA	NA
KY054310	NA-NA	NA	1-382	1	NA-NA	NA
KY054309	NA-NA	NA	1-382	1	NA-NA	NA
KY054308	NA-NA	NA	1-382	1	NA-NA	NA
KY054307	NA-NA	NA	1-382	1	NA-NA	NA
KY054306	NA-NA	NA	1-382	1	NA-NA	NA
KY054305	NA-NA	NA	1-382	1	NA-NA	NA
KY054304	NA-NA	NA	1-382	1	NA-NA	NA
KY054303	NA-NA	NA	1-382	1	NA-NA	NA
KY054302	NA-NA	NA	1-345	1	NA-NA	NA
KY054301	NA-NA	NA	1-345	1	NA-NA	NA
KY054300	NA-NA	NA	1-345	1	NA-NA	NA
KY054299	NA-NA	NA	1-382	1	NA-NA	NA
KY054298	NA-NA	NA	1-382	1	NA-NA	NA
KY054297	NA-NA	NA	1-382	1	NA-NA	NA
KY054296	NA-NA	NA	1-382	1	NA-NA	NA
KY054295	NA-NA	NA	1-382	1	NA-NA	NA
KY054294	NA-NA	NA	1-382	1	NA-NA	NA
KY054293	NA-NA	NA	1-382	1	NA-NA	NA
KY054292	NA-NA	NA	1-382	1	NA-NA	NA
KY054291	NA-NA	NA	1-382	1	NA-NA	NA
KY054290	NA-NA	NA	1-382	1	NA-NA	NA
KY054289	NA-NA	NA	1-382	1	NA-NA	NA
KY054288	NA-NA	NA	1-345	1	NA-NA	NA
KY054287	NA-NA	NA	1-382	1	NA-NA	NA
KY054286	NA-NA	NA	1-382	1	NA-NA	NA
KY054285	NA-NA	NA	1-382	1	NA-NA	NA
KY054284	NA-NA	NA	1-382	1	NA-NA	NA
KY054283	NA-NA	NA	1-382	1	NA-NA	NA
KY054282	NA-NA	NA	1-382	1	NA-NA	NA
KY054281	NA-NA	NA	1-382	1	NA-NA	NA
KY054280	NA-NA	NA	1-382	1	NA-NA	NA
KY054279	NA-NA	NA	1-340	1	NA-NA	NA
KY054278	NA-NA	NA	1-340	1	NA-NA	NA
KY054277	NA-NA	NA	1-340	1	NA-NA	NA
KY054276	NA-NA	NA	1-340	1	NA-NA	NA
KY054275	NA-NA	NA	1-340	1	NA-NA	NA
KY054274	NA-NA	NA	1-340	1	NA-NA	NA
KY054273	NA-NA	NA	1-340	1	NA-NA	NA
KY054272	NA-NA	NA	1-340	1	NA-NA	NA
KY054271	NA-NA	NA	1-382	1	NA-NA	NA
KY054270	NA-NA	NA	1-382	1	NA-NA	NA
KY054269	NA-NA	NA	1-382	1	NA-NA	NA
KY054268	NA-NA	NA	1-350	1	NA-NA	NA
KY054267	NA-NA	NA	1-381	1	NA-NA	NA
KY054266	NA-NA	NA	1-382	1	NA-NA	NA
KY054265	NA-NA	NA	1-382	1	NA-NA	NA
KY054264	NA-NA	NA	1-345	1	NA-NA	NA
KY054263	NA-NA	NA	1-382	1	NA-NA	NA
KY054262	NA-NA	NA	1-345	1	NA-NA	NA
KY054261	NA-NA	NA	1-345	1	NA-NA	NA
KY054260	NA-NA	NA	1-382	1	NA-NA	NA
KY054259	NA-NA	NA	1-345	1	NA-NA	NA
KY054258	NA-NA	NA	1-382	1	NA-NA	NA
KY054257	NA-NA	NA	1-345	1	NA-NA	NA
KY054256	NA-NA	NA	1-382	1	NA-NA	NA
KY054255	NA-NA	NA	1-382	1	NA-NA	NA
KY054254	NA-NA	NA	1-382	1	NA-NA	NA
KY054253	NA-NA	NA	1-382	1	NA-NA	NA
KY054252	NA-NA	NA	1-382	1	NA-NA	NA
KY054251	NA-NA	NA	1-345	1	NA-NA	NA
KY054250	NA-NA	NA	1-345	1	NA-NA	NA
KY054249	NA-NA	NA	1-382	1	NA-NA	NA
KY054248	NA-NA	NA	1-345	1	NA-NA	NA
KY054247	NA-NA	NA	1-345	1	NA-NA	NA
KY054246	NA-NA	NA	1-345	1	NA-NA	NA
KY054245	NA-NA	NA	1-345	1	NA-NA	NA
KY054244	NA-NA	NA	1-346	1	NA-NA	NA
KY054243	NA-NA	NA	1-345	1	NA-NA	NA
KY054242	NA-NA	NA	1-345	1	NA-NA	NA
KY054241	NA-NA	NA	1-345	1	NA-NA	NA
KY054240	NA-NA	NA	1-345	1	NA-NA	NA
KY054239	NA-NA	NA	1-345	1	NA-NA	NA
KY054238	NA-NA	NA	1-345	1	NA-NA	NA
KY054237	NA-NA	NA	1-345	1	NA-NA	NA
KY054236	NA-NA	NA	0-381	1	NA-NA	NA
KY054235	NA-NA	NA	1-382	1	NA-NA	NA
KY054234	NA-NA	NA	1-382	1	NA-NA	NA
KY054233	NA-NA	NA	1-376	1	NA-NA	NA
KY054232	NA-NA	NA	1-376	1	NA-NA	NA
KY054231	NA-NA	NA	1-345	1	NA-NA	NA
KY054230	NA-NA	NA	1-345	1	NA-NA	NA
KY054229	NA-NA	NA	1-376	1	NA-NA	NA
KY054228	NA-NA	NA	2-377	1	NA-NA	NA
KY054227	NA-NA	NA	1-376	1	NA-NA	NA
KY054226	NA-NA	NA	1-345	1	NA-NA	NA
KY054225	NA-NA	NA	1-382	1	NA-NA	NA
KY054224	NA-NA	NA	1-346	1	NA-NA	NA
KY054223	NA-NA	NA	1-345	1	NA-NA	NA
KY054222	NA-NA	NA	1-345	1	NA-NA	NA
KY054221	NA-NA	NA	1-345	1	NA-NA	NA
KY054220	NA-NA	NA	1-382	1	NA-NA	NA
KY054219	NA-NA	NA	1-382	1	NA-NA	NA
KY054218	NA-NA	NA	1-382	1	NA-NA	NA
KY054217	NA-NA	NA	1-379	1	NA-NA	NA
KY054216	NA-NA	NA	1-345	1	NA-NA	NA
KY054215	NA-NA	NA	1-345	1	NA-NA	NA
KY054214	NA-NA	NA	1-345	1	NA-NA	NA
KY054213	NA-NA	NA	1-382	1	NA-NA	NA
KY054212	NA-NA	NA	1-382	1	NA-NA	NA
KY054211	NA-NA	NA	1-345	1	NA-NA	NA
KY054210	NA-NA	NA	1-345	1	NA-NA	NA
KY054209	NA-NA	NA	1-382	1	NA-NA	NA
KY054208	NA-NA	NA	1-382	1	NA-NA	NA
KY054207	NA-NA	NA	1-382	1	NA-NA	NA
KY054206	NA-NA	NA	1-382	1	NA-NA	NA
KY054205	NA-NA	NA	1-382	1	NA-NA	NA
KY054204	NA-NA	NA	1-382	1	NA-NA	NA
KY054203	NA-NA	NA	1-382	1	NA-NA	NA
KY054202	NA-NA	NA	1-382	1	NA-NA	NA
KY054201	NA-NA	NA	1-345	1	NA-NA	NA
KY054200	NA-NA	NA	1-345	1	NA-NA	NA
KY054199	NA-NA	NA	1-345	1	NA-NA	NA
KY054198	NA-NA	NA	1-382	1	NA-NA	NA
KY054197	NA-NA	NA	1-382	1	NA-NA	NA
KY054196	NA-NA	NA	1-345	1	NA-NA	NA
KY054195	NA-NA	NA	1-345	1	NA-NA	NA
KY054194	NA-NA	NA	1-345	1	NA-NA	NA
KY054193	NA-NA	NA	1-379	1	NA-NA	NA
KY054192	NA-NA	NA	1-379	1	NA-NA	NA
KY054191	NA-NA	NA	1-345	1	NA-NA	NA
KY054190	NA-NA	NA	0-344	1	NA-NA	NA
KY054189	NA-NA	NA	1-345	1	NA-NA	NA
KY054188	NA-NA	NA	1-345	1	NA-NA	NA
KY054187	NA-NA	NA	1-345	1	NA-NA	NA
KY054186	NA-NA	NA	1-345	1	NA-NA	NA
KY054185	NA-NA	NA	1-345	1	NA-NA	NA
KY054184	NA-NA	NA	1-382	1	NA-NA	NA
KY054183	NA-NA	NA	1-345	1	NA-NA	NA
KY054182	NA-NA	NA	1-345	1	NA-NA	NA
KY054181	NA-NA	NA	1-345	1	NA-NA	NA
KY054180	NA-NA	NA	1-345	1	NA-NA	NA
KY054179	NA-NA	NA	1-345	1	NA-NA	NA
KY054178	NA-NA	NA	1-345	1	NA-NA	NA
KY054177	NA-NA	NA	1-345	1	NA-NA	NA
KY054176	NA-NA	NA	1-382	1	NA-NA	NA
KY054175	NA-NA	NA	1-345	1	NA-NA	NA
KY054174	NA-NA	NA	1-345	1	NA-NA	NA
KY054173	NA-NA	NA	1-345	1	NA-NA	NA
KY054172	NA-NA	NA	1-345	1	NA-NA	NA
KY054171	NA-NA	NA	1-382	1	NA-NA	NA
KY054170	NA-NA	NA	1-345	1	NA-NA	NA
KY054169	NA-NA	NA	1-382	1	NA-NA	NA
KY054168	NA-NA	NA	1-382	1	NA-NA	NA
KY054167	NA-NA	NA	1-382	1	NA-NA	NA
KY054166	NA-NA	NA	1-382	1	NA-NA	NA
KY054165	NA-NA	NA	1-345	1	NA-NA	NA
KY054164	NA-NA	NA	1-382	1	NA-NA	NA
KY054163	NA-NA	NA	1-345	1	NA-NA	NA
KY054162	NA-NA	NA	1-345	1	NA-NA	NA
KY054161	NA-NA	NA	1-345	1	NA-NA	NA
KY054160	NA-NA	NA	1-345	1	NA-NA	NA
KY054159	NA-NA	NA	1-369	1	NA-NA	NA
KY054158	NA-NA	NA	1-345	1	NA-NA	NA
KY054157	NA-NA	NA	1-347	1	NA-NA	NA
KY054156	NA-NA	NA	1-345	1	NA-NA	NA
KY054155	NA-NA	NA	1-382	1	NA-NA	NA
KY054154	NA-NA	NA	1-345	1	NA-NA	NA
KY054153	NA-NA	NA	1-382	1	NA-NA	NA
KY054152	NA-NA	NA	1-382	1	NA-NA	NA
KY054151	NA-NA	NA	1-382	1	NA-NA	NA
KY054150	NA-NA	NA	1-382	1	NA-NA	NA
KY054149	NA-NA	NA	1-382	1	NA-NA	NA
KY054148	NA-NA	NA	1-382	1	NA-NA	NA
KY054147	NA-NA	NA	1-345	1	NA-NA	NA
KY054146	NA-NA	NA	1-345	1	NA-NA	NA
KY054145	NA-NA	NA	1-382	1	NA-NA	NA
KY054144	NA-NA	NA	1-382	1	NA-NA	NA
KY054143	NA-NA	NA	1-345	1	NA-NA	NA
KY054142	NA-NA	NA	1-382	1	NA-NA	NA
KY054141	NA-NA	NA	1-382	1	NA-NA	NA
KY054140	NA-NA	NA	1-345	1	NA-NA	NA
KY054139	NA-NA	NA	1-382	1	NA-NA	NA
KY054138	NA-NA	NA	1-382	1	NA-NA	NA
KY054137	NA-NA	NA	1-382	1	NA-NA	NA
KY054136	NA-NA	NA	1-382	1	NA-NA	NA
KY054135	NA-NA	NA	1-382	1	NA-NA	NA
KY054134	NA-NA	NA	1-382	1	NA-NA	NA
KY054133	NA-NA	NA	1-382	1	NA-NA	NA
KY054132	NA-NA	NA	1-382	1	NA-NA	NA
KY054131	NA-NA	NA	1-382	1	NA-NA	NA
KY054130	NA-NA	NA	1-382	1	NA-NA	NA
KY054129	NA-NA	NA	1-382	1	NA-NA	NA
KY054128	NA-NA	NA	1-382	1	NA-NA	NA
KY054127	NA-NA	NA	1-382	1	NA-NA	NA
KY054126	NA-NA	NA	1-357	1	NA-NA	NA
KY054125	NA-NA	NA	1-382	1	NA-NA	NA
KY054124	NA-NA	NA	1-382	1	NA-NA	NA
KY054123	NA-NA	NA	1-345	1	NA-NA	NA
KY054122	NA-NA	NA	1-345	1	NA-NA	NA
KY054121	NA-NA	NA	1-347	1	NA-NA	NA
KY054120	NA-NA	NA	1-345	1	NA-NA	NA
KY054119	NA-NA	NA	1-344	1	NA-NA	NA
KY054118	NA-NA	NA	1-347	1	NA-NA	NA
KY054117	NA-NA	NA	1-382	1	NA-NA	NA
KY054116	NA-NA	NA	1-345	1	NA-NA	NA
KY054115	NA-NA	NA	1-382	1	NA-NA	NA
KY054114	NA-NA	NA	1-382	1	NA-NA	NA
KY054113	NA-NA	NA	1-382	1	NA-NA	NA
KY054112	NA-NA	NA	1-346	1	NA-NA	NA
KY054111	NA-NA	NA	1-382	1	NA-NA	NA
KY054110	NA-NA	NA	1-382	1	NA-NA	NA
KY054109	NA-NA	NA	1-382	1	NA-NA	NA
KY054108	NA-NA	NA	1-382	1	NA-NA	NA
KY054107	NA-NA	NA	1-345	1	NA-NA	NA
KY054106	NA-NA	NA	1-382	1	NA-NA	NA
KY054105	NA-NA	NA	2-345	1	NA-NA	NA
KY054104	NA-NA	NA	1-382	1	NA-NA	NA
KY054103	NA-NA	NA	1-382	1	NA-NA	NA
KY054102	NA-NA	NA	1-382	1	NA-NA	NA
KY054101	NA-NA	NA	1-382	1	NA-NA	NA
KY054100	NA-NA	NA	1-382	1	NA-NA	NA
KY054099	NA-NA	NA	1-382	1	NA-NA	NA
KY054098	NA-NA	NA	1-382	1	NA-NA	NA
KY054097	NA-NA	NA	0-300	1	NA-NA	NA
KY054096	NA-NA	NA	1-382	1	NA-NA	NA
KY054095	NA-NA	NA	1-385	1	NA-NA	NA
KY054094	NA-NA	NA	1-382	1	NA-NA	NA
KY054093	NA-NA	NA	1-382	1	NA-NA	NA
KY054092	NA-NA	NA	1-382	1	NA-NA	NA
KY054091	NA-NA	NA	1-382	1	NA-NA	NA
KY054090	NA-NA	NA	1-382	1	NA-NA	NA
KY054089	NA-NA	NA	1-367	1	NA-NA	NA
KY054086	NA-NA	NA	1-382	1	NA-NA	NA
KY054085	NA-NA	NA	1-382	1	NA-NA	NA
KY054084	NA-NA	NA	1-382	1	NA-NA	NA
KY054083	NA-NA	NA	1-367	1	NA-NA	NA
KY054082	NA-NA	NA	1-367	1	NA-NA	NA
KY054081	NA-NA	NA	1-367	1	NA-NA	NA
KY054080	NA-NA	NA	1-367	1	NA-NA	NA
KY054079	NA-NA	NA	1-367	1	NA-NA	NA
KY054078	NA-NA	NA	1-367	1	NA-NA	NA
KY054077	NA-NA	NA	1-367	1	NA-NA	NA
KY054076	NA-NA	NA	0-363	1	NA-NA	NA
KY054075	NA-NA	NA	1-367	1	NA-NA	NA
KY054074	NA-NA	NA	1-367	1	NA-NA	NA
KY054073	NA-NA	NA	1-367	1	NA-NA	NA
KY054072	NA-NA	NA	1-367	1	NA-NA	NA
KY054071	NA-NA	NA	1-367	1	NA-NA	NA
KY054070	NA-NA	NA	1-367	1	NA-NA	NA
KY054069	NA-NA	NA	1-367	1	NA-NA	NA
KY054068	NA-NA	NA	1-364	1	NA-NA	NA
KY054067	NA-NA	NA	1-364	1	NA-NA	NA
KY054066	NA-NA	NA	1-364	1	NA-NA	NA
KY054065	NA-NA	NA	1-364	1	NA-NA	NA
KY054064	NA-NA	NA	1-385	1	NA-NA	NA
KY054063	NA-NA	NA	1-385	1	NA-NA	NA
KY054062	NA-NA	NA	1-385	1	NA-NA	NA
KY054061	NA-NA	NA	1-385	1	NA-NA	NA
KY054060	NA-NA	NA	1-385	1	NA-NA	NA
KY054059	NA-NA	NA	1-385	1	NA-NA	NA
KY054058	NA-NA	NA	1-385	1	NA-NA	NA
KY054057	NA-NA	NA	1-385	1	NA-NA	NA
KY054056	NA-NA	NA	1-385	1	NA-NA	NA
KY054055	NA-NA	NA	1-385	1	NA-NA	NA
KY054054	NA-NA	NA	1-385	1	NA-NA	NA
KY054053	NA-NA	NA	1-385	1	NA-NA	NA
KY054052	NA-NA	NA	1-385	1	NA-NA	NA
KY054051	NA-NA	NA	1-385	1	NA-NA	NA
KY054050	NA-NA	NA	1-385	1	NA-NA	NA
KY054049	NA-NA	NA	1-385	1	NA-NA	NA
KY054048	NA-NA	NA	1-385	1	NA-NA	NA
KY054047	NA-NA	NA	1-385	1	NA-NA	NA
KY054046	NA-NA	NA	1-385	1	NA-NA	NA
KY054045	NA-NA	NA	1-385	1	NA-NA	NA
KY054044	NA-NA	NA	1-361	1	NA-NA	NA
KY054043	NA-NA	NA	1-361	1	NA-NA	NA
KY054042	NA-NA	NA	1-382	1	NA-NA	NA
KY054041	NA-NA	NA	1-373	1	NA-NA	NA
KY054040	NA-NA	NA	1-373	1	NA-NA	NA
KY054039	NA-NA	NA	1-373	1	NA-NA	NA
KY054038	NA-NA	NA	1-373	1	NA-NA	NA
KY054037	NA-NA	NA	1-373	1	NA-NA	NA
KY054036	NA-NA	NA	1-385	1	NA-NA	NA
KY054035	NA-NA	NA	1-385	1	NA-NA	NA
KY054034	NA-NA	NA	1-385	1	NA-NA	NA
KY054033	NA-NA	NA	1-385	1	NA-NA	NA
KY054032	NA-NA	NA	1-385	1	NA-NA	NA
KY054031	NA-NA	NA	1-385	1	NA-NA	NA
KY054030	NA-NA	NA	1-385	1	NA-NA	NA
KY054029	NA-NA	NA	1-385	1	NA-NA	NA
KY054028	NA-NA	NA	1-385	1	NA-NA	NA
KY054027	NA-NA	NA	1-385	1	NA-NA	NA
KY054026	NA-NA	NA	1-382	1	NA-NA	NA
KY054025	NA-NA	NA	1-382	1	NA-NA	NA
KY054024	NA-NA	NA	1-382	1	NA-NA	NA
KY054023	NA-NA	NA	1-385	1	NA-NA	NA
KY054022	NA-NA	NA	1-385	1	NA-NA	NA
KY054021	NA-NA	NA	1-385	1	NA-NA	NA
KY054020	NA-NA	NA	1-382	1	NA-NA	NA
KY054019	NA-NA	NA	1-382	1	NA-NA	NA
KY054018	NA-NA	NA	1-382	1	NA-NA	NA
KY054017	NA-NA	NA	1-367	1	NA-NA	NA
KY054016	NA-NA	NA	1-366	1	NA-NA	NA
KY054015	NA-NA	NA	1-367	1	NA-NA	NA
KY054014	NA-NA	NA	1-367	1	NA-NA	NA
KY054013	NA-NA	NA	1-367	1	NA-NA	NA
KY054012	NA-NA	NA	1-367	1	NA-NA	NA
KY054005	NA-NA	NA	1-385	1	NA-NA	NA
KY054004	NA-NA	NA	1-385	1	NA-NA	NA
KY054003	NA-NA	NA	1-385	1	NA-NA	NA
KY054002	NA-NA	NA	1-385	1	NA-NA	NA
KY054001	NA-NA	NA	1-385	1	NA-NA	NA
KY054000	NA-NA	NA	1-385	1	NA-NA	NA
KY053999	NA-NA	NA	1-385	1	NA-NA	NA
KY053998	NA-NA	NA	1-385	1	NA-NA	NA
KY053997	NA-NA	NA	1-385	1	NA-NA	NA
KY053996	NA-NA	NA	1-385	1	NA-NA	NA
KY053995	NA-NA	NA	1-385	1	NA-NA	NA
KY053994	NA-NA	NA	1-385	1	NA-NA	NA
KY053993	NA-NA	NA	1-385	1	NA-NA	NA
KY053992	NA-NA	NA	1-384	1	NA-NA	NA
KY053991	NA-NA	NA	1-385	1	NA-NA	NA
KY053990	NA-NA	NA	1-385	1	NA-NA	NA
KY053989	NA-NA	NA	1-385	1	NA-NA	NA
KY053988	NA-NA	NA	1-385	1	NA-NA	NA
KY053987	NA-NA	NA	1-385	1	NA-NA	NA
KY053986	NA-NA	NA	1-385	1	NA-NA	NA
KY053985	NA-NA	NA	1-385	1	NA-NA	NA
KY053984	NA-NA	NA	1-385	1	NA-NA	NA
KY053983	NA-NA	NA	1-385	1	NA-NA	NA
KY053982	NA-NA	NA	1-385	1	NA-NA	NA
KY053981	NA-NA	NA	1-385	1	NA-NA	NA
KY053980	NA-NA	NA	1-385	1	NA-NA	NA
KY053979	NA-NA	NA	1-385	1	NA-NA	NA
KY053978	NA-NA	NA	1-385	1	NA-NA	NA
KY053977	NA-NA	NA	1-385	1	NA-NA	NA
KY053976	NA-NA	NA	1-385	1	NA-NA	NA
KY053975	NA-NA	NA	1-385	1	NA-NA	NA
KY053974	NA-NA	NA	1-385	1	NA-NA	NA
KY053973	NA-NA	NA	1-385	1	NA-NA	NA
KY053972	NA-NA	NA	1-385	1	NA-NA	NA
KY053971	NA-NA	NA	1-385	1	NA-NA	NA
KY053970	NA-NA	NA	1-385	1	NA-NA	NA
KY053969	NA-NA	NA	1-385	1	NA-NA	NA
KY053968	NA-NA	NA	1-385	1	NA-NA	NA
KY053967	NA-NA	NA	1-385	1	NA-NA	NA
KY053966	NA-NA	NA	1-385	1	NA-NA	NA
KY053965	NA-NA	NA	1-385	1	NA-NA	NA
KY053964	NA-NA	NA	1-385	1	NA-NA	NA
KY053963	NA-NA	NA	1-385	1	NA-NA	NA
KY053962	NA-NA	NA	1-385	1	NA-NA	NA
KY053961	NA-NA	NA	1-385	1	NA-NA	NA
KY053960	NA-NA	NA	1-385	1	NA-NA	NA
KY053959	NA-NA	NA	1-385	1	NA-NA	NA
KY053958	NA-NA	NA	1-385	1	NA-NA	NA
KY053957	NA-NA	NA	1-385	1	NA-NA	NA
KY053956	NA-NA	NA	1-385	1	NA-NA	NA
KY053955	NA-NA	NA	1-385	1	NA-NA	NA
KY053954	NA-NA	NA	1-385	1	NA-NA	NA
KY053953	NA-NA	NA	1-385	1	NA-NA	NA
KY053952	NA-NA	NA	1-385	1	NA-NA	NA
KY053951	NA-NA	NA	1-385	1	NA-NA	NA
KY053950	NA-NA	NA	1-385	1	NA-NA	NA
KY053949	NA-NA	NA	1-385	1	NA-NA	NA
KY053948	NA-NA	NA	1-385	1	NA-NA	NA
KY053947	NA-NA	NA	1-385	1	NA-NA	NA
KY053946	NA-NA	NA	1-385	1	NA-NA	NA
KY053945	NA-NA	NA	1-385	1	NA-NA	NA
KY053944	NA-NA	NA	1-385	1	NA-NA	NA
KY053943	NA-NA	NA	1-385	1	NA-NA	NA
KY053942	NA-NA	NA	1-385	1	NA-NA	NA
KY053941	NA-NA	NA	1-315	1	NA-NA	NA
KY053940	NA-NA	NA	1-312	1	NA-NA	NA
KY053939	NA-NA	NA	1-312	1	NA-NA	NA
KY053938	NA-NA	NA	1-312	1	NA-NA	NA
KY053937	NA-NA	NA	1-312	1	NA-NA	NA
KY053936	NA-NA	NA	1-312	1	NA-NA	NA
KY053935	NA-NA	NA	1-312	1	NA-NA	NA
KY053934	NA-NA	NA	1-312	1	NA-NA	NA
KY053933	NA-NA	NA	1-312	1	NA-NA	NA
KY053932	NA-NA	NA	1-312	1	NA-NA	NA
KY053931	NA-NA	NA	1-312	1	NA-NA	NA
KY053930	NA-NA	NA	1-315	1	NA-NA	NA
KY053929	NA-NA	NA	1-315	1	NA-NA	NA
KY053928	NA-NA	NA	1-315	1	NA-NA	NA
KY053927	NA-NA	NA	1-315	1	NA-NA	NA
KY053926	NA-NA	NA	1-315	1	NA-NA	NA
KY053925	NA-NA	NA	1-315	1	NA-NA	NA
KY053924	NA-NA	NA	1-315	1	NA-NA	NA
KY053923	NA-NA	NA	1-315	1	NA-NA	NA
KY053922	NA-NA	NA	1-315	1	NA-NA	NA
KY053921	NA-NA	NA	1-315	1	NA-NA	NA
KY053920	NA-NA	NA	1-315	1	NA-NA	NA
KY053919	NA-NA	NA	1-315	1	NA-NA	NA
KY053918	NA-NA	NA	1-315	1	NA-NA	NA
KY053917	NA-NA	NA	1-315	1	NA-NA	NA
MN097150	NA-NA	NA	0-677	1	NA-NA	NA
MN689606	NA-NA	NA	1-370	1	NA-NA	NA
MN689605	NA-NA	NA	1-370	1	NA-NA	NA
MN689604	NA-NA	NA	1-370	1	NA-NA	NA
MN689603	NA-NA	NA	1-370	1	NA-NA	NA
MN689602	NA-NA	NA	NA-NA	NA	2-357	1
MN689601	NA-NA	NA	NA-NA	NA	2-357	1
MN689600	NA-NA	NA	NA-NA	NA	2-357	1
MN689599	NA-NA	NA	NA-NA	NA	2-357	1
MN689598	NA-NA	NA	NA-NA	NA	2-357	1
MN689597	NA-NA	NA	NA-NA	NA	2-357	1
MN689596	NA-NA	NA	NA-NA	NA	2-357	1
MN689595	NA-NA	NA	NA-NA	NA	2-357	1
MN732559	8-3025	1	3025-4552	1	4571-6575	1
MN732558	13-3027	1	3027-4554	1	4573-6598	1
MN725026	21-3441	1	3422-4982	1	5006-7223	1
MN725025	21-3441	1	3422-4982	1	5006-7223	1
MN099162	NA-NA	NA	NA-NA	NA	0-2115	1
MN310512	NA-NA	NA	0-328	1	NA-NA	NA
MN150125	46-2500	1	2454-3963	1	3955-6202	1
MN150124	0-2454	1	2408-3917	1	3909-6174	1
MN068024	9-3264	1	3254-4805	1	4823-6938	1
MN068023	9-3264	1	3254-4805	1	4823-6938	1
LC064152	14-2378	1	2314-3850	1	3842-6113	1
KC285113	76-2878	1	2817-4365	1	4357-6670	1
KC285152	74-2837	1	2776-4324	1	4316-6716	1
KC285124	NA-NA	NA	2-191	1	183-795	1
KC285181	NA-NA	NA	1-196	1	188-814	1
KC285188	NA-NA	NA	NA-NA	NA	1-373	1
KC285187	NA-NA	NA	NA-NA	NA	1-373	1
KC285186	NA-NA	NA	NA-NA	NA	1-373	1
KC285185	NA-NA	NA	NA-NA	NA	1-373	1
KC285184	NA-NA	NA	NA-NA	NA	1-373	1
KC285183	NA-NA	NA	NA-NA	NA	1-373	1
KC285182	NA-NA	NA	NA-NA	NA	1-373	1
KC285180	NA-NA	NA	NA-NA	NA	1-373	1
KC285179	NA-NA	NA	NA-NA	NA	1-373	1
KC285178	NA-NA	NA	NA-NA	NA	1-373	1
KC285177	NA-NA	NA	NA-NA	NA	1-373	1
KC285176	NA-NA	NA	NA-NA	NA	1-373	1
KC285175	NA-NA	NA	NA-NA	NA	1-373	1
KC285174	NA-NA	NA	NA-NA	NA	1-373	1
KC285173	NA-NA	NA	NA-NA	NA	1-373	1
KC285172	NA-NA	NA	NA-NA	NA	1-373	1
KC285171	NA-NA	NA	NA-NA	NA	1-373	1
KC285170	NA-NA	NA	NA-NA	NA	1-373	1
KC285169	NA-NA	NA	NA-NA	NA	1-373	1
KC285168	NA-NA	NA	NA-NA	NA	1-373	1
KC285167	NA-NA	NA	NA-NA	NA	1-373	1
KC285166	NA-NA	NA	NA-NA	NA	1-373	1
KC285165	NA-NA	NA	NA-NA	NA	1-373	1
KC285164	NA-NA	NA	NA-NA	NA	1-373	1
KC285163	NA-NA	NA	NA-NA	NA	1-373	1
KC285162	NA-NA	NA	NA-NA	NA	1-373	1
KC285161	NA-NA	NA	NA-NA	NA	1-373	1
KC285160	NA-NA	NA	NA-NA	NA	1-373	1
KC285159	NA-NA	NA	NA-NA	NA	1-373	1
KC285158	NA-NA	NA	NA-NA	NA	1-373	1
KC285157	NA-NA	NA	NA-NA	NA	1-373	1
KC285156	NA-NA	NA	NA-NA	NA	1-373	1
KC285155	NA-NA	NA	NA-NA	NA	1-373	1
KC285154	NA-NA	NA	NA-NA	NA	1-373	1
KC285153	NA-NA	NA	NA-NA	NA	1-373	1
KC285151	NA-NA	NA	NA-NA	NA	1-373	1
KC285150	NA-NA	NA	NA-NA	NA	1-373	1
KC285149	NA-NA	NA	NA-NA	NA	1-373	1
KC285148	NA-NA	NA	NA-NA	NA	1-373	1
KC285147	NA-NA	NA	NA-NA	NA	1-373	1
KC285146	NA-NA	NA	NA-NA	NA	1-373	1
KC285145	NA-NA	NA	NA-NA	NA	1-373	1
KC285144	NA-NA	NA	NA-NA	NA	1-373	1
KC285143	NA-NA	NA	NA-NA	NA	1-373	1
KC285142	NA-NA	NA	NA-NA	NA	1-373	1
KC285141	NA-NA	NA	NA-NA	NA	1-373	1
KC285140	NA-NA	NA	NA-NA	NA	1-373	1
KC285139	NA-NA	NA	NA-NA	NA	1-373	1
KC285138	NA-NA	NA	NA-NA	NA	1-373	1
KC285137	NA-NA	NA	NA-NA	NA	1-373	1
KC285136	NA-NA	NA	NA-NA	NA	1-373	1
KC285135	NA-NA	NA	NA-NA	NA	1-373	1
KC285134	NA-NA	NA	NA-NA	NA	1-373	1
KC285133	NA-NA	NA	NA-NA	NA	1-373	1
KC285132	NA-NA	NA	NA-NA	NA	1-373	1
KC285131	NA-NA	NA	NA-NA	NA	1-373	1
KC285130	NA-NA	NA	NA-NA	NA	1-373	1
KC285129	NA-NA	NA	NA-NA	NA	1-373	1
KC285128	NA-NA	NA	NA-NA	NA	1-373	1
KC285127	NA-NA	NA	NA-NA	NA	1-373	1
KC285126	NA-NA	NA	NA-NA	NA	1-373	1
KC285125	NA-NA	NA	NA-NA	NA	1-373	1
KC285123	NA-NA	NA	NA-NA	NA	1-373	1
KC285122	NA-NA	NA	NA-NA	NA	1-373	1
KC285121	NA-NA	NA	NA-NA	NA	1-373	1
KC285120	NA-NA	NA	NA-NA	NA	1-373	1
KC285119	NA-NA	NA	NA-NA	NA	1-373	1
KC285118	NA-NA	NA	NA-NA	NA	1-373	1
KC285117	NA-NA	NA	NA-NA	NA	1-373	1
KC285116	NA-NA	NA	NA-NA	NA	1-373	1
KC285115	NA-NA	NA	NA-NA	NA	1-373	1
KC285114	NA-NA	NA	NA-NA	NA	1-373	1
KC285112	NA-NA	NA	NA-NA	NA	1-373	1
KC285111	NA-NA	NA	NA-NA	NA	1-373	1
KC285110	NA-NA	NA	NA-NA	NA	1-373	1
MN626434	NA-NA	NA	0-1449	1	NA-NA	NA
MN626433	2-1728	1	NA-NA	NA	NA-NA	NA
MN626432	NA-NA	NA	NA-NA	NA	1-1052	1
MN231241	NA-NA	NA	0-126	1	70-1019	1
MN231240	NA-NA	NA	0-60	1	4-872	1
MN231239	NA-NA	NA	0-168	1	112-973	1
MN231238	NA-NA	NA	0-141	1	85-737	1
MN231237	NA-NA	NA	0-129	1	73-954	1
MN231236	NA-NA	NA	0-123	1	61-934	1
LC517940	NA-NA	NA	0-389	1	NA-NA	NA
LC517939	NA-NA	NA	0-389	1	NA-NA	NA
LC517938	NA-NA	NA	0-389	1	NA-NA	NA
LC517937	NA-NA	NA	0-389	1	NA-NA	NA
LC517936	NA-NA	NA	0-389	1	NA-NA	NA
LC517935	NA-NA	NA	0-389	1	NA-NA	NA
LC517934	NA-NA	NA	0-389	1	NA-NA	NA
LC517933	NA-NA	NA	0-389	1	NA-NA	NA
LC517932	NA-NA	NA	0-389	1	NA-NA	NA
LC517931	NA-NA	NA	0-389	1	NA-NA	NA
LC517930	NA-NA	NA	0-389	1	NA-NA	NA
LC517929	NA-NA	NA	0-389	1	NA-NA	NA
LC517928	NA-NA	NA	0-389	1	NA-NA	NA
LC517927	NA-NA	NA	0-389	1	NA-NA	NA
LC517926	NA-NA	NA	0-389	1	NA-NA	NA
MN200263	NA-NA	NA	2-692	1	636-2875	1
MN200262	NA-NA	NA	0-159	1	103-2347	1
MK935160	NA-NA	NA	0-318	1	NA-NA	NA
MK935159	NA-NA	NA	0-327	1	NA-NA	NA
MK935158	NA-NA	NA	0-327	1	NA-NA	NA
MK935157	NA-NA	NA	0-315	1	NA-NA	NA
MK935156	NA-NA	NA	0-336	1	NA-NA	NA
MK935155	NA-NA	NA	0-336	1	NA-NA	NA
MK935154	NA-NA	NA	0-321	1	NA-NA	NA
MN780842	35-2819	1	2941-4267	1	4259-6716	1
MN337335	NA-NA	NA	0-1551	1	NA-NA	NA
MN337334	NA-NA	NA	0-1551	1	NA-NA	NA
MN337333	NA-NA	NA	0-1551	1	NA-NA	NA
MN337332	NA-NA	NA	0-1551	1	NA-NA	NA
MN337331	NA-NA	NA	0-1551	1	NA-NA	NA
MN337330	NA-NA	NA	0-1551	1	NA-NA	NA
MN337329	NA-NA	NA	0-1551	1	NA-NA	NA
MN337328	NA-NA	NA	0-1551	1	NA-NA	NA
MN337327	NA-NA	NA	0-1551	1	NA-NA	NA
MN337326	NA-NA	NA	0-1551	1	NA-NA	NA
MN337325	NA-NA	NA	0-1551	1	NA-NA	NA
MN337324	NA-NA	NA	0-1551	1	NA-NA	NA
MN337323	245-3350	1	3340-4891	1	4909-7024	1
MN733910	NA-NA	NA	NA-NA	NA	NA-NA	NA
EU363892	NA-NA	NA	NA-NA	NA	0-626	1
EU363891	NA-NA	NA	NA-NA	NA	0-626	1
EU363890	NA-NA	NA	NA-NA	NA	0-626	1
EU363889	NA-NA	NA	NA-NA	NA	0-632	1
EU363888	NA-NA	NA	NA-NA	NA	0-626	1
EU363887	NA-NA	NA	NA-NA	NA	0-623	1
EU363886	NA-NA	NA	NA-NA	NA	0-623	1
EU333903	NA-NA	NA	NA-NA	NA	0-469	1
EU333902	NA-NA	NA	NA-NA	NA	0-413	1
EU333901	NA-NA	NA	NA-NA	NA	0-472	1
EU333900	NA-NA	NA	NA-NA	NA	0-300	1
EU327562	NA-NA	NA	NA-NA	NA	0-348	1
EU327561	NA-NA	NA	NA-NA	NA	0-348	1
EU327560	NA-NA	NA	NA-NA	NA	0-348	1
EU327559	NA-NA	NA	NA-NA	NA	0-348	1
EU161566	NA-NA	NA	NA-NA	NA	0-348	1
EU091264	NA-NA	NA	NA-NA	NA	0-117	1
EU091262	NA-NA	NA	NA-NA	NA	0-597	1
AF292073	NA-NA	NA	0-636	1	628-1258	1
AF292080	NA-NA	NA	NA-NA	NA	1-1129	1
MK882944	NA-NA	NA	NA-NA	NA	0-2349	1
MK948878	NA-NA	NA	0-603	1	NA-NA	NA
MN399857	245-3350	1	3340-4891	1	4909-7024	1
MK962342	30-2565	1	2522-4091	1	3894-6348	1
MK962341	30-2565	1	2522-4091	1	3894-6348	1
MK975886	NA-NA	NA	0-364	1	NA-NA	NA
MK975885	NA-NA	NA	0-363	1	NA-NA	NA
MK929650	NA-NA	NA	0-367	1	NA-NA	NA
MK929649	NA-NA	NA	0-362	1	NA-NA	NA
MN148428	30-2775	1	2789-4262	1	4254-6702	1
MG970130	NA-NA	NA	NA-NA	NA	1-462	1
MG970129	NA-NA	NA	NA-NA	NA	1-547	1
MG970128	NA-NA	NA	NA-NA	NA	1-555	1
MG970127	NA-NA	NA	NA-NA	NA	1-536	1
MG970126	NA-NA	NA	NA-NA	NA	1-547	1
MG970125	NA-NA	NA	NA-NA	NA	2-492	1
MG970124	NA-NA	NA	NA-NA	NA	2-434	1
MG970123	NA-NA	NA	NA-NA	NA	0-551	1
MG970122	NA-NA	NA	NA-NA	NA	2-545	1
MG970121	NA-NA	NA	NA-NA	NA	1-549	1
MG970120	NA-NA	NA	NA-NA	NA	2-550	1
MG970119	NA-NA	NA	NA-NA	NA	0-539	1
MG970118	NA-NA	NA	NA-NA	NA	2-550	1
MG970117	NA-NA	NA	NA-NA	NA	2-550	1
MG970116	NA-NA	NA	NA-NA	NA	0-533	1
MG970115	NA-NA	NA	NA-NA	NA	1-555	1
MG970114	NA-NA	NA	NA-NA	NA	0-548	1
MG970113	NA-NA	NA	NA-NA	NA	1-555	1
MG970112	NA-NA	NA	NA-NA	NA	0-548	1
MG970111	NA-NA	NA	NA-NA	NA	2-550	1
MG970110	NA-NA	NA	NA-NA	NA	1-530	1
MG970109	NA-NA	NA	NA-NA	NA	1-536	1
MG970108	NA-NA	NA	NA-NA	NA	1-549	1
MG970107	NA-NA	NA	NA-NA	NA	1-527	1
MG970106	NA-NA	NA	NA-NA	NA	2-542	1
MG970105	NA-NA	NA	NA-NA	NA	1-547	1
MG970104	NA-NA	NA	NA-NA	NA	1-529	1
MG970103	NA-NA	NA	NA-NA	NA	1-536	1
MG970102	NA-NA	NA	NA-NA	NA	2-501	1
MG970101	NA-NA	NA	NA-NA	NA	2-525	1
MG970100	NA-NA	NA	NA-NA	NA	0-544	1
MG970099	NA-NA	NA	NA-NA	NA	1-536	1
MG970098	NA-NA	NA	NA-NA	NA	2-523	1
MG970097	NA-NA	NA	NA-NA	NA	1-323	1
MG970096	NA-NA	NA	NA-NA	NA	1-534	1
MG970095	NA-NA	NA	NA-NA	NA	1-537	1
MG970094	NA-NA	NA	NA-NA	NA	1-541	1
MG970093	NA-NA	NA	NA-NA	NA	1-541	1
MG970092	NA-NA	NA	NA-NA	NA	1-530	1
MG970091	NA-NA	NA	NA-NA	NA	1-530	1
MG970090	NA-NA	NA	NA-NA	NA	1-537	1
MG970089	NA-NA	NA	NA-NA	NA	1-527	1
MG970088	NA-NA	NA	NA-NA	NA	1-541	1
MG970087	NA-NA	NA	NA-NA	NA	1-547	1
MG970086	NA-NA	NA	NA-NA	NA	1-530	1
MG970085	NA-NA	NA	NA-NA	NA	0-524	1
MG970084	NA-NA	NA	NA-NA	NA	1-469	1
MG970083	NA-NA	NA	NA-NA	NA	1-541	1
MG970082	NA-NA	NA	NA-NA	NA	1-531	1
MG970081	NA-NA	NA	NA-NA	NA	1-530	1
MG970080	NA-NA	NA	NA-NA	NA	1-542	1
MG970079	NA-NA	NA	NA-NA	NA	1-446	1
MG970078	NA-NA	NA	NA-NA	NA	1-544	1
MG970077	NA-NA	NA	NA-NA	NA	0-539	1
MG970076	NA-NA	NA	NA-NA	NA	1-543	1
MG970075	NA-NA	NA	NA-NA	NA	2-546	1
MG970074	NA-NA	NA	NA-NA	NA	1-537	1
MG970073	NA-NA	NA	NA-NA	NA	0-515	1
MG970072	NA-NA	NA	NA-NA	NA	1-536	1
MG970071	NA-NA	NA	NA-NA	NA	1-541	1
MG970070	NA-NA	NA	NA-NA	NA	2-549	1
MG970069	NA-NA	NA	NA-NA	NA	1-549	1
MG970068	NA-NA	NA	NA-NA	NA	1-485	1
MG970067	NA-NA	NA	NA-NA	NA	0-442	1
MG970066	NA-NA	NA	NA-NA	NA	1-504	1
MG970065	NA-NA	NA	NA-NA	NA	1-521	1
MG970064	NA-NA	NA	NA-NA	NA	2-531	1
MG970063	NA-NA	NA	NA-NA	NA	2-530	1
MG970062	NA-NA	NA	NA-NA	NA	1-544	1
MG970061	NA-NA	NA	NA-NA	NA	1-521	1
MG970060	NA-NA	NA	NA-NA	NA	0-530	1
MG970059	NA-NA	NA	NA-NA	NA	0-488	1
MG970058	NA-NA	NA	NA-NA	NA	0-200	1
MG970057	NA-NA	NA	NA-NA	NA	0-467	1
MG970056	NA-NA	NA	NA-NA	NA	1-522	1
MG970055	NA-NA	NA	NA-NA	NA	1-541	1
MG970054	NA-NA	NA	NA-NA	NA	0-449	1
MG970053	NA-NA	NA	NA-NA	NA	0-443	1
MG970052	NA-NA	NA	NA-NA	NA	1-528	1
MG970051	NA-NA	NA	NA-NA	NA	1-519	1
MG970050	NA-NA	NA	NA-NA	NA	0-509	1
MG970049	NA-NA	NA	NA-NA	NA	2-535	1
MG970048	NA-NA	NA	NA-NA	NA	0-520	1
MG970047	NA-NA	NA	NA-NA	NA	1-531	1
MG970046	NA-NA	NA	NA-NA	NA	1-524	1
MG970045	NA-NA	NA	NA-NA	NA	1-549	1
MG970044	NA-NA	NA	NA-NA	NA	1-527	1
MG970043	NA-NA	NA	NA-NA	NA	0-536	1
MG970042	NA-NA	NA	NA-NA	NA	2-533	1
MG970041	NA-NA	NA	NA-NA	NA	1-489	1
MG970040	NA-NA	NA	NA-NA	NA	0-538	1
MG970039	NA-NA	NA	NA-NA	NA	1-527	1
MG970038	NA-NA	NA	NA-NA	NA	1-528	1
MG970037	NA-NA	NA	NA-NA	NA	1-528	1
MG970036	NA-NA	NA	NA-NA	NA	2-520	1
MG970035	NA-NA	NA	NA-NA	NA	1-528	1
MG970034	NA-NA	NA	NA-NA	NA	2-519	1
MG970033	NA-NA	NA	NA-NA	NA	1-539	1
MG970032	NA-NA	NA	NA-NA	NA	2-520	1
MG970031	NA-NA	NA	NA-NA	NA	2-530	1
MG970030	NA-NA	NA	NA-NA	NA	1-539	1
MG970029	NA-NA	NA	NA-NA	NA	2-531	1
MG970028	NA-NA	NA	NA-NA	NA	2-523	1
MG970027	NA-NA	NA	NA-NA	NA	1-537	1
MG970026	NA-NA	NA	NA-NA	NA	1-530	1
MG970025	NA-NA	NA	NA-NA	NA	2-533	1
MG970024	NA-NA	NA	NA-NA	NA	2-522	1
MG970023	NA-NA	NA	NA-NA	NA	1-529	1
MG970022	NA-NA	NA	NA-NA	NA	2-513	1
MG970021	NA-NA	NA	NA-NA	NA	1-527	1
MG970020	NA-NA	NA	NA-NA	NA	2-545	1
MG970019	NA-NA	NA	NA-NA	NA	2-545	1
MG970018	NA-NA	NA	NA-NA	NA	0-549	1
MG970017	NA-NA	NA	NA-NA	NA	2-542	1
MG970016	NA-NA	NA	NA-NA	NA	1-558	1
MG970015	NA-NA	NA	NA-NA	NA	2-556	1
MG970014	NA-NA	NA	NA-NA	NA	1-529	1
MG970013	NA-NA	NA	NA-NA	NA	2-547	1
MG970012	NA-NA	NA	NA-NA	NA	1-486	1
MG970011	NA-NA	NA	NA-NA	NA	1-547	1
MG970010	NA-NA	NA	NA-NA	NA	1-545	1
MG970009	NA-NA	NA	NA-NA	NA	1-550	1
MG970008	NA-NA	NA	NA-NA	NA	2-557	1
MG970007	NA-NA	NA	NA-NA	NA	0-551	1
MG970006	NA-NA	NA	NA-NA	NA	2-551	1
MG970005	NA-NA	NA	NA-NA	NA	1-541	1
MG970004	NA-NA	NA	NA-NA	NA	1-545	1
MG970003	NA-NA	NA	NA-NA	NA	1-562	1
MG970002	NA-NA	NA	NA-NA	NA	1-550	1
MG970001	NA-NA	NA	NA-NA	NA	0-534	1
MN503238	2-2099	1	2053-3598	1	3554-6029	1
MN503237	20-2231	1	2185-3730	1	3686-6137	1
MN503236	20-2231	1	2185-3730	1	3686-6161	1
MN503235	2-2099	1	2053-3598	1	3554-6029	1
MK995021	NA-NA	NA	NA-NA	NA	1-354	1
MK995020	NA-NA	NA	NA-NA	NA	1-354	1
MK995019	NA-NA	NA	NA-NA	NA	1-354	1
MK995018	NA-NA	NA	NA-NA	NA	1-354	1
MK995017	NA-NA	NA	NA-NA	NA	0-353	1
MK995016	NA-NA	NA	NA-NA	NA	1-354	1
MK995015	NA-NA	NA	NA-NA	NA	1-354	1
MK995014	NA-NA	NA	NA-NA	NA	1-354	1
MK995013	NA-NA	NA	NA-NA	NA	1-354	1
MK995012	NA-NA	NA	NA-NA	NA	1-354	1
MK995011	NA-NA	NA	NA-NA	NA	1-354	1
MK995010	NA-NA	NA	NA-NA	NA	1-354	1
MK995009	NA-NA	NA	NA-NA	NA	1-354	1
MK995008	NA-NA	NA	NA-NA	NA	1-354	1
MK995007	NA-NA	NA	NA-NA	NA	1-360	1
MK995006	NA-NA	NA	NA-NA	NA	1-360	1
MK995005	NA-NA	NA	NA-NA	NA	1-360	1
MG003352	NA-NA	NA	2-299	1	291-799	1
MG003351	NA-NA	NA	2-299	1	291-799	1
MG003350	NA-NA	NA	2-299	1	291-796	1
MG003349	NA-NA	NA	2-284	1	276-716	1
MG003348	NA-NA	NA	2-299	1	291-799	1
MG003347	NA-NA	NA	2-299	1	291-799	1
MG003346	NA-NA	NA	2-299	1	291-799	1
MG003345	NA-NA	NA	2-299	1	291-799	1
MG003344	NA-NA	NA	2-299	1	291-799	1
MG003343	NA-NA	NA	2-299	1	291-799	1
MG003342	NA-NA	NA	2-299	1	291-799	1
MK608711	NA-NA	NA	NA-NA	NA	1-448	1
MK608710	NA-NA	NA	NA-NA	NA	0-408	1
MK608709	NA-NA	NA	NA-NA	NA	0-411	1
MK608708	NA-NA	NA	NA-NA	NA	0-408	1
MK671313	30-2775	1	2717-4262	1	4254-6699	1
MK671312	30-2775	1	2717-4262	1	4254-6699	1
MK671311	30-2775	1	2717-4262	1	4254-6699	1
MK671310	30-2775	1	2717-4262	1	4254-6705	1
MK671309	30-2775	1	2717-4262	1	4254-6705	1
MK671308	30-2775	1	2717-4262	1	4254-6705	1
MK671307	30-2775	1	2717-4262	1	4254-6705	1
MK671306	30-2775	1	2717-4262	1	4254-6699	1
MK671281	NA-NA	NA	NA-NA	NA	0-2445	1
MK671280	NA-NA	NA	NA-NA	NA	0-2445	1
MK671279	NA-NA	NA	NA-NA	NA	0-2454	1
MK671278	NA-NA	NA	NA-NA	NA	0-2451	1
MK671277	NA-NA	NA	NA-NA	NA	0-2445	1
MK671276	NA-NA	NA	NA-NA	NA	0-2445	1
MK671275	NA-NA	NA	NA-NA	NA	0-2445	1
MK671274	NA-NA	NA	NA-NA	NA	0-2451	1
MK671273	NA-NA	NA	NA-NA	NA	0-2445	1
MK671272	NA-NA	NA	NA-NA	NA	0-2445	1
MK671271	NA-NA	NA	NA-NA	NA	0-2451	1
MK671270	NA-NA	NA	NA-NA	NA	0-2454	1
MK671269	NA-NA	NA	NA-NA	NA	0-2451	1
MK671268	NA-NA	NA	NA-NA	NA	0-2454	1
MK671267	NA-NA	NA	NA-NA	NA	0-2451	1
MK671266	NA-NA	NA	NA-NA	NA	0-2451	1
MK671265	NA-NA	NA	NA-NA	NA	0-2451	1
MK671264	NA-NA	NA	NA-NA	NA	0-2445	1
MK671263	NA-NA	NA	NA-NA	NA	0-2445	1
MK671262	NA-NA	NA	NA-NA	NA	0-2445	1
MK671261	NA-NA	NA	NA-NA	NA	0-2451	1
MK671260	NA-NA	NA	NA-NA	NA	0-2451	1
MK613068	103-2653	1	2586-4098	1	4090-6652	1
MK558042	NA-NA	NA	0-238	1	NA-NA	NA
MK580006	NA-NA	NA	NA-NA	NA	0-378	1
MK580005	NA-NA	NA	NA-NA	NA	0-384	1
MK580004	NA-NA	NA	NA-NA	NA	0-384	1
MK580003	NA-NA	NA	NA-NA	NA	0-384	1
MK580002	NA-NA	NA	NA-NA	NA	0-381	1
MK580001	NA-NA	NA	NA-NA	NA	0-387	1
MK580000	NA-NA	NA	NA-NA	NA	0-381	1
MK579999	NA-NA	NA	NA-NA	NA	0-381	1
MK579998	NA-NA	NA	NA-NA	NA	0-387	1
MK579997	NA-NA	NA	NA-NA	NA	0-375	1
MK579996	NA-NA	NA	NA-NA	NA	0-372	1
MK579995	NA-NA	NA	NA-NA	NA	0-372	1
MK579994	NA-NA	NA	NA-NA	NA	0-384	1
MK579993	NA-NA	NA	NA-NA	NA	0-384	1
MK579992	NA-NA	NA	NA-NA	NA	0-381	1
MK579991	NA-NA	NA	NA-NA	NA	0-384	1
MK579990	NA-NA	NA	NA-NA	NA	0-381	1
MK579989	NA-NA	NA	NA-NA	NA	0-381	1
MK579988	NA-NA	NA	NA-NA	NA	0-384	1
MK579987	NA-NA	NA	NA-NA	NA	0-381	1
MK579986	NA-NA	NA	NA-NA	NA	0-381	1
MK579985	NA-NA	NA	NA-NA	NA	0-381	1
MK579984	NA-NA	NA	NA-NA	NA	0-384	1
MK579983	NA-NA	NA	NA-NA	NA	0-384	1
MK579982	NA-NA	NA	NA-NA	NA	0-384	1
MK579981	NA-NA	NA	NA-NA	NA	0-381	1
MK579980	NA-NA	NA	NA-NA	NA	0-384	1
MK579979	NA-NA	NA	NA-NA	NA	0-384	1
MK579978	NA-NA	NA	NA-NA	NA	0-381	1
NC_040647	NA-NA	NA	63-5349	1	NA-NA	NA
MK509015	NA-NA	NA	NA-NA	NA	2-564	1
MK509014	NA-NA	NA	NA-NA	NA	2-508	1
MK518375	NA-NA	NA	NA-NA	NA	0-545	1
MK518374	NA-NA	NA	NA-NA	NA	0-468	1
MK507572	NA-NA	NA	2-294	1	NA-NA	NA
MK507571	NA-NA	NA	2-294	1	NA-NA	NA
MK507570	NA-NA	NA	2-294	1	NA-NA	NA
MK507569	NA-NA	NA	2-294	1	NA-NA	NA
MK507568	NA-NA	NA	2-294	1	NA-NA	NA
MK507567	NA-NA	NA	2-294	1	NA-NA	NA
MK507566	NA-NA	NA	2-294	1	NA-NA	NA
MK507565	NA-NA	NA	2-294	1	NA-NA	NA
MK507564	NA-NA	NA	2-294	1	NA-NA	NA
MK507563	NA-NA	NA	2-294	1	NA-NA	NA
MH686400	NA-NA	NA	NA-NA	NA	2-726	1
MH686399	NA-NA	NA	NA-NA	NA	2-726	1
MH686398	NA-NA	NA	NA-NA	NA	2-726	1
MH686397	NA-NA	NA	NA-NA	NA	2-712	1
MH686396	NA-NA	NA	NA-NA	NA	0-745	1
MH686395	NA-NA	NA	NA-NA	NA	1-746	1
MH686394	NA-NA	NA	NA-NA	NA	1-751	1
MH686393	NA-NA	NA	NA-NA	NA	1-809	1
MH686392	NA-NA	NA	NA-NA	NA	1-811	1
MH686391	NA-NA	NA	NA-NA	NA	1-810	1
MH686390	NA-NA	NA	NA-NA	NA	0-809	1
MH730127	NA-NA	NA	0-419	1	NA-NA	NA
MH730126	NA-NA	NA	0-419	1	NA-NA	NA
MH730125	NA-NA	NA	0-419	1	NA-NA	NA
MH730124	NA-NA	NA	0-419	1	NA-NA	NA
MH730123	NA-NA	NA	0-419	1	NA-NA	NA
MG788774	NA-NA	NA	0-285	1	NA-NA	NA
MG788773	NA-NA	NA	0-285	1	NA-NA	NA
MG788772	NA-NA	NA	0-285	1	NA-NA	NA
MG788771	NA-NA	NA	0-264	1	NA-NA	NA
MG788770	NA-NA	NA	0-336	1	NA-NA	NA
MG788769	NA-NA	NA	0-360	1	NA-NA	NA
MG788768	NA-NA	NA	0-360	1	NA-NA	NA
MG788767	NA-NA	NA	0-360	1	NA-NA	NA
MG788759	NA-NA	NA	0-333	1	NA-NA	NA
MG788758	NA-NA	NA	0-333	1	NA-NA	NA
MG788757	NA-NA	NA	0-333	1	NA-NA	NA
MG921619	83-2885	1	2824-4372	1	4184-6716	1
MK460231	21-2667	1	2600-4112	1	4104-6570	1
MK460230	47-2522	1	2473-3985	1	3809-6323	1
MK802138	NA-NA	NA	0-375	1	NA-NA	NA
MK802137	NA-NA	NA	1-349	1	NA-NA	NA
MK802136	NA-NA	NA	0-404	1	NA-NA	NA
MK802135	NA-NA	NA	0-362	1	NA-NA	NA
MK802134	NA-NA	NA	0-406	1	NA-NA	NA
MK802133	NA-NA	NA	0-395	1	NA-NA	NA
MK802132	NA-NA	NA	0-381	1	NA-NA	NA
MK802131	NA-NA	NA	0-367	1	NA-NA	NA
MK802130	NA-NA	NA	0-406	1	NA-NA	NA
MK802129	NA-NA	NA	0-382	1	NA-NA	NA
MH332781	73-2836	1	2775-4323	1	4315-5304	1
MG932612	72-2853	1	2792-4340	1	4332-4958	1
MG932587	72-1866	1	3332-4340	1	4332-5309	1
KY294673	72-1860	1	3332-4340	1	4332-5306	1
KY294672	0-1140	1	NA-NA	NA	NA-NA	NA
KY294664	NA-NA	NA	0-1008	1	1000-1974	1
KY294663	NA-NA	NA	NA-NA	NA	0-761	1
MG932618	1-944	1	NA-NA	NA	NA-NA	NA
MG932617	1-944	1	NA-NA	NA	NA-NA	NA
MG932616	1-945	1	NA-NA	NA	NA-NA	NA
MG932615	1-946	1	NA-NA	NA	NA-NA	NA
MG932614	2-695	1	NA-NA	NA	NA-NA	NA
MG932613	1-946	1	NA-NA	NA	NA-NA	NA
MG932611	1-944	1	NA-NA	NA	NA-NA	NA
MG932610	1-944	1	NA-NA	NA	NA-NA	NA
MG932609	2-289	1	NA-NA	NA	NA-NA	NA
MG932608	2-693	1	NA-NA	NA	NA-NA	NA
MG932607	2-693	1	NA-NA	NA	NA-NA	NA
MG932591	NA-NA	NA	2-197	1	189-841	1
MG932590	NA-NA	NA	2-197	1	189-839	1
MG932589	NA-NA	NA	1-196	1	188-824	1
MG932588	NA-NA	NA	2-197	1	189-839	1
MG932586	NA-NA	NA	NA-NA	NA	0-410	1
MG932585	NA-NA	NA	2-197	1	189-818	1
MG932584	NA-NA	NA	NA-NA	NA	0-410	1
MG932583	NA-NA	NA	2-197	1	189-839	1
MG932582	NA-NA	NA	2-197	1	189-839	1
MG932581	NA-NA	NA	NA-NA	NA	0-410	1
MG932580	NA-NA	NA	2-197	1	189-815	1
MG932579	NA-NA	NA	NA-NA	NA	0-410	1
MG932578	NA-NA	NA	NA-NA	NA	0-386	1
MG932577	NA-NA	NA	0-195	1	187-789	1
MH414525	NA-NA	NA	0-404	1	NA-NA	NA
MH414524	NA-NA	NA	0-404	1	NA-NA	NA
MH414523	NA-NA	NA	0-404	1	NA-NA	NA
MH414522	NA-NA	NA	2-403	1	NA-NA	NA
MH414521	NA-NA	NA	2-403	1	NA-NA	NA
MH414520	NA-NA	NA	2-403	1	NA-NA	NA
MH414519	NA-NA	NA	2-403	1	NA-NA	NA
MK386569	51-2637	1	2588-4163	1	4155-6427	1
MN036279	1189-1891	-1	0-1022	-1	NA-NA	NA
MN036159	NA-NA	NA	NA-NA	NA	NA-NA	NA
MN036131	NA-NA	NA	NA-NA	NA	NA-NA	NA
MN035893	NA-NA	NA	NA-NA	NA	NA-NA	NA
MN035838	NA-NA	NA	NA-NA	NA	NA-NA	NA
MN035814	NA-NA	NA	255-1053	-1	NA-NA	NA
MN035758	2-1889	1	1894-3460	1	NA-NA	NA
MN035574	NA-NA	NA	NA-NA	NA	NA-NA	NA
MN035429	NA-NA	NA	NA-NA	NA	NA-NA	NA
MN035369	NA-NA	NA	NA-NA	NA	NA-NA	NA
MN034849	NA-NA	NA	NA-NA	NA	NA-NA	NA
MN034752	NA-NA	NA	0-1385	-1	NA-NA	NA
MN034438	NA-NA	NA	0-853	-1	NA-NA	NA
MN034422	NA-NA	NA	NA-NA	NA	NA-NA	NA
MN034411	2-2525	1	2629-5707	1	NA-NA	NA
MN034197	NA-NA	NA	NA-NA	NA	NA-NA	NA
MN034082	NA-NA	NA	2288-6143	1	NA-NA	NA
MN033929	NA-NA	NA	1189-4297	1	NA-NA	NA
MN033907	NA-NA	NA	NA-NA	NA	NA-NA	NA
MN033872	NA-NA	NA	838-8044	1	NA-NA	NA
MN033591	NA-NA	NA	NA-NA	NA	NA-NA	NA
MN033479	NA-NA	NA	480-1622	-1	NA-NA	NA
MN033410	NA-NA	NA	234-1103	1	NA-NA	NA
MN033274	NA-NA	NA	2212-3382	1	NA-NA	NA
MN033177	NA-NA	NA	NA-NA	NA	NA-NA	NA
MN033141	NA-NA	NA	NA-NA	NA	NA-NA	NA
MN033120	NA-NA	NA	1367-2270	1	NA-NA	NA
MN032977	NA-NA	NA	NA-NA	NA	NA-NA	NA
KT886453	1-3427	1	3408-4968	1	4992-7155	1
NC_043416	NA-NA	NA	2-356	1	168-2673	1
NC_043103	NA-NA	NA	0-1569	1	1568-4106	1
NC_043102	0-909	1	878-2450	1	2433-4986	1
NC_043101	NA-NA	NA	0-825	1	745-2869	1
NC_043100	NA-NA	NA	0-1413	1	1415-3578	1
NC_043099	NA-NA	NA	0-753	1	767-2984	1
NC_043098	NA-NA	NA	0-1641	1	1630-3913	1
NC_043097	NA-NA	NA	1-829	1	722-3065	1
NC_043096	NA-NA	NA	1-1420	1	1412-3893	1
MK378592	NA-NA	NA	0-291	1	283-737	1
MK378591	0-1074	1	1061-1807	1	NA-NA	NA
MK378590	NA-NA	NA	0-252	1	244-1050	1
MK378589	0-909	1	860-1006	1	NA-NA	NA
MK378588	NA-NA	NA	0-1443	1	NA-NA	NA
MK378587	0-887	1	NA-NA	NA	NA-NA	NA
MK378586	NA-NA	NA	0-351	1	343-990	1
MK378585	NA-NA	NA	0-312	1	304-1239	1
MK378584	0-642	1	NA-NA	NA	NA-NA	NA
MK378583	24-1756	1	NA-NA	NA	NA-NA	NA
MK378582	40-2515	1	2466-3978	1	3970-4172	1
MK378581	0-1223	1	NA-NA	NA	NA-NA	NA
MK378580	0-2148	1	2135-3593	1	3585-3896	1
MK378579	NA-NA	NA	0-539	1	NA-NA	NA
MK378578	0-69	1	20-592	1	NA-NA	NA
MK378577	NA-NA	NA	0-1116	1	NA-NA	NA
MK378576	0-1224	1	NA-NA	NA	NA-NA	NA
MK378575	0-729	1	NA-NA	NA	NA-NA	NA
MK378574	NA-NA	NA	0-1434	1	1426-1927	1
MK378573	0-947	1	NA-NA	NA	NA-NA	NA
MK378572	NA-NA	NA	0-1084	1	NA-NA	NA
MK378571	NA-NA	NA	NA-NA	NA	0-413	1
MK378570	0-605	1	NA-NA	NA	NA-NA	NA
MK378569	NA-NA	NA	0-1428	1	1411-1570	1
MK378568	0-858	1	845-1458	1	NA-NA	NA
MK378567	0-992	1	NA-NA	NA	NA-NA	NA
MK378566	0-1188	1	NA-NA	NA	NA-NA	NA
MK378565	NA-NA	NA	NA-NA	NA	0-1671	1
MK378564	NA-NA	NA	0-1434	1	1426-1839	1
MK378563	0-1059	1	1046-1305	1	NA-NA	NA
MK378562	NA-NA	NA	0-794	1	NA-NA	NA
MK378561	16-1479	1	NA-NA	NA	NA-NA	NA
MK378560	NA-NA	NA	NA-NA	NA	0-822	1
MK378559	106-2656	1	2643-4101	1	4093-4192	1
MK378558	37-1842	1	NA-NA	NA	NA-NA	NA
MK378557	NA-NA	NA	0-918	1	NA-NA	NA
MK378556	70-2259	1	NA-NA	NA	NA-NA	NA
MK378555	0-2568	1	2525-4064	1	4047-5108	1
MK378554	NA-NA	NA	0-918	1	NA-NA	NA
MK378553	NA-NA	NA	NA-NA	NA	0-1077	1
MK378552	18-2493	1	2444-3370	1	NA-NA	NA
MK378551	NA-NA	NA	0-1536	1	1528-2229	1
MK378550	0-1173	1	1124-2365	1	NA-NA	NA
MK378549	30-2028	1	NA-NA	NA	NA-NA	NA
MK378548	89-2639	1	2626-4084	1	4076-4313	1
MK378547	NA-NA	NA	0-899	1	NA-NA	NA
MK378546	NA-NA	NA	0-899	1	NA-NA	NA
MK378545	NA-NA	NA	NA-NA	NA	0-879	1
MK378544	NA-NA	NA	0-749	1	NA-NA	NA
MK378543	NA-NA	NA	0-588	1	571-708	1
MK378542	NA-NA	NA	0-1257	1	1249-2124	1
MK378541	0-2103	1	NA-NA	NA	NA-NA	NA
MK378540	0-2322	1	2279-3794	1	3777-5417	1
MK378539	89-2639	1	2626-4084	1	4076-4603	1
MK378538	0-489	1	440-1952	1	1944-2163	1
MK378537	0-1335	1	1322-2780	1	2772-4056	1
MK378536	0-1746	1	1733-3191	1	3183-5124	1
MK378535	NA-NA	NA	0-1416	1	1408-1810	1
MK378534	0-1572	1	NA-NA	NA	NA-NA	NA
MK378533	NA-NA	NA	NA-NA	NA	0-626	1
MK378532	NA-NA	NA	0-744	1	736-2676	1
MK378531	NA-NA	NA	0-492	1	NA-NA	NA
MK378530	NA-NA	NA	0-1179	1	1171-3505	1
MK378529	NA-NA	NA	0-560	1	NA-NA	NA
MK378528	0-105	1	56-1568	1	NA-NA	NA
MK378527	0-702	1	689-822	1	NA-NA	NA
MK378526	0-1236	1	1223-1522	1	NA-NA	NA
MK378525	0-1046	1	NA-NA	NA	NA-NA	NA
MK378524	0-1935	1	NA-NA	NA	NA-NA	NA
MK378523	0-729	1	NA-NA	NA	NA-NA	NA
MK378522	0-2367	1	2324-3815	1	3798-4785	1
MK378521	47-2522	1	2473-3985	1	3977-6137	1
MK378520	74-2624	1	2611-2922	1	NA-NA	NA
MK378519	0-1511	1	NA-NA	NA	NA-NA	NA
MK378518	NA-NA	NA	NA-NA	NA	0-1046	1
MK378517	NA-NA	NA	NA-NA	NA	0-1601	1
MK378516	0-1962	1	1919-3434	1	3417-4205	1
MK378515	0-1936	1	NA-NA	NA	NA-NA	NA
MK378514	89-1654	1	NA-NA	NA	NA-NA	NA
MK378513	0-1511	1	NA-NA	NA	NA-NA	NA
MK378512	NA-NA	NA	0-111	1	103-1618	1
MK378511	NA-NA	NA	0-183	1	175-1367	1
MK378510	0-75	1	62-878	1	NA-NA	NA
MK378509	0-776	1	NA-NA	NA	NA-NA	NA
MK378508	0-1116	1	1103-2500	1	NA-NA	NA
MK378507	0-681	1	NA-NA	NA	NA-NA	NA
MK378506	0-1894	1	NA-NA	NA	NA-NA	NA
MK378505	35-2510	1	2461-3973	1	3965-5299	1
MK378504	NA-NA	NA	0-574	1	NA-NA	NA
MK378503	0-150	1	107-811	1	NA-NA	NA
MK378502	0-2298	1	2285-3636	1	NA-NA	NA
MK378501	NA-NA	NA	0-1301	1	NA-NA	NA
MK378500	NA-NA	NA	0-864	1	856-1776	1
MK378499	0-858	1	NA-NA	NA	NA-NA	NA
MK378498	0-2550	1	2507-4022	1	4005-6207	1
MK378497	NA-NA	NA	0-300	1	292-601	1
MK378496	NA-NA	NA	0-584	1	NA-NA	NA
MK378495	0-596	1	NA-NA	NA	NA-NA	NA
MK378494	NA-NA	NA	0-312	1	304-801	1
MK378493	0-965	1	NA-NA	NA	NA-NA	NA
MK378492	NA-NA	NA	0-667	1	NA-NA	NA
MK378491	NA-NA	NA	0-903	1	NA-NA	NA
MK378490	NA-NA	NA	0-177	1	169-603	1
MK378489	NA-NA	NA	0-1155	1	NA-NA	NA
MK378488	NA-NA	NA	0-569	1	NA-NA	NA
MK378487	NA-NA	NA	0-1389	1	1381-1830	1
MK378486	NA-NA	NA	0-641	1	NA-NA	NA
MK378485	NA-NA	NA	0-760	1	NA-NA	NA
MK378484	0-990	1	NA-NA	NA	NA-NA	NA
MK378483	NA-NA	NA	0-785	1	NA-NA	NA
MK378482	0-677	1	NA-NA	NA	NA-NA	NA
MK378481	32-638	1	NA-NA	NA	NA-NA	NA
MK378480	NA-NA	NA	0-465	1	457-940	1
MK378479	NA-NA	NA	0-879	1	871-3178	1
MK378478	0-771	1	758-925	1	NA-NA	NA
MK378477	0-962	1	NA-NA	NA	NA-NA	NA
MK378476	0-839	1	NA-NA	NA	NA-NA	NA
MK378475	103-2662	1	2649-4110	1	4102-6609	1
MK378474	47-2522	1	2473-3985	1	3929-5632	1
MK378473	91-1952	1	NA-NA	NA	NA-NA	NA
MK378472	NA-NA	NA	0-513	1	NA-NA	NA
MK378471	NA-NA	NA	0-465	1	NA-NA	NA
MK378470	0-1334	1	NA-NA	NA	NA-NA	NA
MK378469	0-261	1	194-1386	1	NA-NA	NA
MK378468	0-1300	1	NA-NA	NA	NA-NA	NA
MK378467	69-689	1	NA-NA	NA	NA-NA	NA
MK378466	0-1022	1	NA-NA	NA	NA-NA	NA
MK378465	0-102	1	35-1028	1	NA-NA	NA
MK378464	0-491	1	NA-NA	NA	NA-NA	NA
MK378463	0-576	1	527-1392	1	NA-NA	NA
MK378462	NA-NA	NA	0-852	1	NA-NA	NA
MK378461	0-810	1	NA-NA	NA	NA-NA	NA
MK378460	0-611	1	NA-NA	NA	NA-NA	NA
MK378459	NA-NA	NA	NA-NA	NA	0-945	1
MK378458	NA-NA	NA	0-312	1	304-395	1
MK378457	NA-NA	NA	0-424	1	NA-NA	NA
MK378456	NA-NA	NA	0-733	1	NA-NA	NA
MK378455	NA-NA	NA	0-725	1	NA-NA	NA
MK378454	NA-NA	NA	0-512	1	NA-NA	NA
MK378453	NA-NA	NA	0-413	1	NA-NA	NA
MK378452	NA-NA	NA	NA-NA	NA	0-520	1
MK378451	NA-NA	NA	0-572	1	NA-NA	NA
MK378450	0-273	1	224-466	1	NA-NA	NA
MK378449	NA-NA	NA	0-722	1	NA-NA	NA
MK378448	0-433	1	NA-NA	NA	NA-NA	NA
MK378447	NA-NA	NA	0-670	1	NA-NA	NA
MK378446	NA-NA	NA	0-261	1	253-669	1
MK378445	0-408	1	344-974	1	NA-NA	NA
MK378444	0-658	1	NA-NA	NA	NA-NA	NA
MK378443	NA-NA	NA	0-725	1	NA-NA	NA
MK378442	NA-NA	NA	NA-NA	NA	0-489	1
MK378441	0-543	1	494-904	1	NA-NA	NA
MK378440	0-983	1	NA-NA	NA	NA-NA	NA
MH424428	NA-NA	NA	NA-NA	NA	0-2564	1
MH424433	NA-NA	NA	0-422	1	NA-NA	NA
MH424432	NA-NA	NA	0-422	1	NA-NA	NA
MH424431	NA-NA	NA	0-422	1	NA-NA	NA
MH424430	NA-NA	NA	0-423	1	NA-NA	NA
MH424429	NA-NA	NA	0-422	1	NA-NA	NA
MK387176	NA-NA	NA	NA-NA	NA	3666-5718	1
MK388725	NA-NA	NA	1-511	1	NA-NA	NA
MK618656	0-1824	1	1763-3311	1	3303-5584	1
MK108183	NA-NA	NA	1-451	1	443-1071	1
MK108182	1-944	1	NA-NA	NA	NA-NA	NA
NC_038368	NA-NA	NA	NA-NA	NA	0-2403	1
MH576462	NA-NA	NA	1-343	1	NA-NA	NA
MH576461	NA-NA	NA	1-343	1	NA-NA	NA
MH576460	NA-NA	NA	1-343	1	NA-NA	NA
MH576459	NA-NA	NA	1-337	1	NA-NA	NA
MH576458	NA-NA	NA	1-339	1	NA-NA	NA
MH576457	NA-NA	NA	0-335	1	NA-NA	NA
MH576456	NA-NA	NA	1-339	1	NA-NA	NA
MH576455	NA-NA	NA	1-336	1	NA-NA	NA
MH576454	NA-NA	NA	1-343	1	NA-NA	NA
MH576453	NA-NA	NA	1-284	1	NA-NA	NA
MH576452	NA-NA	NA	1-343	1	NA-NA	NA
MH576451	NA-NA	NA	1-343	1	NA-NA	NA
MH576450	NA-NA	NA	0-243	1	NA-NA	NA
MH576449	NA-NA	NA	0-243	1	NA-NA	NA
MH576448	NA-NA	NA	0-243	1	NA-NA	NA
MH576447	NA-NA	NA	0-243	1	NA-NA	NA
MH576446	NA-NA	NA	1-234	1	NA-NA	NA
MH576445	NA-NA	NA	0-243	1	NA-NA	NA
MH576444	NA-NA	NA	0-243	1	NA-NA	NA
MH576443	NA-NA	NA	0-243	1	NA-NA	NA
MH576442	NA-NA	NA	0-243	1	NA-NA	NA
MH576441	NA-NA	NA	0-243	1	NA-NA	NA
MH576440	NA-NA	NA	0-243	1	NA-NA	NA
MH576439	NA-NA	NA	2-242	1	NA-NA	NA
MH576438	NA-NA	NA	0-243	1	NA-NA	NA
MH576437	NA-NA	NA	0-240	1	NA-NA	NA
MH576436	NA-NA	NA	0-243	1	NA-NA	NA
MH576435	NA-NA	NA	0-243	1	NA-NA	NA
MH576434	NA-NA	NA	0-243	1	NA-NA	NA
MH576433	NA-NA	NA	0-243	1	NA-NA	NA
MH576432	NA-NA	NA	0-237	1	NA-NA	NA
MH576431	NA-NA	NA	0-243	1	NA-NA	NA
MK125058	10-3265	1	3255-4806	1	4824-6939	1
MK091955	NA-NA	NA	0-429	1	NA-NA	NA
MK091954	NA-NA	NA	0-429	1	NA-NA	NA
MK091953	NA-NA	NA	0-429	1	NA-NA	NA
MK091952	NA-NA	NA	0-429	1	NA-NA	NA
MK091951	NA-NA	NA	0-429	1	NA-NA	NA
MK091950	NA-NA	NA	0-429	1	NA-NA	NA
MK041038	NA-NA	NA	NA-NA	NA	0-419	1
MK041037	NA-NA	NA	NA-NA	NA	0-411	1
MK041036	NA-NA	NA	NA-NA	NA	2-416	1
MK096776	51-2832	1	3110-4319	1	4194-6561	1
MK096775	41-2684	1	2707-4177	1	4197-6453	1
MK096774	46-2752	1	2811-4251	1	4254-6555	1
MK096773	29-2753	1	2881-4459	1	4296-6561	1
MK004980	NA-NA	NA	0-363	1	NA-NA	NA
MK004979	NA-NA	NA	2-399	1	NA-NA	NA
MK004978	NA-NA	NA	2-370	1	NA-NA	NA
MK004977	NA-NA	NA	0-391	1	NA-NA	NA
MK004976	NA-NA	NA	2-415	1	NA-NA	NA
MK004975	NA-NA	NA	2-395	1	NA-NA	NA
MK004974	NA-NA	NA	1-386	1	NA-NA	NA
MK004973	NA-NA	NA	0-385	1	NA-NA	NA
MK004972	NA-NA	NA	0-400	1	NA-NA	NA
MK004971	NA-NA	NA	0-391	1	NA-NA	NA
MK004970	NA-NA	NA	2-393	1	NA-NA	NA
MK004969	NA-NA	NA	2-384	1	NA-NA	NA
MK004968	NA-NA	NA	2-394	1	NA-NA	NA
MK004967	NA-NA	NA	1-389	1	NA-NA	NA
MK004966	NA-NA	NA	1-384	1	NA-NA	NA
MK004965	NA-NA	NA	2-410	1	NA-NA	NA
MK004964	NA-NA	NA	1-342	1	NA-NA	NA
MK004963	NA-NA	NA	2-396	1	NA-NA	NA
MK004962	NA-NA	NA	0-388	1	NA-NA	NA
MK004961	NA-NA	NA	2-414	1	NA-NA	NA
MK004960	NA-NA	NA	0-409	1	NA-NA	NA
MK004959	NA-NA	NA	1-398	1	NA-NA	NA
MK004958	NA-NA	NA	2-395	1	NA-NA	NA
MK004957	NA-NA	NA	2-381	1	NA-NA	NA
MK004956	NA-NA	NA	0-372	1	NA-NA	NA
MK004955	NA-NA	NA	2-382	1	NA-NA	NA
MK004954	NA-NA	NA	2-385	1	NA-NA	NA
MG661261	119-3185	1	3175-4705	1	4728-7239	1
MH254918	NA-NA	NA	1-361	1	NA-NA	NA
MK089435	14-2378	1	2314-3850	1	3842-6080	1
MK089434	14-2378	1	2314-3850	1	3842-6113	1
MK450332	14-4463	1	4714-5920	1	6298-7789	1
MK296753	73-2836	1	2850-4323	1	4315-6700	1
MH712856	22-3745	1	3735-5286	1	5309-7505	1
MK286562	48-2598	1	2552-4118	1	4110-6390	1
MK395165	6-2790	1	2732-4238	1	4230-6684	1
MK026166	39-2709	1	2660-4196	1	4008-6513	1
LC460060	NA-NA	NA	0-669	1	NA-NA	NA
LC460059	NA-NA	NA	0-669	1	NA-NA	NA
LC460058	NA-NA	NA	0-669	1	NA-NA	NA
LC460057	NA-NA	NA	0-669	1	NA-NA	NA
LC460056	NA-NA	NA	0-669	1	NA-NA	NA
LC460055	NA-NA	NA	0-669	1	NA-NA	NA
LC460054	NA-NA	NA	0-669	1	NA-NA	NA
LC460053	NA-NA	NA	0-669	1	NA-NA	NA
LC460052	NA-NA	NA	0-669	1	NA-NA	NA
LC460051	NA-NA	NA	0-669	1	NA-NA	NA
LC460050	NA-NA	NA	NA-NA	NA	0-356	1
LC460049	NA-NA	NA	NA-NA	NA	0-356	1
LC460048	NA-NA	NA	NA-NA	NA	0-356	1
LC460047	NA-NA	NA	NA-NA	NA	0-356	1
LC460046	NA-NA	NA	NA-NA	NA	0-356	1
LC460045	NA-NA	NA	NA-NA	NA	0-356	1
LC460044	NA-NA	NA	NA-NA	NA	0-356	1
LC460043	NA-NA	NA	NA-NA	NA	0-365	1
LC460042	NA-NA	NA	NA-NA	NA	0-365	1
LC460041	NA-NA	NA	NA-NA	NA	0-365	1
LC460040	NA-NA	NA	NA-NA	NA	0-365	1
LC460039	NA-NA	NA	NA-NA	NA	0-365	1
LC460038	NA-NA	NA	NA-NA	NA	0-365	1
LC460037	NA-NA	NA	NA-NA	NA	0-365	1
LC460036	NA-NA	NA	NA-NA	NA	0-365	1
LC460035	NA-NA	NA	NA-NA	NA	0-365	1
LC460034	NA-NA	NA	NA-NA	NA	0-365	1
LC460033	NA-NA	NA	NA-NA	NA	0-365	1
LC460032	NA-NA	NA	NA-NA	NA	0-365	1
LC460031	NA-NA	NA	NA-NA	NA	0-365	1
LC460030	NA-NA	NA	NA-NA	NA	0-365	1
LC460029	NA-NA	NA	NA-NA	NA	0-365	1
LC460028	NA-NA	NA	NA-NA	NA	0-365	1
LC460027	NA-NA	NA	NA-NA	NA	0-365	1
LC460026	NA-NA	NA	NA-NA	NA	0-365	1
LC460025	NA-NA	NA	NA-NA	NA	0-365	1
LC460024	NA-NA	NA	NA-NA	NA	0-365	1
LC460023	NA-NA	NA	NA-NA	NA	0-365	1
LC460022	NA-NA	NA	NA-NA	NA	0-365	1
LC460021	NA-NA	NA	NA-NA	NA	0-365	1
LC460020	NA-NA	NA	NA-NA	NA	0-365	1
LC460019	NA-NA	NA	NA-NA	NA	0-365	1
LC460018	NA-NA	NA	NA-NA	NA	0-365	1
LC460017	NA-NA	NA	NA-NA	NA	0-365	1
LC460016	NA-NA	NA	NA-NA	NA	0-365	1
LC460015	NA-NA	NA	NA-NA	NA	0-365	1
LC460014	NA-NA	NA	NA-NA	NA	0-365	1
LC460013	NA-NA	NA	NA-NA	NA	0-365	1
LC460012	NA-NA	NA	NA-NA	NA	0-365	1
LC460011	NA-NA	NA	NA-NA	NA	0-365	1
LC460010	NA-NA	NA	NA-NA	NA	0-365	1
LC460009	NA-NA	NA	NA-NA	NA	0-365	1
LC460008	NA-NA	NA	NA-NA	NA	0-365	1
LC460007	NA-NA	NA	NA-NA	NA	0-365	1
LC460006	NA-NA	NA	NA-NA	NA	0-365	1
LC460005	NA-NA	NA	NA-NA	NA	0-365	1
LC460004	NA-NA	NA	NA-NA	NA	0-365	1
LC460003	NA-NA	NA	NA-NA	NA	0-365	1
LC460002	NA-NA	NA	NA-NA	NA	0-365	1
LC460001	NA-NA	NA	NA-NA	NA	0-365	1
LC460000	NA-NA	NA	NA-NA	NA	0-365	1
LC459999	NA-NA	NA	NA-NA	NA	0-365	1
LC460163	NA-NA	NA	NA-NA	NA	0-335	1
LC460162	NA-NA	NA	NA-NA	NA	0-335	1
LC460161	NA-NA	NA	NA-NA	NA	0-335	1
LC460160	NA-NA	NA	NA-NA	NA	0-335	1
LC460159	NA-NA	NA	NA-NA	NA	0-335	1
LC460158	NA-NA	NA	NA-NA	NA	0-335	1
LC460157	NA-NA	NA	NA-NA	NA	0-335	1
LC460156	NA-NA	NA	NA-NA	NA	0-335	1
LC460155	NA-NA	NA	NA-NA	NA	0-335	1
LC460154	NA-NA	NA	NA-NA	NA	0-335	1
LC460153	NA-NA	NA	NA-NA	NA	0-335	1
LC460152	NA-NA	NA	NA-NA	NA	0-335	1
LC460151	NA-NA	NA	NA-NA	NA	0-335	1
LC460150	NA-NA	NA	NA-NA	NA	0-335	1
LC460149	NA-NA	NA	NA-NA	NA	0-335	1
LC460148	NA-NA	NA	NA-NA	NA	0-335	1
LC460147	NA-NA	NA	NA-NA	NA	0-335	1
LC460146	NA-NA	NA	NA-NA	NA	0-335	1
LC460145	NA-NA	NA	NA-NA	NA	0-335	1
LC460144	NA-NA	NA	NA-NA	NA	0-335	1
LC460143	NA-NA	NA	NA-NA	NA	0-335	1
LC460142	NA-NA	NA	NA-NA	NA	0-335	1
LC460141	NA-NA	NA	NA-NA	NA	0-335	1
LC460140	NA-NA	NA	NA-NA	NA	0-335	1
LC460139	NA-NA	NA	NA-NA	NA	0-335	1
LC460138	NA-NA	NA	NA-NA	NA	0-335	1
LC460137	NA-NA	NA	NA-NA	NA	0-335	1
LC460136	NA-NA	NA	NA-NA	NA	0-335	1
LC460135	NA-NA	NA	NA-NA	NA	0-335	1
LC460134	NA-NA	NA	NA-NA	NA	0-335	1
LC460133	NA-NA	NA	NA-NA	NA	0-335	1
LC460132	NA-NA	NA	NA-NA	NA	0-335	1
LC460131	NA-NA	NA	NA-NA	NA	0-335	1
LC460130	NA-NA	NA	NA-NA	NA	0-335	1
LC460129	NA-NA	NA	NA-NA	NA	0-335	1
LC460128	NA-NA	NA	NA-NA	NA	0-335	1
LC460127	NA-NA	NA	NA-NA	NA	0-335	1
LC460126	NA-NA	NA	NA-NA	NA	0-335	1
LC460125	NA-NA	NA	NA-NA	NA	0-335	1
LC460124	NA-NA	NA	NA-NA	NA	0-335	1
LC460123	NA-NA	NA	NA-NA	NA	0-335	1
LC460122	NA-NA	NA	NA-NA	NA	0-335	1
LC460121	NA-NA	NA	NA-NA	NA	0-335	1
LC460120	NA-NA	NA	NA-NA	NA	0-335	1
LC460119	NA-NA	NA	NA-NA	NA	0-335	1
LC460118	NA-NA	NA	NA-NA	NA	0-335	1
LC460117	NA-NA	NA	NA-NA	NA	0-335	1
LC460116	NA-NA	NA	NA-NA	NA	0-335	1
LC460115	NA-NA	NA	NA-NA	NA	0-335	1
LC460114	NA-NA	NA	NA-NA	NA	0-335	1
LC460113	NA-NA	NA	NA-NA	NA	0-335	1
LC460112	NA-NA	NA	NA-NA	NA	0-335	1
LC460111	NA-NA	NA	NA-NA	NA	0-335	1
LC460110	NA-NA	NA	NA-NA	NA	0-335	1
LC460109	NA-NA	NA	NA-NA	NA	0-335	1
LC460108	NA-NA	NA	NA-NA	NA	0-335	1
LC460107	NA-NA	NA	NA-NA	NA	0-335	1
LC460106	NA-NA	NA	NA-NA	NA	0-335	1
LC460105	NA-NA	NA	NA-NA	NA	0-335	1
LC460104	NA-NA	NA	NA-NA	NA	0-335	1
LC460103	NA-NA	NA	NA-NA	NA	0-335	1
LC460102	NA-NA	NA	NA-NA	NA	0-335	1
LC460101	NA-NA	NA	NA-NA	NA	0-335	1
LC460100	NA-NA	NA	NA-NA	NA	0-335	1
LC460099	NA-NA	NA	NA-NA	NA	0-335	1
LC460098	NA-NA	NA	NA-NA	NA	0-335	1
LC460097	NA-NA	NA	NA-NA	NA	0-335	1
LC460096	NA-NA	NA	NA-NA	NA	0-335	1
LC460095	NA-NA	NA	NA-NA	NA	0-335	1
LC460094	NA-NA	NA	NA-NA	NA	0-335	1
LC460093	NA-NA	NA	NA-NA	NA	0-335	1
LC460092	NA-NA	NA	NA-NA	NA	0-335	1
LC460091	NA-NA	NA	0-669	1	NA-NA	NA
LC460090	NA-NA	NA	0-669	1	NA-NA	NA
LC460089	NA-NA	NA	0-669	1	NA-NA	NA
LC460088	NA-NA	NA	0-669	1	NA-NA	NA
LC460087	NA-NA	NA	0-669	1	NA-NA	NA
LC460086	NA-NA	NA	0-669	1	NA-NA	NA
LC460085	NA-NA	NA	0-669	1	NA-NA	NA
LC460084	NA-NA	NA	0-669	1	NA-NA	NA
LC460083	NA-NA	NA	0-669	1	NA-NA	NA
LC460082	NA-NA	NA	0-669	1	NA-NA	NA
LC460081	NA-NA	NA	0-669	1	NA-NA	NA
LC460080	NA-NA	NA	0-669	1	NA-NA	NA
LC460079	NA-NA	NA	0-669	1	NA-NA	NA
LC460078	NA-NA	NA	0-669	1	NA-NA	NA
LC460077	NA-NA	NA	0-669	1	NA-NA	NA
LC460076	NA-NA	NA	0-669	1	NA-NA	NA
LC460075	NA-NA	NA	0-669	1	NA-NA	NA
LC460074	NA-NA	NA	0-669	1	NA-NA	NA
LC460073	NA-NA	NA	0-669	1	NA-NA	NA
LC460072	NA-NA	NA	0-669	1	NA-NA	NA
LC460071	NA-NA	NA	0-669	1	NA-NA	NA
LC460070	NA-NA	NA	0-669	1	NA-NA	NA
LC460069	NA-NA	NA	0-669	1	NA-NA	NA
LC460068	NA-NA	NA	0-669	1	NA-NA	NA
LC460067	NA-NA	NA	0-669	1	NA-NA	NA
LC460066	NA-NA	NA	0-669	1	NA-NA	NA
LC460065	NA-NA	NA	0-669	1	NA-NA	NA
LC460064	NA-NA	NA	0-669	1	NA-NA	NA
LC460063	NA-NA	NA	0-669	1	NA-NA	NA
LC460062	NA-NA	NA	0-669	1	NA-NA	NA
LC460061	NA-NA	NA	0-669	1	NA-NA	NA
LC459998	NA-NA	NA	NA-NA	NA	0-365	1
LC459997	NA-NA	NA	NA-NA	NA	0-365	1
LC459996	NA-NA	NA	NA-NA	NA	0-362	1
LC459995	NA-NA	NA	NA-NA	NA	0-362	1
LC459994	NA-NA	NA	NA-NA	NA	0-362	1
LC459993	NA-NA	NA	NA-NA	NA	0-362	1
LC459992	NA-NA	NA	NA-NA	NA	0-362	1
LC459991	NA-NA	NA	NA-NA	NA	0-362	1
LC459990	NA-NA	NA	NA-NA	NA	0-362	1
LC459989	NA-NA	NA	NA-NA	NA	0-362	1
LC459988	NA-NA	NA	NA-NA	NA	0-365	1
LC459987	NA-NA	NA	NA-NA	NA	0-365	1
LC459986	NA-NA	NA	NA-NA	NA	0-359	1
LC459985	NA-NA	NA	NA-NA	NA	0-359	1
LC459984	NA-NA	NA	NA-NA	NA	0-359	1
LC459983	NA-NA	NA	NA-NA	NA	0-359	1
LC459982	NA-NA	NA	NA-NA	NA	0-359	1
LC459981	NA-NA	NA	NA-NA	NA	0-359	1
LC459980	NA-NA	NA	NA-NA	NA	0-359	1
LC459979	NA-NA	NA	NA-NA	NA	0-359	1
LC459978	NA-NA	NA	NA-NA	NA	0-359	1
LC459977	NA-NA	NA	NA-NA	NA	0-359	1
MK521913	9-2766	1	2774-4250	1	4140-5993	1
MK521912	31-2752	1	2760-4236	1	4126-6523	1
MK472056	NA-NA	NA	NA-NA	NA	2-544	1
MK472055	NA-NA	NA	NA-NA	NA	2-544	1
MK472054	NA-NA	NA	0-18	1	10-626	1
MK430063	NA-NA	NA	1-43	1	35-644	1
MH807626	245-3350	1	3340-4891	1	4909-7024	1
MH921451	NA-NA	NA	1-390	1	NA-NA	NA
MH921450	NA-NA	NA	1-357	1	NA-NA	NA
MH921449	NA-NA	NA	1-395	1	NA-NA	NA
MH921448	NA-NA	NA	0-389	1	NA-NA	NA
MH921447	NA-NA	NA	2-390	1	NA-NA	NA
MH921446	NA-NA	NA	2-393	1	NA-NA	NA
MH921445	NA-NA	NA	0-391	1	NA-NA	NA
MH921444	NA-NA	NA	2-390	1	NA-NA	NA
MH345765	NA-NA	NA	NA-NA	NA	0-2313	1
MH345764	NA-NA	NA	NA-NA	NA	0-2313	1
HM484374	1-466	1	420-1989	1	1978-4255	1
MH643741	NA-NA	NA	NA-NA	NA	0-348	1
MH423877	NA-NA	NA	NA-NA	NA	0-183	1
MH423876	NA-NA	NA	NA-NA	NA	0-183	1
MH423875	NA-NA	NA	NA-NA	NA	0-183	1
MH423874	NA-NA	NA	NA-NA	NA	0-183	1
MH423873	NA-NA	NA	NA-NA	NA	0-183	1
MH423872	NA-NA	NA	NA-NA	NA	0-183	1
MH423871	NA-NA	NA	NA-NA	NA	0-183	1
MH423870	NA-NA	NA	NA-NA	NA	0-183	1
MH423869	NA-NA	NA	NA-NA	NA	0-183	1
MH423868	NA-NA	NA	NA-NA	NA	0-183	1
MH399911	NA-NA	NA	0-395	1	NA-NA	NA
MH399910	NA-NA	NA	0-407	1	NA-NA	NA
MH399909	NA-NA	NA	0-410	1	NA-NA	NA
MH399908	NA-NA	NA	0-431	1	NA-NA	NA
MH399907	NA-NA	NA	0-403	1	NA-NA	NA
MH399906	NA-NA	NA	0-410	1	NA-NA	NA
MH399905	NA-NA	NA	0-410	1	NA-NA	NA
MH399904	NA-NA	NA	0-410	1	NA-NA	NA
MH399903	NA-NA	NA	0-410	1	NA-NA	NA
MH399902	NA-NA	NA	0-410	1	NA-NA	NA
MH399901	NA-NA	NA	0-410	1	NA-NA	NA
MH399900	NA-NA	NA	0-396	1	NA-NA	NA
MH399899	NA-NA	NA	0-392	1	NA-NA	NA
MH399897	NA-NA	NA	0-404	1	NA-NA	NA
MH399896	NA-NA	NA	0-410	1	NA-NA	NA
MH399895	NA-NA	NA	0-410	1	NA-NA	NA
MH399894	NA-NA	NA	0-410	1	NA-NA	NA
MH399893	NA-NA	NA	0-410	1	NA-NA	NA
MG051064	NA-NA	NA	1-364	1	NA-NA	NA
MG051063	NA-NA	NA	1-364	1	NA-NA	NA
MG051062	NA-NA	NA	1-370	1	NA-NA	NA
MG051061	NA-NA	NA	1-370	1	NA-NA	NA
MG051060	NA-NA	NA	1-370	1	NA-NA	NA
MG051059	NA-NA	NA	1-370	1	NA-NA	NA
MG051058	NA-NA	NA	1-364	1	NA-NA	NA
MG051057	NA-NA	NA	1-364	1	NA-NA	NA
MG051056	NA-NA	NA	1-370	1	NA-NA	NA
MG051055	NA-NA	NA	1-364	1	NA-NA	NA
MG051054	NA-NA	NA	1-364	1	NA-NA	NA
MG051053	NA-NA	NA	1-364	1	NA-NA	NA
MG051052	NA-NA	NA	1-364	1	NA-NA	NA
MG051051	NA-NA	NA	1-370	1	NA-NA	NA
MG051050	NA-NA	NA	1-370	1	NA-NA	NA
MG051049	NA-NA	NA	1-370	1	NA-NA	NA
MG051048	NA-NA	NA	1-355	1	NA-NA	NA
MG051047	NA-NA	NA	1-364	1	NA-NA	NA
MG051046	NA-NA	NA	1-364	1	NA-NA	NA
MG051045	NA-NA	NA	1-370	1	NA-NA	NA
MG051044	NA-NA	NA	1-370	1	NA-NA	NA
MG051043	NA-NA	NA	1-370	1	NA-NA	NA
MG051042	NA-NA	NA	1-370	1	NA-NA	NA
MG051041	NA-NA	NA	1-382	1	NA-NA	NA
MG051040	NA-NA	NA	1-364	1	NA-NA	NA
MH332785	NA-NA	NA	0-1296	1	1288-1497	1
MH933759	78-2841	1	3221-4328	1	4320-6672	1
MH933758	80-2843	1	3223-4330	1	4322-6674	1
MH933757	82-2863	1	3243-4350	1	4342-6688	1
MH933756	0-2742	1	3122-4229	1	4041-5354	1
MH933755	0-2376	1	2390-3848	1	3699-5913	1
MH933754	1-2692	1	2970-4215	1	4204-6481	1
MH933753	83-2864	1	3244-4351	1	4343-6689	1
MH933752	54-2835	1	3215-4322	1	4314-6660	1
MH332787	NA-NA	NA	2-476	1	468-1443	1
MH332786	0-915	1	NA-NA	NA	NA-NA	NA
MH332784	NA-NA	NA	0-753	1	745-929	1
MH332783	74-1865	1	NA-NA	NA	NA-NA	NA
MH332782	NA-NA	NA	0-468	1	460-1449	1
MH332780	2-255	1	NA-NA	NA	NA-NA	NA
MH332779	NA-NA	NA	1-166	1	158-367	1
MH332778	NA-NA	NA	1-166	1	158-361	1
MH332777	2-695	1	NA-NA	NA	NA-NA	NA
MK327365	2-2357	1	2293-3829	1	3821-6059	1
JF491403	75-2883	1	2822-4370	1	4362-5340	1
MH318028	NA-NA	NA	1-196	1	188-810	1
MH318026	NA-NA	NA	1-196	1	188-814	1
MH318023	2-694	1	NA-NA	NA	NA-NA	NA
MH318020	NA-NA	NA	1-196	1	188-817	1
MG932595	0-1305	1	NA-NA	NA	NA-NA	NA
MG932574	NA-NA	NA	2-476	1	468-1443	1
MG932570	NA-NA	NA	1-178	1	410-1163	1
MG932566	NA-NA	NA	1-196	1	188-814	1
MG932606	1-946	1	NA-NA	NA	NA-NA	NA
MG932605	1-944	1	NA-NA	NA	NA-NA	NA
MG932604	75-1864	1	NA-NA	NA	NA-NA	NA
MG932603	1-944	1	NA-NA	NA	NA-NA	NA
MG932602	1-944	1	NA-NA	NA	NA-NA	NA
MG932601	1-944	1	NA-NA	NA	NA-NA	NA
MG932600	75-1864	1	NA-NA	NA	NA-NA	NA
MG932599	1-945	1	NA-NA	NA	NA-NA	NA
MG932598	1-944	1	NA-NA	NA	NA-NA	NA
MG932597	1-946	1	NA-NA	NA	NA-NA	NA
MG932596	2-262	1	NA-NA	NA	NA-NA	NA
MG932594	2-695	1	NA-NA	NA	NA-NA	NA
MG932593	2-695	1	NA-NA	NA	NA-NA	NA
MG932592	1-920	1	NA-NA	NA	NA-NA	NA
MG932576	NA-NA	NA	0-168	1	160-810	1
MG932575	NA-NA	NA	2-170	1	162-809	1
MG932573	NA-NA	NA	0-168	1	160-810	1
MG932572	NA-NA	NA	2-170	1	162-809	1
MG932571	NA-NA	NA	2-170	1	162-809	1
MG932569	NA-NA	NA	2-197	1	189-815	1
MG932568	NA-NA	NA	0-168	1	160-810	1
MG932567	NA-NA	NA	NA-NA	NA	0-410	1
MG932565	NA-NA	NA	NA-NA	NA	0-389	1
MG932564	NA-NA	NA	NA-NA	NA	0-410	1
MG932563	NA-NA	NA	0-168	1	160-789	1
MG932562	NA-NA	NA	NA-NA	NA	0-410	1
MG932561	NA-NA	NA	NA-NA	NA	0-410	1
MG932560	NA-NA	NA	NA-NA	NA	0-410	1
MG932559	NA-NA	NA	NA-NA	NA	0-410	1
MG932558	NA-NA	NA	NA-NA	NA	0-410	1
MG932557	NA-NA	NA	NA-NA	NA	0-410	1
KP453860	NA-NA	NA	2-476	1	468-1451	1
KP453859	NA-NA	NA	2-476	1	468-1451	1
KP453858	NA-NA	NA	2-197	1	189-807	1
KP453857	NA-NA	NA	2-197	1	189-807	1
KP453856	NA-NA	NA	2-197	1	189-807	1
KP453855	NA-NA	NA	1-196	1	188-806	1
KP453854	NA-NA	NA	2-197	1	189-808	1
KP453853	NA-NA	NA	2-197	1	189-815	1
KP453852	NA-NA	NA	2-197	1	189-807	1
KP453851	NA-NA	NA	2-197	1	189-814	1
KP453848	NA-NA	NA	1-196	1	188-814	1
KP453847	NA-NA	NA	1-196	1	188-814	1
KP453846	NA-NA	NA	1-196	1	188-813	1
KP453845	NA-NA	NA	1-193	1	185-811	1
KP453843	NA-NA	NA	2-197	1	189-814	1
KP453850	NA-NA	NA	NA-NA	NA	0-405	1
KP453849	NA-NA	NA	NA-NA	NA	0-405	1
KP453844	NA-NA	NA	NA-NA	NA	0-405	1
KF039921	NA-NA	NA	NA-NA	NA	1-373	1
KF039920	NA-NA	NA	NA-NA	NA	1-373	1
KF039919	NA-NA	NA	NA-NA	NA	1-373	1
KF039918	NA-NA	NA	NA-NA	NA	1-373	1
KF039917	NA-NA	NA	NA-NA	NA	1-373	1
KF039916	NA-NA	NA	NA-NA	NA	1-373	1
KF039915	NA-NA	NA	NA-NA	NA	1-373	1
KF039914	NA-NA	NA	NA-NA	NA	1-373	1
JF491429	NA-NA	NA	NA-NA	NA	1-373	1
JF491428	NA-NA	NA	NA-NA	NA	1-373	1
JF491427	NA-NA	NA	NA-NA	NA	1-373	1
JF491426	NA-NA	NA	NA-NA	NA	1-373	1
JF491425	NA-NA	NA	NA-NA	NA	1-373	1
JF491424	NA-NA	NA	NA-NA	NA	1-373	1
JF491423	NA-NA	NA	NA-NA	NA	1-373	1
JF491422	NA-NA	NA	NA-NA	NA	1-373	1
JF491421	NA-NA	NA	NA-NA	NA	1-373	1
JF491420	NA-NA	NA	NA-NA	NA	1-373	1
JF491419	NA-NA	NA	NA-NA	NA	1-373	1
JF491418	NA-NA	NA	NA-NA	NA	1-373	1
JF491417	NA-NA	NA	NA-NA	NA	1-373	1
JF491416	NA-NA	NA	NA-NA	NA	1-373	1
JF491415	NA-NA	NA	NA-NA	NA	1-373	1
JF491414	NA-NA	NA	NA-NA	NA	1-373	1
JF491413	NA-NA	NA	NA-NA	NA	1-373	1
JF491412	NA-NA	NA	NA-NA	NA	1-373	1
JF491411	NA-NA	NA	NA-NA	NA	1-373	1
JF491410	NA-NA	NA	NA-NA	NA	1-373	1
JF491409	NA-NA	NA	NA-NA	NA	1-373	1
JF491408	NA-NA	NA	NA-NA	NA	1-373	1
JF491407	NA-NA	NA	NA-NA	NA	1-373	1
JF491406	NA-NA	NA	NA-NA	NA	1-373	1
JF491405	NA-NA	NA	NA-NA	NA	1-373	1
JF491404	NA-NA	NA	NA-NA	NA	1-373	1
JF491402	NA-NA	NA	NA-NA	NA	1-373	1
JF491401	NA-NA	NA	NA-NA	NA	1-373	1
JF491400	NA-NA	NA	NA-NA	NA	1-373	1
JF491399	NA-NA	NA	NA-NA	NA	1-373	1
JF491398	NA-NA	NA	NA-NA	NA	1-373	1
JF491397	NA-NA	NA	NA-NA	NA	1-373	1
JF491396	NA-NA	NA	NA-NA	NA	1-373	1
JF491395	NA-NA	NA	NA-NA	NA	1-373	1
JF491394	NA-NA	NA	NA-NA	NA	1-373	1
JF491393	NA-NA	NA	NA-NA	NA	1-373	1
JF491392	NA-NA	NA	NA-NA	NA	1-373	1
JF491391	NA-NA	NA	NA-NA	NA	1-373	1
JF491390	NA-NA	NA	NA-NA	NA	1-373	1
JF491389	NA-NA	NA	NA-NA	NA	1-373	1
JF491388	NA-NA	NA	NA-NA	NA	1-373	1
JF491387	NA-NA	NA	NA-NA	NA	1-373	1
JF491386	NA-NA	NA	NA-NA	NA	1-373	1
JF491385	NA-NA	NA	NA-NA	NA	1-373	1
JF491384	NA-NA	NA	NA-NA	NA	1-373	1
JF491383	NA-NA	NA	NA-NA	NA	1-373	1
JF491382	NA-NA	NA	NA-NA	NA	1-373	1
JF491381	NA-NA	NA	NA-NA	NA	1-373	1
JF491380	NA-NA	NA	NA-NA	NA	1-373	1
JF491379	NA-NA	NA	NA-NA	NA	1-373	1
JF491378	NA-NA	NA	NA-NA	NA	1-373	1
JF491377	NA-NA	NA	NA-NA	NA	1-373	1
JF491376	NA-NA	NA	NA-NA	NA	1-373	1
JF491375	NA-NA	NA	NA-NA	NA	1-373	1
JF491374	NA-NA	NA	NA-NA	NA	1-373	1
JF491373	NA-NA	NA	NA-NA	NA	1-373	1
JF491372	NA-NA	NA	NA-NA	NA	1-373	1
JF491371	NA-NA	NA	NA-NA	NA	1-373	1
JF491370	NA-NA	NA	NA-NA	NA	1-373	1
JF491369	NA-NA	NA	NA-NA	NA	1-373	1
JF491368	NA-NA	NA	NA-NA	NA	1-373	1
JF491367	NA-NA	NA	NA-NA	NA	1-373	1
JF491366	NA-NA	NA	NA-NA	NA	1-373	1
JF491365	NA-NA	NA	NA-NA	NA	1-373	1
HM630269	NA-NA	NA	NA-NA	NA	1-373	1
HM630268	NA-NA	NA	NA-NA	NA	1-373	1
MF741186	NA-NA	NA	0-297	1	NA-NA	NA
MF741181	NA-NA	NA	0-297	1	NA-NA	NA
MF741180	NA-NA	NA	0-297	1	NA-NA	NA
MF741179	NA-NA	NA	0-297	1	NA-NA	NA
MF741178	NA-NA	NA	0-297	1	NA-NA	NA
MF741177	NA-NA	NA	0-297	1	NA-NA	NA
MF741176	NA-NA	NA	0-297	1	NA-NA	NA
MF741187	NA-NA	NA	0-297	1	NA-NA	NA
MF741185	NA-NA	NA	0-297	1	NA-NA	NA
MF741184	NA-NA	NA	0-297	1	NA-NA	NA
MF741183	NA-NA	NA	0-297	1	NA-NA	NA
MF741182	NA-NA	NA	0-297	1	NA-NA	NA
MH511538	NA-NA	NA	0-347	1	NA-NA	NA
MH511537	NA-NA	NA	0-347	1	NA-NA	NA
MH511536	NA-NA	NA	0-326	1	NA-NA	NA
MH511535	NA-NA	NA	0-320	1	NA-NA	NA
MH511534	NA-NA	NA	0-326	1	NA-NA	NA
MH511533	NA-NA	NA	0-326	1	NA-NA	NA
MH511532	NA-NA	NA	0-326	1	NA-NA	NA
MH511531	NA-NA	NA	0-317	1	NA-NA	NA
MH511530	NA-NA	NA	0-326	1	NA-NA	NA
MH511529	NA-NA	NA	0-326	1	NA-NA	NA
MH511528	NA-NA	NA	0-347	1	NA-NA	NA
MH511527	NA-NA	NA	0-347	1	NA-NA	NA
MH511526	NA-NA	NA	0-326	1	NA-NA	NA
MH511525	NA-NA	NA	0-320	1	NA-NA	NA
MH511524	NA-NA	NA	0-326	1	NA-NA	NA
MH425243	81-2631	1	2564-4076	1	4068-6618	1
MH716817	NA-NA	NA	0-483	1	NA-NA	NA
MH716816	NA-NA	NA	0-906	1	NA-NA	NA
MH716815	NA-NA	NA	0-201	1	NA-NA	NA
MK059956	83-2846	1	2785-4333	1	4325-6674	1
MK059955	83-2849	1	2788-4336	1	4328-6704	1
MK059954	82-2848	1	2787-4335	1	4327-6664	1
MK059953	83-2822	1	2761-4309	1	4301-6653	1
MK059952	84-2847	1	2786-4334	1	4326-6642	1
MK059951	85-2869	1	2808-4356	1	4348-6733	1
MK059950	82-2845	1	2784-4332	1	4324-6718	1
MK059949	85-2848	1	2787-4335	1	4327-6691	1
MG930777	51-2526	1	2477-3989	1	3981-6321	1
MG478498	NA-NA	NA	0-419	1	NA-NA	NA
MG478497	NA-NA	NA	0-419	1	NA-NA	NA
KY807085	13-3268	1	3258-4809	1	4827-6942	1
MH446377	75-2883	1	2822-4370	1	4362-5003	1
KY370024	NA-NA	NA	0-346	1	NA-NA	NA
KY370023	NA-NA	NA	0-339	1	NA-NA	NA
KY370022	NA-NA	NA	0-342	1	NA-NA	NA
KY370021	NA-NA	NA	0-369	1	NA-NA	NA
KY370020	NA-NA	NA	0-330	1	NA-NA	NA
KY370019	NA-NA	NA	0-342	1	NA-NA	NA
KY370018	NA-NA	NA	0-345	1	NA-NA	NA
KY370017	NA-NA	NA	0-363	1	NA-NA	NA
KY370016	NA-NA	NA	0-342	1	NA-NA	NA
KY370015	NA-NA	NA	0-336	1	NA-NA	NA
KY370014	NA-NA	NA	0-338	1	NA-NA	NA
KY370013	NA-NA	NA	0-404	1	NA-NA	NA
KY370012	NA-NA	NA	0-401	1	NA-NA	NA
KY370011	NA-NA	NA	0-404	1	NA-NA	NA
KY370010	NA-NA	NA	0-343	1	NA-NA	NA
KY370009	NA-NA	NA	0-404	1	NA-NA	NA
KY370008	NA-NA	NA	0-404	1	NA-NA	NA
KY370007	NA-NA	NA	0-403	1	NA-NA	NA
KY370006	NA-NA	NA	0-410	1	NA-NA	NA
KY370005	NA-NA	NA	0-348	1	NA-NA	NA
KY370004	NA-NA	NA	0-351	1	NA-NA	NA
KY370003	NA-NA	NA	0-401	1	NA-NA	NA
KY370002	NA-NA	NA	0-404	1	NA-NA	NA
KY370001	NA-NA	NA	0-404	1	NA-NA	NA
KY370000	NA-NA	NA	0-401	1	NA-NA	NA
KY369999	NA-NA	NA	0-347	1	NA-NA	NA
KY369998	NA-NA	NA	0-335	1	NA-NA	NA
KY369997	NA-NA	NA	0-345	1	NA-NA	NA
KY369996	NA-NA	NA	0-347	1	NA-NA	NA
KY369995	NA-NA	NA	0-404	1	NA-NA	NA
KY369994	NA-NA	NA	0-404	1	NA-NA	NA
KY369993	NA-NA	NA	0-338	1	NA-NA	NA
KY369992	NA-NA	NA	0-341	1	NA-NA	NA
KY369991	NA-NA	NA	0-339	1	NA-NA	NA
KY369990	NA-NA	NA	0-350	1	NA-NA	NA
KY369989	NA-NA	NA	0-343	1	NA-NA	NA
KY369988	NA-NA	NA	0-350	1	NA-NA	NA
KY369987	NA-NA	NA	0-349	1	NA-NA	NA
KY369986	NA-NA	NA	0-404	1	NA-NA	NA
KY369985	NA-NA	NA	0-401	1	NA-NA	NA
KY369984	NA-NA	NA	0-404	1	NA-NA	NA
KY369983	NA-NA	NA	0-404	1	NA-NA	NA
KY369982	NA-NA	NA	0-340	1	NA-NA	NA
KY369981	NA-NA	NA	0-428	1	NA-NA	NA
KY369980	NA-NA	NA	0-404	1	NA-NA	NA
KY369979	NA-NA	NA	0-322	1	NA-NA	NA
KY369978	NA-NA	NA	0-383	1	NA-NA	NA
KY369977	NA-NA	NA	0-374	1	NA-NA	NA
KY369976	NA-NA	NA	0-383	1	NA-NA	NA
KY369975	NA-NA	NA	0-378	1	NA-NA	NA
KY369974	NA-NA	NA	0-384	1	NA-NA	NA
KY369973	NA-NA	NA	0-380	1	NA-NA	NA
KY369972	NA-NA	NA	0-375	1	NA-NA	NA
KY369971	NA-NA	NA	0-377	1	NA-NA	NA
KY369970	NA-NA	NA	0-386	1	NA-NA	NA
MH446381	1-945	1	NA-NA	NA	NA-NA	NA
MH446382	NA-NA	NA	0-168	1	160-810	1
MH446380	NA-NA	NA	1-196	1	188-838	1
MH446379	1-946	1	NA-NA	NA	NA-NA	NA
MH446378	NA-NA	NA	1-196	1	188-829	1
MG957150	NA-NA	NA	0-422	1	NA-NA	NA
MG957149	NA-NA	NA	0-422	1	NA-NA	NA
MG957148	NA-NA	NA	0-422	1	NA-NA	NA
MG957147	NA-NA	NA	0-422	1	NA-NA	NA
MH318022	75-1866	1	NA-NA	NA	NA-NA	NA
MH318027	1-918	1	NA-NA	NA	NA-NA	NA
MH318025	1-918	1	NA-NA	NA	NA-NA	NA
MH318024	2-694	1	NA-NA	NA	NA-NA	NA
MH318021	2-1117	1	NA-NA	NA	NA-NA	NA
MH318019	2-694	1	NA-NA	NA	NA-NA	NA
MH318018	1-945	1	NA-NA	NA	NA-NA	NA
MH453801	0-2992	1	2993-4520	1	4539-6585	1
MH453800	0-3184	1	3185-4661	1	4654-6649	1
MG599912	183-2829	1	2828-4313	1	4481-6010	1
MG599904	1-2533	1	2532-4323	1	4315-6727	1
MG599899	59-3416	1	3415-4951	1	5049-6337	1
MG599895	0-2271	1	2270-3776	1	3947-6014	1
MG599888	0-2397	1	2396-3926	1	3864-5898	1
MG599886	2-2297	1	2296-4324	1	4100-6128	1
MG599935	NA-NA	NA	0-1584	1	1306-3478	1
MG599934	NA-NA	NA	2-1274	1	1239-3270	1
MG599931	2-1517	1	1516-3022	1	3040-5191	1
MG599929	2-3242	1	3241-4777	1	4862-6599	1
MG599927	0-2016	1	2015-3551	1	3636-4531	1
MG599922	1-2314	1	2313-3864	1	3860-5909	1
MG599920	1-3556	1	3555-5508	1	5443-6783	1
MG599919	NA-NA	NA	396-1671	1	1716-4104	1
MG599918	2-2924	1	2923-4447	1	4487-6938	1
MG599917	0-2286	1	NA-NA	NA	3824-6341	1
MG599916	1-649	1	648-2166	1	2210-4826	1
MG599909	1-2545	1	2544-4134	1	3916-6364	1
MG599907	2-2960	1	2959-4948	1	4776-7086	1
MG599906	2-2591	1	2590-4048	1	3884-6215	1
MG599905	0-2019	1	2018-3911	1	3867-6324	1
MG599900	2-734	1	733-2272	1	2390-4142	1
MG599896	1-184	1	185-1571	1	1664-3548	1
MG599894	2-1115	1	1114-2665	1	2649-4401	1
MG599891	191-3479	1	3478-4990	1	4994-6885	1
MG599889	1-2602	1	2601-4185	1	4051-6151	1
MG599885	0-3246	1	3299-4778	1	4863-6600	1
MG599884	154-3547	1	3663-5088	1	5166-5518	1
MG599881	1-1006	1	1005-2541	1	2626-4363	1
MG599880	1-1102	1	1155-2460	1	2345-3611	1
MG599936	23-2825	1	2824-4465	1	4307-6455	1
MG599933	85-2941	1	2940-4917	1	4852-7585	1
MG599932	70-2584	1	2583-4380	1	4096-6406	1
MG599930	232-2917	1	2916-4476	1	4460-6491	1
MG599928	172-3580	1	3579-5124	1	5202-6930	1
MG599926	32-3266	1	3265-4801	1	4886-6623	1
MG599925	17-3320	1	3319-4840	1	5005-6661	1
MG599924	14-3122	1	3121-4654	1	4757-6440	1
MG599923	387-3021	1	3020-4667	1	4558-6373	1
MG599921	21-3357	1	3356-4880	1	4892-6815	1
MG599915	38-3395	1	3394-5383	1	5130-7512	1
MG599914	29-3158	1	3157-5146	1	4875-7224	1
MG599913	569-3623	1	3622-5215	1	5174-7214	1
MG599911	33-2756	1	2756-4454	1	4272-6516	1
MG599910	5-3212	1	3211-4735	1	4758-7269	1
MG599908	168-2904	1	2903-4475	1	4467-6750	1
MG599903	39-2709	1	2708-4238	1	4218-6480	1
MG599902	50-2453	1	2452-3925	1	3943-6046	1
MG599901	152-3617	1	3616-5155	1	5253-6948	1
MG599898	226-3232	1	3231-6528	1	NA-NA	NA
MG599897	41-3185	1	3271-4657	1	4726-6727	1
MG599893	230-3449	1	3448-4954	1	5099-7157	1
MG599892	191-3602	1	3670-5056	1	5069-7103	1
MG599890	300-3471	1	3470-4973	1	4984-7219	1
MG599887	35-2474	1	2473-4117	1	3969-6306	1
MG599883	451-2674	1	2673-5526	1	4144-6034	1
MG599882	134-2552	1	2692-5092	1	3986-5948	1
MH791394	NA-NA	NA	0-501	1	NA-NA	NA
MH253878	NA-NA	NA	NA-NA	NA	0-2445	1
MH253877	NA-NA	NA	NA-NA	NA	0-2445	1
MH253876	NA-NA	NA	NA-NA	NA	0-2451	1
MH253875	NA-NA	NA	NA-NA	NA	0-2451	1
MH253874	NA-NA	NA	NA-NA	NA	0-2451	1
MH253873	NA-NA	NA	NA-NA	NA	0-2451	1
MH253872	NA-NA	NA	NA-NA	NA	0-2451	1
MH253871	NA-NA	NA	NA-NA	NA	0-2451	1
MH253870	NA-NA	NA	NA-NA	NA	0-2451	1
MH253869	NA-NA	NA	NA-NA	NA	0-2451	1
MH253868	NA-NA	NA	NA-NA	NA	0-2451	1
MH253867	NA-NA	NA	NA-NA	NA	0-2451	1
MH253866	NA-NA	NA	NA-NA	NA	0-2448	1
MH253865	NA-NA	NA	NA-NA	NA	0-2451	1
MH253864	NA-NA	NA	NA-NA	NA	0-2448	1
MH253863	NA-NA	NA	NA-NA	NA	0-2451	1
MH253862	NA-NA	NA	NA-NA	NA	0-2451	1
MH253861	NA-NA	NA	NA-NA	NA	0-2451	1
MH253860	NA-NA	NA	NA-NA	NA	0-2451	1
MH253859	NA-NA	NA	NA-NA	NA	0-2451	1
MH253858	NA-NA	NA	0-419	1	NA-NA	NA
MH253857	NA-NA	NA	0-419	1	NA-NA	NA
MH253856	NA-NA	NA	0-419	1	NA-NA	NA
MH253855	NA-NA	NA	0-419	1	NA-NA	NA
MH253854	NA-NA	NA	0-419	1	NA-NA	NA
MH253853	NA-NA	NA	0-419	1	NA-NA	NA
MH253852	NA-NA	NA	0-419	1	NA-NA	NA
MH253851	NA-NA	NA	0-419	1	NA-NA	NA
MH253850	NA-NA	NA	0-419	1	NA-NA	NA
MH253849	NA-NA	NA	0-419	1	NA-NA	NA
MH253848	NA-NA	NA	0-419	1	NA-NA	NA
MH253847	NA-NA	NA	0-419	1	NA-NA	NA
MH253846	NA-NA	NA	0-419	1	NA-NA	NA
MH253845	NA-NA	NA	0-419	1	NA-NA	NA
MH253844	NA-NA	NA	0-419	1	NA-NA	NA
MH253843	NA-NA	NA	0-419	1	NA-NA	NA
MH253842	NA-NA	NA	0-419	1	NA-NA	NA
MH253841	NA-NA	NA	0-419	1	NA-NA	NA
MH253840	NA-NA	NA	0-419	1	NA-NA	NA
MH253839	NA-NA	NA	0-419	1	NA-NA	NA
MH835436	NA-NA	NA	0-378	1	NA-NA	NA
MH835435	NA-NA	NA	0-825	1	NA-NA	NA
MH835434	NA-NA	NA	0-1017	1	NA-NA	NA
MH835433	0-360	1	NA-NA	NA	NA-NA	NA
MH410610	22-3304	1	3294-4839	1	4868-6983	1
MG841043	NA-NA	NA	1-382	1	NA-NA	NA
MG841042	NA-NA	NA	1-382	1	NA-NA	NA
MG841041	NA-NA	NA	1-382	1	NA-NA	NA
MG841040	NA-NA	NA	1-382	1	NA-NA	NA
MG841039	NA-NA	NA	1-382	1	NA-NA	NA
MG841038	NA-NA	NA	1-382	1	NA-NA	NA
MG841037	NA-NA	NA	1-382	1	NA-NA	NA
MG841036	NA-NA	NA	1-382	1	NA-NA	NA
MG841035	NA-NA	NA	1-382	1	NA-NA	NA
MG841034	NA-NA	NA	1-382	1	NA-NA	NA
MG841033	NA-NA	NA	1-382	1	NA-NA	NA
MG841032	NA-NA	NA	1-382	1	NA-NA	NA
MG841031	NA-NA	NA	1-382	1	NA-NA	NA
MG841030	NA-NA	NA	1-382	1	NA-NA	NA
MG841029	NA-NA	NA	1-382	1	NA-NA	NA
MG841028	NA-NA	NA	1-382	1	NA-NA	NA
MG841027	NA-NA	NA	1-382	1	NA-NA	NA
MG841026	NA-NA	NA	1-382	1	NA-NA	NA
MG841025	NA-NA	NA	1-382	1	NA-NA	NA
MG841024	NA-NA	NA	1-382	1	NA-NA	NA
MG841023	NA-NA	NA	1-382	1	NA-NA	NA
MG841022	NA-NA	NA	1-382	1	NA-NA	NA
MG841021	NA-NA	NA	1-382	1	NA-NA	NA
MG841020	NA-NA	NA	1-382	1	NA-NA	NA
MG841019	NA-NA	NA	1-382	1	NA-NA	NA
MG841018	NA-NA	NA	1-382	1	NA-NA	NA
MG841017	NA-NA	NA	1-382	1	NA-NA	NA
MG841016	NA-NA	NA	1-382	1	NA-NA	NA
MG841015	NA-NA	NA	1-382	1	NA-NA	NA
MG841014	NA-NA	NA	1-382	1	NA-NA	NA
MG841013	NA-NA	NA	1-382	1	NA-NA	NA
MG841012	NA-NA	NA	1-379	1	NA-NA	NA
MG841011	NA-NA	NA	1-382	1	NA-NA	NA
MG841010	NA-NA	NA	1-382	1	NA-NA	NA
MG841009	NA-NA	NA	1-382	1	NA-NA	NA
MG841008	NA-NA	NA	1-382	1	NA-NA	NA
MG841007	NA-NA	NA	1-382	1	NA-NA	NA
MG841006	NA-NA	NA	1-382	1	NA-NA	NA
MG841005	NA-NA	NA	1-382	1	NA-NA	NA
MG841004	NA-NA	NA	1-382	1	NA-NA	NA
MG841003	NA-NA	NA	1-382	1	NA-NA	NA
MG841002	NA-NA	NA	1-382	1	NA-NA	NA
MG841001	NA-NA	NA	1-382	1	NA-NA	NA
MG841000	NA-NA	NA	1-382	1	NA-NA	NA
MG840999	NA-NA	NA	1-382	1	NA-NA	NA
MG840998	NA-NA	NA	1-382	1	NA-NA	NA
MG840997	NA-NA	NA	1-382	1	NA-NA	NA
MG840996	NA-NA	NA	1-382	1	NA-NA	NA
MG840995	NA-NA	NA	1-382	1	NA-NA	NA
MG840994	NA-NA	NA	1-382	1	NA-NA	NA
MG840993	NA-NA	NA	1-382	1	NA-NA	NA
MG840992	NA-NA	NA	1-382	1	NA-NA	NA
MG840991	NA-NA	NA	1-382	1	NA-NA	NA
MG840990	NA-NA	NA	1-382	1	NA-NA	NA
MG840989	NA-NA	NA	1-382	1	NA-NA	NA
MG840988	NA-NA	NA	1-382	1	NA-NA	NA
MG840987	NA-NA	NA	1-382	1	NA-NA	NA
MG840986	NA-NA	NA	1-382	1	NA-NA	NA
MG840985	NA-NA	NA	1-382	1	NA-NA	NA
MG840984	NA-NA	NA	1-382	1	NA-NA	NA
MG840983	NA-NA	NA	1-382	1	NA-NA	NA
MG840982	NA-NA	NA	1-382	1	NA-NA	NA
MG840981	NA-NA	NA	1-382	1	NA-NA	NA
MG840980	NA-NA	NA	1-382	1	NA-NA	NA
MG840979	NA-NA	NA	1-382	1	NA-NA	NA
MG840978	NA-NA	NA	1-379	1	NA-NA	NA
MG840977	NA-NA	NA	1-379	1	NA-NA	NA
MG840976	NA-NA	NA	1-382	1	NA-NA	NA
MG840975	NA-NA	NA	1-382	1	NA-NA	NA
MG840974	NA-NA	NA	1-382	1	NA-NA	NA
MG840973	NA-NA	NA	1-382	1	NA-NA	NA
MG840972	NA-NA	NA	1-382	1	NA-NA	NA
MG840971	NA-NA	NA	1-382	1	NA-NA	NA
MG840970	NA-NA	NA	1-382	1	NA-NA	NA
MG840969	NA-NA	NA	1-382	1	NA-NA	NA
MG840968	NA-NA	NA	1-382	1	NA-NA	NA
MG840967	NA-NA	NA	1-382	1	NA-NA	NA
MG840966	NA-NA	NA	1-379	1	NA-NA	NA
MG840965	NA-NA	NA	1-379	1	NA-NA	NA
MG840964	NA-NA	NA	1-379	1	NA-NA	NA
MG840963	NA-NA	NA	1-382	1	NA-NA	NA
MG840962	NA-NA	NA	0-381	1	NA-NA	NA
MG840961	NA-NA	NA	1-382	1	NA-NA	NA
MG840960	NA-NA	NA	1-382	1	NA-NA	NA
MG840959	NA-NA	NA	0-381	1	NA-NA	NA
MG840958	NA-NA	NA	0-381	1	NA-NA	NA
MG840957	NA-NA	NA	1-379	1	NA-NA	NA
MG840956	NA-NA	NA	1-379	1	NA-NA	NA
MG840955	NA-NA	NA	1-382	1	NA-NA	NA
MG840954	NA-NA	NA	1-382	1	NA-NA	NA
MG840953	NA-NA	NA	1-382	1	NA-NA	NA
MG840952	NA-NA	NA	1-382	1	NA-NA	NA
MF773737	NA-NA	NA	NA-NA	NA	0-439	1
MF773736	NA-NA	NA	NA-NA	NA	0-439	1
MF773735	NA-NA	NA	NA-NA	NA	1-450	1
MF773734	NA-NA	NA	NA-NA	NA	1-450	1
MF773733	NA-NA	NA	NA-NA	NA	1-450	1
MF773732	NA-NA	NA	NA-NA	NA	1-450	1
MF773731	NA-NA	NA	NA-NA	NA	1-450	1
MF773730	NA-NA	NA	NA-NA	NA	1-450	1
MF773729	NA-NA	NA	NA-NA	NA	1-450	1
MF773728	NA-NA	NA	NA-NA	NA	0-439	1
MF773727	NA-NA	NA	NA-NA	NA	1-440	1
MG882766	NA-NA	NA	1-445	1	463-2578	1
MG882765	NA-NA	NA	1-445	1	463-2578	1
MG882764	NA-NA	NA	1-445	1	463-2578	1
MG924483	NA-NA	NA	NA-NA	NA	0-360	1
MH763692	NA-NA	NA	NA-NA	NA	0-789	1
MH763691	NA-NA	NA	NA-NA	NA	0-826	1
MH325266	NA-NA	NA	0-326	1	NA-NA	NA
MH325265	NA-NA	NA	0-326	1	NA-NA	NA
MH325264	NA-NA	NA	0-326	1	NA-NA	NA
MH325263	NA-NA	NA	0-326	1	NA-NA	NA
MH325262	NA-NA	NA	0-326	1	NA-NA	NA
MH325261	NA-NA	NA	0-326	1	NA-NA	NA
MH325260	NA-NA	NA	0-326	1	NA-NA	NA
MH325259	NA-NA	NA	0-326	1	NA-NA	NA
MH325258	NA-NA	NA	0-326	1	NA-NA	NA
MH325257	NA-NA	NA	0-326	1	NA-NA	NA
MH325256	NA-NA	NA	0-326	1	NA-NA	NA
MH325255	NA-NA	NA	0-326	1	NA-NA	NA
MH325254	NA-NA	NA	0-326	1	NA-NA	NA
MH325253	NA-NA	NA	0-326	1	NA-NA	NA
MH325252	NA-NA	NA	0-326	1	NA-NA	NA
MH325251	NA-NA	NA	0-326	1	NA-NA	NA
MH325250	NA-NA	NA	0-326	1	NA-NA	NA
MH325249	NA-NA	NA	0-326	1	NA-NA	NA
MH325248	NA-NA	NA	0-326	1	NA-NA	NA
MH325247	NA-NA	NA	0-326	1	NA-NA	NA
MH325246	NA-NA	NA	0-326	1	NA-NA	NA
MH325245	NA-NA	NA	0-326	1	NA-NA	NA
MH325244	NA-NA	NA	0-326	1	NA-NA	NA
MH325243	NA-NA	NA	0-326	1	NA-NA	NA
MH325242	NA-NA	NA	0-326	1	NA-NA	NA
MH325241	NA-NA	NA	0-326	1	NA-NA	NA
MH325240	NA-NA	NA	0-326	1	NA-NA	NA
MH325239	NA-NA	NA	0-326	1	NA-NA	NA
MH325238	NA-NA	NA	0-326	1	NA-NA	NA
MH325237	NA-NA	NA	0-326	1	NA-NA	NA
MH325236	NA-NA	NA	0-326	1	NA-NA	NA
MH325235	NA-NA	NA	0-326	1	NA-NA	NA
MH325234	NA-NA	NA	0-326	1	NA-NA	NA
MH325233	NA-NA	NA	0-326	1	NA-NA	NA
MH325232	NA-NA	NA	0-326	1	NA-NA	NA
MH325231	NA-NA	NA	0-326	1	NA-NA	NA
MH325230	NA-NA	NA	0-326	1	NA-NA	NA
MH325229	NA-NA	NA	0-326	1	NA-NA	NA
MH325228	NA-NA	NA	0-326	1	NA-NA	NA
MH325227	NA-NA	NA	0-326	1	NA-NA	NA
MH325226	NA-NA	NA	0-326	1	NA-NA	NA
MH325225	NA-NA	NA	0-326	1	NA-NA	NA
MH325224	NA-NA	NA	0-326	1	NA-NA	NA
MH325223	NA-NA	NA	0-326	1	NA-NA	NA
MH325222	NA-NA	NA	0-326	1	NA-NA	NA
MH325221	NA-NA	NA	0-326	1	NA-NA	NA
MH325220	NA-NA	NA	0-326	1	NA-NA	NA
MH325219	NA-NA	NA	0-326	1	NA-NA	NA
MH325218	NA-NA	NA	0-326	1	NA-NA	NA
MH325217	NA-NA	NA	0-326	1	NA-NA	NA
MH325216	NA-NA	NA	0-326	1	NA-NA	NA
MH325215	NA-NA	NA	0-326	1	NA-NA	NA
MH325214	NA-NA	NA	0-326	1	NA-NA	NA
MH325213	NA-NA	NA	0-326	1	NA-NA	NA
MH282880	NA-NA	NA	1-171	-1	NA-NA	NA
MH282878	NA-NA	NA	1-176	-1	NA-NA	NA
MG557601	NA-NA	NA	NA-NA	NA	2-451	1
MG557600	NA-NA	NA	NA-NA	NA	0-449	1
MG557599	NA-NA	NA	NA-NA	NA	0-449	1
MG557598	NA-NA	NA	NA-NA	NA	0-449	1
MH188020	NA-NA	NA	63-5349	1	NA-NA	NA
MG846415	1-3021	1	3021-4548	1	4567-6571	1
MG846414	NA-NA	NA	NA-NA	NA	0-1611	1
MG846413	0-1109	1	NA-NA	NA	NA-NA	NA
MG846421	NA-NA	NA	0-1095	1	1113-3126	1
MG846420	0-2178	1	2159-2512	1	NA-NA	NA
MG846419	0-1785	1	1766-2477	1	NA-NA	NA
MG846418	NA-NA	NA	NA-NA	NA	6-2169	1
MG846417	NA-NA	NA	0-1140	1	1159-1480	1
MG846416	NA-NA	NA	NA-NA	NA	0-1224	1
NC_037655	131-2438	1	2392-3901	1	3710-6161	1
NC_036583	0-2742	1	2654-4169	1	4161-6747	1
NC_035758	NA-NA	NA	NA-NA	NA	3872-5885	1
NC_035471	NA-NA	NA	NA-NA	NA	3691-5587	1
NC_034975	NA-NA	NA	0-987	1	841-3421	1
NC_034567	22-3304	1	3294-4839	1	4868-6992	1
NC_033821	31-2692	1	2646-4179	1	4171-6538	1
NC_033792	30-2694	1	2651-4190	1	4182-6600	1
NC_032484	NA-NA	NA	7-3679	1	3684-5691	1
NC_032426	NA-NA	NA	76-4294	1	4103-5399	1
NC_032423	NA-NA	NA	NA-NA	NA	3726-5772	1
NC_030922	0-4296	1	NA-NA	NA	4288-6673	1
NC_027711	42-2517	1	2471-3980	1	3972-6234	1
NC_027426	19-2845	1	2859-4344	1	4174-6946	1
NC_026814	45-2715	1	2666-4202	1	4014-6519	1
NC_025346	12-3216	1	3167-4700	1	4692-7251	1
NC_024701	54-2601	1	2612-4151	1	4122-6477	1
NC_024498	51-2637	1	2588-4163	1	4155-6441	1
NC_024472	43-2710	1	2664-4233	1	4036-6442	1
NC_024297	41-2438	1	2392-3901	1	3845-6161	1
NC_023675	74-2627	1	2557-4072	1	4064-6542	1
NC_023674	39-2514	1	2468-3977	1	3969-6219	1
NC_023636	100-2719	1	2682-4191	1	4036-6382	1
NC_023632	22-2470	1	2424-3933	1	3877-6235	1
NC_023631	46-2500	1	2454-3963	1	3907-6226	1
NC_023630	46-2500	1	2454-3963	1	3907-6226	1
NC_023629	43-2491	1	2445-3954	1	3898-6178	1
NC_022249	29-2774	1	2716-4261	1	4253-6698	1
NC_019494	30-2565	1	2522-4091	1	3894-6348	1
NC_019028	14-2378	1	2314-3850	1	3842-6086	1
NC_019027	40-2701	1	2643-4224	1	4213-6403	1
NC_019026	36-2706	1	2567-4229	1	4218-6486	1
NC_018702	46-2830	1	2772-4278	1	4270-6727	1
NC_016155	14-2378	1	2314-3850	1	3842-6080	1
NC_016896	103-2662	1	2541-4110	1	4102-6640	1
NC_015935	14-2564	1	NA-NA	NA	4061-6185	1
NC_013443	42-2657	1	2660-4232	1	4221-6417	1
NC_013060	38-2699	1	2653-4222	1	4211-6488	1
NC_012437	22-3745	1	3735-5286	1	5309-7505	1
NC_011400	14-2378	1	2314-3850	1	3842-6113	1
NC_005790	20-3398	1	3397-4936	1	4954-7129	1
NC_004579	26-2651	1	2614-4171	1	4174-6502	1
NC_003790	13-3028	1	3027-4551	1	4570-6622	1
NC_002470	10-3310	1	3306-4839	1	4857-6873	1
NC_002469	45-2580	1	2534-4100	1	4092-6381	1
NC_001943	85-2845	1	2844-4380	1	4372-6733	1
MG934571	18-3273	1	3263-4814	1	4832-6947	1
KY765684	51-2721	1	2672-4208	1	4020-6474	1
MF768270	NA-NA	NA	NA-NA	NA	4572-6594	1
MH064176	NA-NA	NA	0-383	1	NA-NA	NA
MH064175	NA-NA	NA	0-383	1	NA-NA	NA
MH064174	NA-NA	NA	0-383	1	NA-NA	NA
MH064173	NA-NA	NA	0-383	1	NA-NA	NA
MF684776	85-2887	1	2826-4374	1	4366-6718	1
MH424412	NA-NA	NA	0-381	1	NA-NA	NA
MH424411	NA-NA	NA	0-381	1	NA-NA	NA
MH424410	NA-NA	NA	1-377	1	NA-NA	NA
MH013995	NA-NA	NA	0-401	1	NA-NA	NA
MH013994	NA-NA	NA	0-401	1	NA-NA	NA
MH013993	NA-NA	NA	0-401	1	NA-NA	NA
MH013992	NA-NA	NA	0-401	1	NA-NA	NA
MH013991	NA-NA	NA	0-401	1	NA-NA	NA
MH013990	NA-NA	NA	0-401	1	NA-NA	NA
MH013989	NA-NA	NA	0-401	1	NA-NA	NA
MH013988	NA-NA	NA	0-401	1	NA-NA	NA
MH013987	NA-NA	NA	0-401	1	NA-NA	NA
MH013986	NA-NA	NA	0-401	1	NA-NA	NA
MH013985	NA-NA	NA	0-401	1	NA-NA	NA
MH013984	NA-NA	NA	0-401	1	NA-NA	NA
MH013983	NA-NA	NA	0-401	1	NA-NA	NA
MH013982	NA-NA	NA	0-401	1	NA-NA	NA
MH013981	NA-NA	NA	0-401	1	NA-NA	NA
MH013980	NA-NA	NA	0-401	1	NA-NA	NA
MH013979	NA-NA	NA	0-398	1	NA-NA	NA
MH013978	NA-NA	NA	0-398	1	NA-NA	NA
MH013977	NA-NA	NA	0-398	1	NA-NA	NA
MH013976	NA-NA	NA	0-401	1	NA-NA	NA
MH013975	NA-NA	NA	0-392	1	NA-NA	NA
MH013974	NA-NA	NA	0-401	1	NA-NA	NA
MH013973	NA-NA	NA	0-401	1	NA-NA	NA
MH013972	NA-NA	NA	0-401	1	NA-NA	NA
MH013971	NA-NA	NA	0-401	1	NA-NA	NA
MH013970	NA-NA	NA	0-401	1	NA-NA	NA
MH013969	NA-NA	NA	0-401	1	NA-NA	NA
MH013968	NA-NA	NA	0-401	1	NA-NA	NA
MH013967	NA-NA	NA	0-401	1	NA-NA	NA
MH013966	NA-NA	NA	0-401	1	NA-NA	NA
MH013965	NA-NA	NA	0-401	1	NA-NA	NA
MG004212	NA-NA	NA	0-301	1	NA-NA	NA
MG004211	NA-NA	NA	0-301	1	NA-NA	NA
MG004210	NA-NA	NA	0-301	1	NA-NA	NA
MG004209	NA-NA	NA	0-301	1	NA-NA	NA
MG004208	NA-NA	NA	0-301	1	NA-NA	NA
MG004207	NA-NA	NA	0-301	1	NA-NA	NA
MG004206	NA-NA	NA	0-301	1	NA-NA	NA
MG004205	NA-NA	NA	0-301	1	NA-NA	NA
MG004204	NA-NA	NA	0-301	1	NA-NA	NA
MG004203	NA-NA	NA	0-301	1	NA-NA	NA
MG004202	NA-NA	NA	0-301	1	NA-NA	NA
MG004201	NA-NA	NA	0-301	1	NA-NA	NA
MG004200	NA-NA	NA	0-301	1	NA-NA	NA
MG004199	NA-NA	NA	0-301	1	NA-NA	NA
MG004198	NA-NA	NA	0-301	1	NA-NA	NA
MG004197	NA-NA	NA	0-301	1	NA-NA	NA
MG004196	NA-NA	NA	0-302	1	NA-NA	NA
MG004195	NA-NA	NA	0-301	1	NA-NA	NA
MG571777	81-2844	1	2783-4331	1	4323-6708	1
MG660832	131-2438	1	2392-3901	1	3710-6161	1
MH052598	245-3350	1	3340-4891	1	4909-7024	1
MF509886	NA-NA	NA	1-473	1	NA-NA	NA
MF509885	NA-NA	NA	1-473	1	NA-NA	NA
MF509884	NA-NA	NA	1-473	1	NA-NA	NA
MF509883	NA-NA	NA	1-473	1	NA-NA	NA
MF509882	NA-NA	NA	1-473	1	NA-NA	NA
MF509881	NA-NA	NA	1-473	1	NA-NA	NA
LT898434	32-2507	1	2458-3970	1	3962-6281	1
LT898424	32-2561	1	2518-4087	1	3890-6341	1
LT706531	45-2595	1	2549-4115	1	4107-6387	1
LT706530	45-2595	1	2549-4115	1	4107-6387	1
MF491634	NA-NA	NA	0-354	1	NA-NA	NA
LC341267	52-2638	1	2589-4164	1	4156-6442	1
MF380437	NA-NA	NA	NA-NA	NA	0-739	1
MF380440	NA-NA	NA	0-384	1	NA-NA	NA
MF380439	NA-NA	NA	0-384	1	NA-NA	NA
MF380438	NA-NA	NA	0-384	1	NA-NA	NA
MF416961	NA-NA	NA	0-284	1	NA-NA	NA
MF416960	NA-NA	NA	0-322	1	NA-NA	NA
MF416959	NA-NA	NA	0-322	1	NA-NA	NA
MF416958	NA-NA	NA	0-279	1	NA-NA	NA
MF416957	NA-NA	NA	0-322	1	NA-NA	NA
MF416956	NA-NA	NA	0-322	1	NA-NA	NA
MF416955	NA-NA	NA	0-322	1	NA-NA	NA
MF416954	NA-NA	NA	0-322	1	NA-NA	NA
MF416953	NA-NA	NA	0-322	1	NA-NA	NA
MF416952	NA-NA	NA	0-322	1	NA-NA	NA
MF416951	NA-NA	NA	0-322	1	NA-NA	NA
MF416950	NA-NA	NA	NA-NA	NA	0-859	1
MF416949	NA-NA	NA	NA-NA	NA	0-859	1
MF416948	NA-NA	NA	NA-NA	NA	0-859	1
MF416947	NA-NA	NA	NA-NA	NA	0-586	1
MF416946	NA-NA	NA	NA-NA	NA	0-859	1
MF416945	NA-NA	NA	NA-NA	NA	0-858	1
MF405736	NA-NA	NA	NA-NA	NA	0-739	1
MF405735	NA-NA	NA	NA-NA	NA	0-739	1
MF405734	NA-NA	NA	NA-NA	NA	0-739	1
MF405733	NA-NA	NA	NA-NA	NA	0-739	1
KC411816	0-505	1	NA-NA	NA	NA-NA	NA
MF772821	10-3265	1	3255-4806	1	4824-6939	1
MF175075	25-2803	1	2745-4251	1	4243-6700	1
MF175073	18-2229	1	2177-3728	1	3717-6162	1
KY807083	NA-NA	NA	1-391	1	NA-NA	NA
KY807082	NA-NA	NA	1-391	1	NA-NA	NA
KY807081	NA-NA	NA	1-391	1	NA-NA	NA
KY807080	NA-NA	NA	1-391	1	NA-NA	NA
KY807079	NA-NA	NA	1-391	1	NA-NA	NA
MF576430	NA-NA	NA	0-437	1	NA-NA	NA
KY855442	18-2499	1	2426-3968	1	3960-6375	1
KY855441	18-2499	1	2426-3968	1	3960-6375	1
KY855440	18-2499	1	2426-3968	1	3960-6375	1
KY855439	18-2499	1	2426-3968	1	3960-6375	1
KY855438	12-2481	1	2194-4258	1	4250-6617	1
KY855437	12-2769	1	2648-4256	1	4248-6648	1
MF596153	NA-NA	NA	NA-NA	NA	2-1977	1
MF683403	NA-NA	NA	0-442	1	NA-NA	NA
MF683402	NA-NA	NA	0-398	1	NA-NA	NA
MF683401	NA-NA	NA	0-449	1	NA-NA	NA
MF683400	NA-NA	NA	0-443	1	NA-NA	NA
MH028405	126-3182	1	3182-4709	1	4728-6672	1
GQ351328	NA-NA	NA	1-196	1	188-810	1
GQ351343	NA-NA	NA	NA-NA	NA	1-373	1
GQ351342	NA-NA	NA	NA-NA	NA	1-373	1
GQ351341	NA-NA	NA	NA-NA	NA	1-373	1
GQ351340	NA-NA	NA	NA-NA	NA	1-373	1
GQ351339	NA-NA	NA	NA-NA	NA	1-373	1
GQ351338	NA-NA	NA	NA-NA	NA	1-373	1
GQ351337	NA-NA	NA	NA-NA	NA	1-373	1
GQ351336	NA-NA	NA	NA-NA	NA	1-373	1
GQ351335	NA-NA	NA	NA-NA	NA	1-373	1
GQ351334	NA-NA	NA	NA-NA	NA	1-373	1
GQ351333	NA-NA	NA	NA-NA	NA	1-373	1
GQ351332	NA-NA	NA	NA-NA	NA	1-373	1
GQ351331	NA-NA	NA	NA-NA	NA	1-373	1
GQ351330	NA-NA	NA	NA-NA	NA	1-373	1
GQ351329	NA-NA	NA	NA-NA	NA	1-373	1
GQ351327	NA-NA	NA	NA-NA	NA	1-373	1
GQ351326	NA-NA	NA	NA-NA	NA	1-373	1
GQ351325	NA-NA	NA	NA-NA	NA	1-373	1
KY744141	NA-NA	NA	1-736	1	728-3092	1
KY744140	NA-NA	NA	1-736	1	728-3092	1
KY744139	NA-NA	NA	1-736	1	728-3092	1
KY744138	NA-NA	NA	1-736	1	728-3092	1
KY744137	NA-NA	NA	1-736	1	728-3092	1
KY775077	NA-NA	NA	0-384	1	NA-NA	NA
KY775076	NA-NA	NA	0-399	1	NA-NA	NA
KY775075	NA-NA	NA	0-390	1	NA-NA	NA
KY775074	NA-NA	NA	0-396	1	NA-NA	NA
MF973555	NA-NA	NA	0-580	1	NA-NA	NA
MF973554	NA-NA	NA	0-580	1	NA-NA	NA
MF973553	NA-NA	NA	0-580	1	NA-NA	NA
MF973552	NA-NA	NA	0-580	1	NA-NA	NA
MF973551	NA-NA	NA	0-580	1	NA-NA	NA
MF973550	NA-NA	NA	0-580	1	NA-NA	NA
MF973549	NA-NA	NA	0-580	1	NA-NA	NA
MF973548	NA-NA	NA	0-580	1	NA-NA	NA
MF973547	NA-NA	NA	0-580	1	NA-NA	NA
MF973546	NA-NA	NA	0-580	1	NA-NA	NA
MF973545	NA-NA	NA	0-580	1	NA-NA	NA
MF973544	NA-NA	NA	0-580	1	NA-NA	NA
MF973543	NA-NA	NA	0-580	1	NA-NA	NA
MF973542	NA-NA	NA	0-580	1	NA-NA	NA
MF973541	NA-NA	NA	0-580	1	NA-NA	NA
MF973540	NA-NA	NA	0-580	1	NA-NA	NA
MF973539	NA-NA	NA	0-580	1	NA-NA	NA
MF973538	NA-NA	NA	0-580	1	NA-NA	NA
MF973537	NA-NA	NA	0-580	1	NA-NA	NA
MF973536	NA-NA	NA	0-580	1	NA-NA	NA
MF973535	NA-NA	NA	0-580	1	NA-NA	NA
MF973534	NA-NA	NA	0-580	1	NA-NA	NA
MF973533	NA-NA	NA	0-580	1	NA-NA	NA
MF973532	NA-NA	NA	0-580	1	NA-NA	NA
MF973531	NA-NA	NA	0-580	1	NA-NA	NA
MF973530	NA-NA	NA	0-580	1	NA-NA	NA
MF973529	NA-NA	NA	0-580	1	NA-NA	NA
MF973528	0-502	1	NA-NA	NA	NA-NA	NA
MF973527	0-502	1	NA-NA	NA	NA-NA	NA
MF973526	0-502	1	NA-NA	NA	NA-NA	NA
MF973525	0-502	1	NA-NA	NA	NA-NA	NA
MF973524	0-502	1	NA-NA	NA	NA-NA	NA
MF973523	0-502	1	NA-NA	NA	NA-NA	NA
MF973522	0-502	1	NA-NA	NA	NA-NA	NA
MF973521	0-502	1	NA-NA	NA	NA-NA	NA
MF973520	0-502	1	NA-NA	NA	NA-NA	NA
MF973519	0-502	1	NA-NA	NA	NA-NA	NA
MF973518	0-502	1	NA-NA	NA	NA-NA	NA
MF973517	0-502	1	NA-NA	NA	NA-NA	NA
MF973516	0-502	1	NA-NA	NA	NA-NA	NA
MF973515	0-502	1	NA-NA	NA	NA-NA	NA
MF973514	0-502	1	NA-NA	NA	NA-NA	NA
MF973513	0-502	1	NA-NA	NA	NA-NA	NA
MF973512	0-502	1	NA-NA	NA	NA-NA	NA
MF973511	0-502	1	NA-NA	NA	NA-NA	NA
MF973510	0-502	1	NA-NA	NA	NA-NA	NA
MF973509	0-502	1	NA-NA	NA	NA-NA	NA
MF973508	0-502	1	NA-NA	NA	NA-NA	NA
MF973507	0-502	1	NA-NA	NA	NA-NA	NA
MF973506	0-502	1	NA-NA	NA	NA-NA	NA
MF973505	0-502	1	NA-NA	NA	NA-NA	NA
MF973504	0-502	1	NA-NA	NA	NA-NA	NA
MF973503	0-502	1	NA-NA	NA	NA-NA	NA
MF973502	0-502	1	NA-NA	NA	NA-NA	NA
MF973501	43-2713	1	2664-4200	1	4012-6511	1
MF973500	43-2713	1	2664-4200	1	4012-6541	1
MF973499	NA-NA	NA	NA-NA	NA	0-2517	1
MF973498	NA-NA	NA	NA-NA	NA	0-2505	1
MF973497	NA-NA	NA	NA-NA	NA	0-2496	1
MF973496	NA-NA	NA	NA-NA	NA	0-2517	1
MF973495	NA-NA	NA	NA-NA	NA	0-2526	1
EU847145	NA-NA	NA	0-825	1	745-2869	1
EU847144	NA-NA	NA	0-753	1	767-2984	1
EU847155	0-909	1	878-2450	1	2433-4986	1
EU847154	0-687	1	686-2225	1	NA-NA	NA
EU847153	0-693	1	692-2231	1	NA-NA	NA
EU847152	0-699	1	698-2237	1	NA-NA	NA
EU847151	0-693	1	692-2234	1	NA-NA	NA
EU847150	0-684	1	683-2225	1	NA-NA	NA
EU847149	0-687	1	686-2234	1	NA-NA	NA
EU847148	0-687	1	686-2225	1	NA-NA	NA
EU847147	0-670	1	671-2207	1	NA-NA	NA
EU847146	0-768	1	767-2312	1	NA-NA	NA
EU847220	NA-NA	NA	0-387	1	NA-NA	NA
EU847219	NA-NA	NA	0-387	1	NA-NA	NA
EU847218	NA-NA	NA	0-387	1	NA-NA	NA
EU847217	NA-NA	NA	0-387	1	NA-NA	NA
EU847216	NA-NA	NA	0-387	1	NA-NA	NA
EU847215	NA-NA	NA	0-387	1	NA-NA	NA
EU847214	NA-NA	NA	0-387	1	NA-NA	NA
EU847213	NA-NA	NA	0-387	1	NA-NA	NA
EU847212	NA-NA	NA	0-387	1	NA-NA	NA
EU847211	NA-NA	NA	0-387	1	NA-NA	NA
EU847210	NA-NA	NA	0-387	1	NA-NA	NA
EU847209	NA-NA	NA	0-387	1	NA-NA	NA
EU847208	NA-NA	NA	0-387	1	NA-NA	NA
EU847207	NA-NA	NA	0-387	1	NA-NA	NA
EU847206	NA-NA	NA	0-387	1	NA-NA	NA
EU847205	NA-NA	NA	0-387	1	NA-NA	NA
EU847204	NA-NA	NA	0-387	1	NA-NA	NA
EU847203	NA-NA	NA	0-387	1	NA-NA	NA
EU847202	NA-NA	NA	0-387	1	NA-NA	NA
EU847201	NA-NA	NA	0-387	1	NA-NA	NA
EU847200	NA-NA	NA	0-387	1	NA-NA	NA
EU847199	NA-NA	NA	0-387	1	NA-NA	NA
EU847198	NA-NA	NA	0-387	1	NA-NA	NA
EU847197	NA-NA	NA	0-387	1	NA-NA	NA
EU847196	NA-NA	NA	0-387	1	NA-NA	NA
EU847195	NA-NA	NA	0-387	1	NA-NA	NA
EU847194	NA-NA	NA	0-387	1	NA-NA	NA
EU847193	NA-NA	NA	0-387	1	NA-NA	NA
EU847192	NA-NA	NA	0-387	1	NA-NA	NA
EU847191	NA-NA	NA	0-387	1	NA-NA	NA
EU847190	NA-NA	NA	0-384	1	NA-NA	NA
EU847189	NA-NA	NA	0-387	1	NA-NA	NA
EU847188	NA-NA	NA	0-387	1	NA-NA	NA
EU847187	NA-NA	NA	0-387	1	NA-NA	NA
EU847186	NA-NA	NA	0-387	1	NA-NA	NA
EU847185	NA-NA	NA	0-387	1	NA-NA	NA
EU847184	NA-NA	NA	0-387	1	NA-NA	NA
EU847183	NA-NA	NA	0-387	1	NA-NA	NA
EU847182	NA-NA	NA	0-387	1	NA-NA	NA
EU847181	NA-NA	NA	0-387	1	NA-NA	NA
EU847180	NA-NA	NA	0-387	1	NA-NA	NA
EU847179	NA-NA	NA	0-387	1	NA-NA	NA
EU847178	NA-NA	NA	0-387	1	NA-NA	NA
EU847177	NA-NA	NA	0-387	1	NA-NA	NA
EU847176	NA-NA	NA	0-387	1	NA-NA	NA
EU847175	NA-NA	NA	0-387	1	NA-NA	NA
EU847174	NA-NA	NA	0-387	1	NA-NA	NA
EU847173	NA-NA	NA	0-387	1	NA-NA	NA
EU847172	NA-NA	NA	0-387	1	NA-NA	NA
EU847171	NA-NA	NA	0-387	1	NA-NA	NA
EU847170	NA-NA	NA	0-387	1	NA-NA	NA
EU847169	NA-NA	NA	0-387	1	NA-NA	NA
EU847168	NA-NA	NA	0-387	1	NA-NA	NA
EU847167	NA-NA	NA	0-387	1	NA-NA	NA
EU847166	NA-NA	NA	0-387	1	NA-NA	NA
EU847165	NA-NA	NA	0-387	1	NA-NA	NA
EU847164	NA-NA	NA	0-387	1	NA-NA	NA
EU847163	NA-NA	NA	0-387	1	NA-NA	NA
EU847162	NA-NA	NA	0-387	1	NA-NA	NA
EU847161	NA-NA	NA	0-384	1	NA-NA	NA
EU847160	NA-NA	NA	0-351	1	NA-NA	NA
EU847159	NA-NA	NA	0-387	1	NA-NA	NA
EU847158	NA-NA	NA	0-387	1	NA-NA	NA
EU847157	NA-NA	NA	0-387	1	NA-NA	NA
EU847156	NA-NA	NA	0-387	1	NA-NA	NA
GQ415660	42-2657	1	2660-4232	1	4221-6417	1
MF983852	NA-NA	NA	0-378	1	NA-NA	NA
MF983851	NA-NA	NA	0-378	1	NA-NA	NA
MF983850	NA-NA	NA	0-342	1	NA-NA	NA
MF983849	NA-NA	NA	1-373	1	NA-NA	NA
MF983848	NA-NA	NA	1-373	1	NA-NA	NA
MF983847	NA-NA	NA	1-373	1	NA-NA	NA
MF983846	NA-NA	NA	1-373	1	NA-NA	NA
MF983845	NA-NA	NA	1-373	1	NA-NA	NA
MF983844	NA-NA	NA	1-373	1	NA-NA	NA
MF983843	NA-NA	NA	1-373	1	NA-NA	NA
MF983842	NA-NA	NA	1-373	1	NA-NA	NA
MF983841	NA-NA	NA	1-373	1	NA-NA	NA
MF983840	NA-NA	NA	1-373	1	NA-NA	NA
MF983839	NA-NA	NA	1-373	1	NA-NA	NA
MF983838	NA-NA	NA	1-373	1	NA-NA	NA
MF983837	NA-NA	NA	1-373	1	NA-NA	NA
MF983836	NA-NA	NA	1-373	1	NA-NA	NA
MF983835	NA-NA	NA	1-373	1	NA-NA	NA
MF983834	NA-NA	NA	1-373	1	NA-NA	NA
MF983833	NA-NA	NA	1-373	1	NA-NA	NA
MF983832	NA-NA	NA	1-373	1	NA-NA	NA
MF983831	NA-NA	NA	1-373	1	NA-NA	NA
MF983830	NA-NA	NA	1-373	1	NA-NA	NA
MF983829	NA-NA	NA	1-373	1	NA-NA	NA
MF983828	NA-NA	NA	1-373	1	NA-NA	NA
MF983827	NA-NA	NA	1-373	1	NA-NA	NA
MF983826	NA-NA	NA	1-373	1	NA-NA	NA
MF983825	NA-NA	NA	1-373	1	NA-NA	NA
MF983824	NA-NA	NA	1-373	1	NA-NA	NA
MF983823	NA-NA	NA	1-373	1	NA-NA	NA
MF983822	NA-NA	NA	1-373	1	NA-NA	NA
MF983821	NA-NA	NA	1-373	1	NA-NA	NA
MF983820	NA-NA	NA	1-373	1	NA-NA	NA
MF983819	NA-NA	NA	1-373	1	NA-NA	NA
MF983818	NA-NA	NA	1-373	1	NA-NA	NA
MF983817	NA-NA	NA	1-373	1	NA-NA	NA
MF983816	NA-NA	NA	1-373	1	NA-NA	NA
MF983815	NA-NA	NA	1-373	1	NA-NA	NA
MF033386	2-884	1	832-2383	1	2372-4805	1
MF033385	2-941	1	889-2440	1	2429-4874	1
MG383402	NA-NA	NA	NA-NA	NA	2-428	1
MG383401	NA-NA	NA	NA-NA	NA	2-429	1
MG383400	NA-NA	NA	NA-NA	NA	1-366	1
MG383399	NA-NA	NA	NA-NA	NA	0-329	1
KY646154	22-3745	1	3735-5286	1	5309-7505	1
KY230653	NA-NA	NA	0-408	1	NA-NA	NA
KY230652	NA-NA	NA	0-408	1	NA-NA	NA
KY230651	NA-NA	NA	0-408	1	NA-NA	NA
KY230650	NA-NA	NA	0-408	1	NA-NA	NA
KY230649	NA-NA	NA	0-408	1	NA-NA	NA
KY230648	NA-NA	NA	0-408	1	NA-NA	NA
KY230647	NA-NA	NA	0-398	1	NA-NA	NA
KY230646	NA-NA	NA	0-398	1	NA-NA	NA
KY230645	NA-NA	NA	0-398	1	NA-NA	NA
KY230644	NA-NA	NA	0-398	1	NA-NA	NA
KY230643	NA-NA	NA	0-398	1	NA-NA	NA
KY230642	NA-NA	NA	0-398	1	NA-NA	NA
KY230641	NA-NA	NA	0-398	1	NA-NA	NA
KY230640	NA-NA	NA	0-398	1	NA-NA	NA
KY230639	NA-NA	NA	0-398	1	NA-NA	NA
KY230638	NA-NA	NA	0-398	1	NA-NA	NA
KY230637	NA-NA	NA	0-398	1	NA-NA	NA
KY230636	NA-NA	NA	0-398	1	NA-NA	NA
KY230635	NA-NA	NA	0-398	1	NA-NA	NA
KY230634	NA-NA	NA	0-398	1	NA-NA	NA
KY230633	NA-NA	NA	0-398	1	NA-NA	NA
KY230632	NA-NA	NA	0-398	1	NA-NA	NA
KY230631	NA-NA	NA	0-398	1	NA-NA	NA
KY230630	NA-NA	NA	0-398	1	NA-NA	NA
KY230629	NA-NA	NA	0-398	1	NA-NA	NA
KY230628	NA-NA	NA	0-398	1	NA-NA	NA
KY230627	NA-NA	NA	0-398	1	NA-NA	NA
KY230626	NA-NA	NA	0-398	1	NA-NA	NA
KY412127	NA-NA	NA	0-342	1	334-2698	1
KY412126	NA-NA	NA	0-342	1	334-2656	1
KY412125	NA-NA	NA	0-348	1	340-2815	1
KY412124	NA-NA	NA	2-410	1	402-2712	1
KY412123	NA-NA	NA	NA-NA	NA	0-183	1
KY412122	NA-NA	NA	NA-NA	NA	0-183	1
KY412121	NA-NA	NA	NA-NA	NA	0-183	1
KY412120	NA-NA	NA	NA-NA	NA	0-183	1
KY412119	NA-NA	NA	NA-NA	NA	0-101	1
KY412118	NA-NA	NA	NA-NA	NA	0-183	1
KY412117	NA-NA	NA	NA-NA	NA	0-183	1
KY412116	NA-NA	NA	NA-NA	NA	0-183	1
KY412115	NA-NA	NA	NA-NA	NA	0-183	1
KY412114	NA-NA	NA	NA-NA	NA	0-183	1
KY412113	NA-NA	NA	NA-NA	NA	0-183	1
KY412112	NA-NA	NA	NA-NA	NA	0-183	1
KY412111	NA-NA	NA	NA-NA	NA	0-183	1
KY412110	NA-NA	NA	NA-NA	NA	0-183	1
KY412109	NA-NA	NA	NA-NA	NA	0-183	1
KY412108	NA-NA	NA	NA-NA	NA	0-183	1
KY412107	NA-NA	NA	NA-NA	NA	0-183	1
KY412106	NA-NA	NA	NA-NA	NA	0-183	1
KY412105	NA-NA	NA	NA-NA	NA	0-183	1
KY412104	NA-NA	NA	NA-NA	NA	0-183	1
KY412103	NA-NA	NA	NA-NA	NA	0-102	1
KY412102	NA-NA	NA	NA-NA	NA	0-183	1
KY412101	NA-NA	NA	NA-NA	NA	0-183	1
KT581014	NA-NA	NA	0-407	1	NA-NA	NA
KX094981	NA-NA	NA	1-255	-1	NA-NA	NA
KY814659	NA-NA	NA	NA-NA	NA	37-612	1
KY814658	NA-NA	NA	NA-NA	NA	37-612	1
KY814657	NA-NA	NA	NA-NA	NA	39-614	1
KY814656	NA-NA	NA	NA-NA	NA	37-612	1
KY814655	NA-NA	NA	NA-NA	NA	37-612	1
KY814654	NA-NA	NA	NA-NA	NA	37-612	1
KY814653	NA-NA	NA	NA-NA	NA	37-612	1
KY814652	NA-NA	NA	NA-NA	NA	37-612	1
KY814651	NA-NA	NA	NA-NA	NA	37-612	1
KY814650	NA-NA	NA	NA-NA	NA	37-612	1
KY814649	NA-NA	NA	NA-NA	NA	37-612	1
KY814648	NA-NA	NA	NA-NA	NA	37-612	1
KY814647	NA-NA	NA	NA-NA	NA	37-612	1
KY814646	NA-NA	NA	NA-NA	NA	39-614	1
KY814645	NA-NA	NA	NA-NA	NA	37-612	1
KY814644	NA-NA	NA	NA-NA	NA	37-612	1
KT946736	0-2742	1	2654-4169	1	4161-6747	1
KT946735	0-2742	1	2654-4169	1	4161-6702	1
KT946734	44-2264	1	2218-3763	1	3719-6185	1
KT946733	44-2264	1	2218-3763	1	3719-6185	1
KT946732	44-2264	1	2218-3763	1	3719-6185	1
KT946731	16-2794	1	2727-4242	1	4198-6727	1
KT946730	16-2725	1	2652-4173	1	4129-6664	1
KT946729	1-2710	1	2637-4158	1	4114-6649	1
KT946728	16-2725	1	2652-4173	1	4129-6664	1
KT946727	16-2725	1	2652-4173	1	4129-6664	1
KT946726	13-2722	1	2649-4170	1	4126-6661	1
KY250168	NA-NA	NA	0-365	1	NA-NA	NA
KY250167	NA-NA	NA	0-365	1	NA-NA	NA
KY250166	NA-NA	NA	0-365	1	NA-NA	NA
KY250165	NA-NA	NA	0-365	1	NA-NA	NA
KY250164	NA-NA	NA	0-365	1	NA-NA	NA
KY250163	NA-NA	NA	0-365	1	NA-NA	NA
KY250162	NA-NA	NA	0-365	1	NA-NA	NA
KY250161	NA-NA	NA	0-365	1	NA-NA	NA
KY250160	NA-NA	NA	0-365	1	NA-NA	NA
KY250159	NA-NA	NA	0-365	1	NA-NA	NA
KY250158	NA-NA	NA	0-365	1	NA-NA	NA
KY250157	NA-NA	NA	0-365	1	NA-NA	NA
KY250156	NA-NA	NA	0-365	1	NA-NA	NA
KY250155	NA-NA	NA	0-365	1	NA-NA	NA
KY250154	NA-NA	NA	0-365	1	NA-NA	NA
KY250153	NA-NA	NA	0-365	1	NA-NA	NA
KY250152	NA-NA	NA	0-324	1	NA-NA	NA
KY250151	NA-NA	NA	0-371	1	NA-NA	NA
KY250150	NA-NA	NA	0-371	1	NA-NA	NA
KY250149	NA-NA	NA	0-371	1	NA-NA	NA
KY250148	NA-NA	NA	0-371	1	NA-NA	NA
KY250147	NA-NA	NA	0-371	1	NA-NA	NA
KY250146	NA-NA	NA	0-371	1	NA-NA	NA
KY250145	NA-NA	NA	0-371	1	NA-NA	NA
KY250144	NA-NA	NA	0-371	1	NA-NA	NA
KY250143	NA-NA	NA	0-371	1	NA-NA	NA
KY250142	NA-NA	NA	0-371	1	NA-NA	NA
KY250141	NA-NA	NA	0-371	1	NA-NA	NA
KY250140	NA-NA	NA	0-371	1	NA-NA	NA
KY250139	NA-NA	NA	0-371	1	NA-NA	NA
KY250138	NA-NA	NA	0-371	1	NA-NA	NA
KY250137	NA-NA	NA	0-371	1	NA-NA	NA
KY250136	NA-NA	NA	0-371	1	NA-NA	NA
KY250135	NA-NA	NA	0-371	1	NA-NA	NA
KY250134	NA-NA	NA	0-371	1	NA-NA	NA
KY250133	NA-NA	NA	0-371	1	NA-NA	NA
KY250132	NA-NA	NA	0-371	1	NA-NA	NA
KY250131	NA-NA	NA	0-371	1	NA-NA	NA
KY250130	NA-NA	NA	0-371	1	NA-NA	NA
KY250129	NA-NA	NA	0-371	1	NA-NA	NA
KY250128	NA-NA	NA	0-371	1	NA-NA	NA
KY250127	NA-NA	NA	0-371	1	NA-NA	NA
KY250126	NA-NA	NA	0-371	1	NA-NA	NA
KY250125	NA-NA	NA	0-371	1	NA-NA	NA
KY250124	NA-NA	NA	0-371	1	NA-NA	NA
KY250123	NA-NA	NA	0-371	1	NA-NA	NA
KY250122	NA-NA	NA	0-371	1	NA-NA	NA
KY250121	NA-NA	NA	0-371	1	NA-NA	NA
KY250120	NA-NA	NA	0-371	1	NA-NA	NA
KY250119	NA-NA	NA	0-371	1	NA-NA	NA
KY250118	NA-NA	NA	0-371	1	NA-NA	NA
KY250117	NA-NA	NA	0-371	1	NA-NA	NA
KY250116	NA-NA	NA	0-371	1	NA-NA	NA
KY250115	NA-NA	NA	0-371	1	NA-NA	NA
KY250114	NA-NA	NA	0-371	1	NA-NA	NA
KY250113	NA-NA	NA	0-371	1	NA-NA	NA
KY250112	NA-NA	NA	0-371	1	NA-NA	NA
KY250111	NA-NA	NA	0-371	1	NA-NA	NA
KY250110	NA-NA	NA	0-371	1	NA-NA	NA
KY250109	NA-NA	NA	0-371	1	NA-NA	NA
KY250108	NA-NA	NA	0-330	1	NA-NA	NA
KY250107	NA-NA	NA	0-332	1	NA-NA	NA
KY250106	NA-NA	NA	0-371	1	NA-NA	NA
KY250105	NA-NA	NA	0-371	1	NA-NA	NA
KY250104	NA-NA	NA	0-371	1	NA-NA	NA
KY250103	NA-NA	NA	0-371	1	NA-NA	NA
KY250102	NA-NA	NA	0-389	1	NA-NA	NA
KY250101	NA-NA	NA	0-389	1	NA-NA	NA
KY250100	NA-NA	NA	0-389	1	NA-NA	NA
KY250099	NA-NA	NA	0-389	1	NA-NA	NA
KY250098	NA-NA	NA	0-389	1	NA-NA	NA
KY250097	NA-NA	NA	0-335	1	NA-NA	NA
KY250096	NA-NA	NA	0-389	1	NA-NA	NA
KY250095	NA-NA	NA	0-336	1	NA-NA	NA
KY940545	30-2565	1	2522-4091	1	3894-6348	1
KY412142	NA-NA	NA	0-393	1	NA-NA	NA
KY412141	NA-NA	NA	0-393	1	NA-NA	NA
KY412140	NA-NA	NA	0-403	1	NA-NA	NA
KY412139	NA-NA	NA	0-393	1	NA-NA	NA
KY412138	NA-NA	NA	0-393	1	NA-NA	NA
KY412137	NA-NA	NA	0-393	1	NA-NA	NA
KY412136	NA-NA	NA	0-393	1	NA-NA	NA
KY412135	NA-NA	NA	0-393	1	NA-NA	NA
KY412134	NA-NA	NA	0-393	1	NA-NA	NA
KY412133	NA-NA	NA	0-393	1	NA-NA	NA
KY412132	NA-NA	NA	0-393	1	NA-NA	NA
KY412131	NA-NA	NA	0-383	1	NA-NA	NA
KY412130	NA-NA	NA	1-330	1	NA-NA	NA
KY412129	NA-NA	NA	2-310	1	NA-NA	NA
KY412128	NA-NA	NA	0-398	1	NA-NA	NA
KU212911	NA-NA	NA	NA-NA	NA	0-172	1
KU212910	NA-NA	NA	NA-NA	NA	0-131	1
KU212909	NA-NA	NA	NA-NA	NA	0-172	1
KU212908	NA-NA	NA	NA-NA	NA	0-172	1
KU212907	NA-NA	NA	NA-NA	NA	0-172	1
KU212906	NA-NA	NA	NA-NA	NA	0-172	1
KU212905	NA-NA	NA	NA-NA	NA	0-172	1
KY073232	30-2559	1	2516-4085	1	4074-6339	1
KY073231	30-2559	1	2516-4085	1	4074-6339	1
KY073230	NA-NA	NA	2-734	1	723-2988	1
KY073229	30-2559	1	2516-4085	1	4074-6339	1
KY328303	NA-NA	NA	NA-NA	NA	0-616	1
KY328302	NA-NA	NA	NA-NA	NA	0-616	1
KY328301	NA-NA	NA	NA-NA	NA	0-616	1
KY328300	NA-NA	NA	NA-NA	NA	0-616	1
KY328299	NA-NA	NA	NA-NA	NA	0-616	1
KY328298	NA-NA	NA	NA-NA	NA	0-616	1
KY328297	NA-NA	NA	NA-NA	NA	0-616	1
KY328296	NA-NA	NA	NA-NA	NA	0-616	1
KY328295	NA-NA	NA	NA-NA	NA	0-616	1
KY328294	NA-NA	NA	NA-NA	NA	0-616	1
KY328293	NA-NA	NA	NA-NA	NA	0-616	1
KY328292	NA-NA	NA	NA-NA	NA	0-616	1
KY328291	NA-NA	NA	NA-NA	NA	0-615	1
KY312000	NA-NA	NA	NA-NA	NA	0-408	1
KY311999	NA-NA	NA	NA-NA	NA	0-408	1
KY311998	NA-NA	NA	NA-NA	NA	0-408	1
KY311997	NA-NA	NA	NA-NA	NA	0-408	1
KY311996	NA-NA	NA	NA-NA	NA	0-408	1
KY311995	NA-NA	NA	NA-NA	NA	0-408	1
KY311994	NA-NA	NA	NA-NA	NA	0-408	1
KY311993	NA-NA	NA	NA-NA	NA	0-408	1
KY311992	NA-NA	NA	NA-NA	NA	0-408	1
KY311991	NA-NA	NA	NA-NA	NA	0-408	1
KY311990	NA-NA	NA	NA-NA	NA	0-408	1
KY311989	NA-NA	NA	NA-NA	NA	0-408	1
KY311988	NA-NA	NA	NA-NA	NA	0-408	1
KY311987	NA-NA	NA	NA-NA	NA	0-408	1
KY311986	NA-NA	NA	NA-NA	NA	0-408	1
KY311985	NA-NA	NA	NA-NA	NA	0-408	1
KY311984	NA-NA	NA	NA-NA	NA	0-408	1
KY311983	NA-NA	NA	NA-NA	NA	0-408	1
KY311982	NA-NA	NA	NA-NA	NA	0-408	1
KY311981	NA-NA	NA	NA-NA	NA	0-408	1
KY311980	NA-NA	NA	NA-NA	NA	0-408	1
KY311979	NA-NA	NA	NA-NA	NA	0-408	1
KY311978	NA-NA	NA	NA-NA	NA	0-408	1
KY311977	NA-NA	NA	NA-NA	NA	0-408	1
KY311976	NA-NA	NA	NA-NA	NA	0-408	1
KY311975	NA-NA	NA	NA-NA	NA	0-408	1
KY311974	NA-NA	NA	NA-NA	NA	0-408	1
KY311973	NA-NA	NA	NA-NA	NA	0-408	1
KY311972	NA-NA	NA	NA-NA	NA	0-408	1
KY311971	NA-NA	NA	NA-NA	NA	0-408	1
KY311970	NA-NA	NA	NA-NA	NA	0-408	1
KY311969	NA-NA	NA	NA-NA	NA	0-408	1
MF818326	0-267	1	NA-NA	NA	NA-NA	NA
MF818325	2-255	1	NA-NA	NA	NA-NA	NA
MF818324	0-274	1	NA-NA	NA	NA-NA	NA
MF818323	0-271	1	NA-NA	NA	NA-NA	NA
KY815038	NA-NA	NA	NA-NA	NA	0-449	1
KY815037	NA-NA	NA	NA-NA	NA	0-449	1
KY815036	NA-NA	NA	NA-NA	NA	0-449	1
KY815035	NA-NA	NA	NA-NA	NA	0-437	1
KU860562	0-598	1	NA-NA	NA	NA-NA	NA
KU860561	2-756	1	NA-NA	NA	NA-NA	NA
KU860560	2-293	1	NA-NA	NA	NA-NA	NA
KU860559	0-357	1	NA-NA	NA	NA-NA	NA
MF138055	NA-NA	NA	2-14	1	6-456	1
MF138054	NA-NA	NA	2-14	1	6-456	1
MF138053	NA-NA	NA	2-14	1	6-456	1
MF138052	NA-NA	NA	2-14	1	6-456	1
MF138051	NA-NA	NA	2-14	1	6-456	1
MF138050	NA-NA	NA	2-14	1	6-456	1
MF138049	NA-NA	NA	2-14	1	6-456	1
MF138048	NA-NA	NA	2-14	1	6-456	1
MF138047	NA-NA	NA	2-14	1	6-456	1
MF138046	NA-NA	NA	2-14	1	6-456	1
MF138045	NA-NA	NA	2-14	1	6-456	1
MF138044	NA-NA	NA	2-14	1	6-456	1
MF138043	NA-NA	NA	2-14	1	6-456	1
MF138042	NA-NA	NA	2-14	1	6-456	1
MF138041	NA-NA	NA	2-14	1	6-456	1
MF138040	NA-NA	NA	2-14	1	6-456	1
MF138039	NA-NA	NA	2-14	1	6-456	1
MF138038	NA-NA	NA	2-14	1	6-456	1
MF138037	NA-NA	NA	2-14	1	6-456	1
MF138036	NA-NA	NA	2-14	1	6-456	1
MF138035	NA-NA	NA	2-14	1	6-456	1
MF138034	NA-NA	NA	2-14	1	6-456	1
MF138033	NA-NA	NA	2-14	1	6-456	1
MF138032	NA-NA	NA	2-14	1	6-456	1
MF138031	NA-NA	NA	2-14	1	6-456	1
KY635984	NA-NA	NA	NA-NA	NA	0-644	1
KY635983	NA-NA	NA	NA-NA	NA	0-644	1
KY635982	NA-NA	NA	NA-NA	NA	0-644	1
KY635981	NA-NA	NA	NA-NA	NA	0-644	1
KY635980	NA-NA	NA	NA-NA	NA	0-644	1
KY635979	NA-NA	NA	NA-NA	NA	0-644	1
KY635978	NA-NA	NA	NA-NA	NA	0-644	1
KY635977	NA-NA	NA	NA-NA	NA	0-644	1
KY635976	NA-NA	NA	NA-NA	NA	0-644	1
KY635975	NA-NA	NA	NA-NA	NA	0-644	1
KY635974	NA-NA	NA	NA-NA	NA	0-644	1
KY635973	NA-NA	NA	NA-NA	NA	0-644	1
KY635972	NA-NA	NA	NA-NA	NA	0-644	1
KY635971	NA-NA	NA	NA-NA	NA	0-644	1
KY635970	NA-NA	NA	NA-NA	NA	0-644	1
KY635969	NA-NA	NA	NA-NA	NA	0-644	1
KY635968	NA-NA	NA	NA-NA	NA	0-644	1
KY635967	NA-NA	NA	NA-NA	NA	0-644	1
KY635966	NA-NA	NA	NA-NA	NA	0-644	1
KY635965	NA-NA	NA	NA-NA	NA	0-644	1
KY635964	NA-NA	NA	NA-NA	NA	0-644	1
KY635963	NA-NA	NA	NA-NA	NA	0-644	1
KY635962	NA-NA	NA	NA-NA	NA	0-644	1
KY635961	NA-NA	NA	NA-NA	NA	0-644	1
KY635960	NA-NA	NA	NA-NA	NA	0-644	1
KY635959	NA-NA	NA	NA-NA	NA	0-644	1
KY635958	NA-NA	NA	NA-NA	NA	0-644	1
KY635957	NA-NA	NA	NA-NA	NA	0-644	1
KY635956	NA-NA	NA	NA-NA	NA	0-644	1
KY635955	NA-NA	NA	NA-NA	NA	0-644	1
KY635954	NA-NA	NA	NA-NA	NA	0-644	1
KY200611	NA-NA	NA	NA-NA	NA	1-358	1
KY200610	NA-NA	NA	NA-NA	NA	1-373	1
KY009256	NA-NA	NA	0-338	1	NA-NA	NA
KY009255	NA-NA	NA	0-294	1	NA-NA	NA
KY009254	NA-NA	NA	1-190	1	NA-NA	NA
KY009253	NA-NA	NA	0-336	1	NA-NA	NA
KY009252	NA-NA	NA	0-336	1	NA-NA	NA
KY009251	NA-NA	NA	0-338	1	NA-NA	NA
KY009250	NA-NA	NA	0-254	1	NA-NA	NA
KY009249	NA-NA	NA	0-254	1	NA-NA	NA
KY009248	NA-NA	NA	0-254	1	NA-NA	NA
KY009247	NA-NA	NA	0-254	1	NA-NA	NA
KY009246	NA-NA	NA	0-336	1	NA-NA	NA
KY009245	NA-NA	NA	0-337	1	NA-NA	NA
KY009244	NA-NA	NA	0-287	1	NA-NA	NA
KY009243	NA-NA	NA	0-336	1	NA-NA	NA
KY009242	NA-NA	NA	0-221	1	NA-NA	NA
KY009241	NA-NA	NA	0-221	1	NA-NA	NA
KY009240	NA-NA	NA	0-337	1	NA-NA	NA
KY009239	NA-NA	NA	0-336	1	NA-NA	NA
KY009238	NA-NA	NA	0-221	1	NA-NA	NA
KY009237	NA-NA	NA	0-278	1	NA-NA	NA
KY009236	NA-NA	NA	0-338	1	NA-NA	NA
KY009235	NA-NA	NA	0-338	1	NA-NA	NA
KY009234	NA-NA	NA	0-278	1	NA-NA	NA
KY009233	NA-NA	NA	0-336	1	NA-NA	NA
KY009232	NA-NA	NA	0-278	1	NA-NA	NA
KY009231	NA-NA	NA	0-338	1	NA-NA	NA
KY009230	NA-NA	NA	0-336	1	NA-NA	NA
KY009229	NA-NA	NA	0-338	1	NA-NA	NA
KY009228	NA-NA	NA	0-282	1	NA-NA	NA
KY009227	NA-NA	NA	0-338	1	NA-NA	NA
KY009226	NA-NA	NA	0-287	1	NA-NA	NA
KY009225	NA-NA	NA	0-336	1	NA-NA	NA
KY009224	NA-NA	NA	0-243	1	NA-NA	NA
KY009223	NA-NA	NA	0-294	1	NA-NA	NA
KY009222	NA-NA	NA	0-336	1	NA-NA	NA
KY009221	NA-NA	NA	0-338	1	NA-NA	NA
KY009220	NA-NA	NA	0-338	1	NA-NA	NA
KY009219	NA-NA	NA	0-336	1	NA-NA	NA
KY009218	NA-NA	NA	0-331	1	NA-NA	NA
KY009217	NA-NA	NA	0-336	1	NA-NA	NA
KY009216	NA-NA	NA	0-307	1	NA-NA	NA
KY009215	NA-NA	NA	0-319	1	NA-NA	NA
KY009214	NA-NA	NA	0-336	1	NA-NA	NA
KY009213	NA-NA	NA	0-338	1	NA-NA	NA
KY009212	NA-NA	NA	0-338	1	NA-NA	NA
KY009211	NA-NA	NA	0-345	1	NA-NA	NA
KY009210	NA-NA	NA	0-336	1	NA-NA	NA
KY009209	NA-NA	NA	0-336	1	NA-NA	NA
KY009208	NA-NA	NA	0-278	1	NA-NA	NA
KY009207	NA-NA	NA	0-278	1	NA-NA	NA
KY009206	NA-NA	NA	0-221	1	NA-NA	NA
KY009205	NA-NA	NA	0-221	1	NA-NA	NA
KY009204	NA-NA	NA	0-338	1	NA-NA	NA
KY009203	NA-NA	NA	0-221	1	NA-NA	NA
KY009202	NA-NA	NA	0-338	1	NA-NA	NA
KY009201	NA-NA	NA	0-227	1	NA-NA	NA
KY009200	NA-NA	NA	0-336	1	NA-NA	NA
KY009199	NA-NA	NA	0-338	1	NA-NA	NA
KY009198	NA-NA	NA	0-338	1	NA-NA	NA
KY009197	NA-NA	NA	0-349	1	NA-NA	NA
KY009196	NA-NA	NA	0-336	1	NA-NA	NA
KY009195	NA-NA	NA	0-338	1	NA-NA	NA
KY009194	NA-NA	NA	0-336	1	NA-NA	NA
KY009193	NA-NA	NA	0-287	1	NA-NA	NA
KY009192	NA-NA	NA	0-336	1	NA-NA	NA
KY009191	NA-NA	NA	0-336	1	NA-NA	NA
KY009190	NA-NA	NA	0-221	1	NA-NA	NA
KY009189	NA-NA	NA	0-338	1	NA-NA	NA
KY009188	NA-NA	NA	0-338	1	NA-NA	NA
KY009187	NA-NA	NA	2-320	1	NA-NA	NA
KY009186	NA-NA	NA	0-254	1	NA-NA	NA
KY009185	NA-NA	NA	0-305	1	NA-NA	NA
KY009184	NA-NA	NA	0-305	1	NA-NA	NA
KY009183	NA-NA	NA	0-287	1	NA-NA	NA
KY009182	NA-NA	NA	0-338	1	NA-NA	NA
KY009181	NA-NA	NA	0-338	1	NA-NA	NA
KY009180	NA-NA	NA	0-281	1	NA-NA	NA
KY009179	NA-NA	NA	0-338	1	NA-NA	NA
KY009178	NA-NA	NA	0-338	1	NA-NA	NA
KY009177	NA-NA	NA	0-339	1	NA-NA	NA
KY009176	NA-NA	NA	0-305	1	NA-NA	NA
KY009175	NA-NA	NA	0-338	1	NA-NA	NA
KY009174	NA-NA	NA	0-287	1	NA-NA	NA
KY009173	NA-NA	NA	0-338	1	NA-NA	NA
KY009172	NA-NA	NA	0-221	1	NA-NA	NA
KY009171	NA-NA	NA	0-338	1	NA-NA	NA
KY009170	NA-NA	NA	0-338	1	NA-NA	NA
KY009169	NA-NA	NA	0-319	1	NA-NA	NA
KY009168	NA-NA	NA	0-338	1	NA-NA	NA
KY009167	NA-NA	NA	0-336	1	NA-NA	NA
KY009166	NA-NA	NA	0-335	1	NA-NA	NA
KY009165	NA-NA	NA	0-336	1	NA-NA	NA
KY009164	NA-NA	NA	0-254	1	NA-NA	NA
KY009163	NA-NA	NA	0-338	1	NA-NA	NA
KY009162	NA-NA	NA	0-254	1	NA-NA	NA
KY009161	NA-NA	NA	0-221	1	NA-NA	NA
KY009160	NA-NA	NA	0-338	1	NA-NA	NA
KY009159	NA-NA	NA	0-287	1	NA-NA	NA
KY009158	NA-NA	NA	0-337	1	NA-NA	NA
KY009157	NA-NA	NA	0-338	1	NA-NA	NA
KY009156	NA-NA	NA	0-335	1	NA-NA	NA
KY009155	NA-NA	NA	0-338	1	NA-NA	NA
KY009154	NA-NA	NA	0-338	1	NA-NA	NA
KY009153	NA-NA	NA	1-243	1	NA-NA	NA
KY009152	NA-NA	NA	0-338	1	NA-NA	NA
KY009151	NA-NA	NA	0-336	1	NA-NA	NA
KY009150	NA-NA	NA	0-336	1	NA-NA	NA
KY009149	NA-NA	NA	0-265	1	NA-NA	NA
KY009148	NA-NA	NA	0-338	1	NA-NA	NA
KY009147	NA-NA	NA	0-338	1	NA-NA	NA
KY009146	NA-NA	NA	0-281	1	NA-NA	NA
KY009145	NA-NA	NA	0-336	1	NA-NA	NA
KY009144	NA-NA	NA	0-338	1	NA-NA	NA
KY009143	NA-NA	NA	0-330	1	NA-NA	NA
KY009142	NA-NA	NA	0-338	1	NA-NA	NA
KY009141	NA-NA	NA	0-338	1	NA-NA	NA
KY009140	NA-NA	NA	0-338	1	NA-NA	NA
KY009139	NA-NA	NA	0-338	1	NA-NA	NA
KY009138	NA-NA	NA	0-336	1	NA-NA	NA
KY009137	NA-NA	NA	0-336	1	NA-NA	NA
KY009136	NA-NA	NA	0-338	1	NA-NA	NA
KY009135	NA-NA	NA	0-336	1	NA-NA	NA
KY009134	NA-NA	NA	0-338	1	NA-NA	NA
KY009133	NA-NA	NA	0-338	1	NA-NA	NA
KY009132	NA-NA	NA	0-336	1	NA-NA	NA
KY009131	NA-NA	NA	0-336	1	NA-NA	NA
KY009130	NA-NA	NA	0-338	1	NA-NA	NA
KY009129	NA-NA	NA	0-338	1	NA-NA	NA
KY009128	NA-NA	NA	0-338	1	NA-NA	NA
KY009127	NA-NA	NA	0-338	1	NA-NA	NA
KY009126	NA-NA	NA	0-287	1	NA-NA	NA
KY009125	NA-NA	NA	0-336	1	NA-NA	NA
KY009124	NA-NA	NA	0-336	1	NA-NA	NA
KY009123	NA-NA	NA	0-338	1	NA-NA	NA
KY009122	NA-NA	NA	0-221	1	NA-NA	NA
KY009121	NA-NA	NA	0-336	1	NA-NA	NA
KY009120	NA-NA	NA	0-338	1	NA-NA	NA
KY009119	NA-NA	NA	0-338	1	NA-NA	NA
KY009118	NA-NA	NA	0-338	1	NA-NA	NA
KY009117	NA-NA	NA	0-336	1	NA-NA	NA
KY009116	NA-NA	NA	0-315	1	NA-NA	NA
KY009115	NA-NA	NA	0-352	1	NA-NA	NA
KY009114	NA-NA	NA	0-320	1	NA-NA	NA
KY009113	NA-NA	NA	0-318	1	NA-NA	NA
KY009112	NA-NA	NA	0-337	1	NA-NA	NA
KY009111	NA-NA	NA	0-338	1	NA-NA	NA
KY009110	NA-NA	NA	0-320	1	NA-NA	NA
KY009109	NA-NA	NA	0-338	1	NA-NA	NA
KY009108	NA-NA	NA	0-320	1	NA-NA	NA
KY009107	NA-NA	NA	0-320	1	NA-NA	NA
KY009106	NA-NA	NA	0-320	1	NA-NA	NA
KY009105	NA-NA	NA	0-318	1	NA-NA	NA
KY009104	NA-NA	NA	0-320	1	NA-NA	NA
KY009103	NA-NA	NA	2-316	1	NA-NA	NA
KY009102	NA-NA	NA	0-318	1	NA-NA	NA
KY009101	NA-NA	NA	0-318	1	NA-NA	NA
KY009100	NA-NA	NA	0-320	1	NA-NA	NA
KY009099	NA-NA	NA	0-320	1	NA-NA	NA
KY009098	NA-NA	NA	0-287	1	NA-NA	NA
KY009097	NA-NA	NA	0-320	1	NA-NA	NA
KY009096	NA-NA	NA	0-338	1	NA-NA	NA
KY009095	NA-NA	NA	0-318	1	NA-NA	NA
KY009094	NA-NA	NA	2-314	1	NA-NA	NA
KY009093	NA-NA	NA	0-320	1	NA-NA	NA
KY009092	NA-NA	NA	0-336	1	NA-NA	NA
KY009091	NA-NA	NA	0-318	1	NA-NA	NA
KY009090	NA-NA	NA	0-221	1	NA-NA	NA
KY009089	NA-NA	NA	0-336	1	NA-NA	NA
KY009088	NA-NA	NA	0-336	1	NA-NA	NA
KY009087	NA-NA	NA	0-221	1	NA-NA	NA
KY009086	NA-NA	NA	0-336	1	NA-NA	NA
KY009085	NA-NA	NA	0-336	1	NA-NA	NA
KY009084	NA-NA	NA	2-157	1	NA-NA	NA
KY009083	NA-NA	NA	0-338	1	NA-NA	NA
KY009082	NA-NA	NA	0-338	1	NA-NA	NA
KY009081	NA-NA	NA	0-318	1	NA-NA	NA
KY009080	NA-NA	NA	0-288	1	NA-NA	NA
KY009079	NA-NA	NA	0-340	1	NA-NA	NA
KY009078	NA-NA	NA	0-287	1	NA-NA	NA
KY009077	NA-NA	NA	0-338	1	NA-NA	NA
KY009076	NA-NA	NA	0-340	1	NA-NA	NA
KY009075	NA-NA	NA	0-320	1	NA-NA	NA
KY009074	NA-NA	NA	0-318	1	NA-NA	NA
KY009073	NA-NA	NA	0-320	1	NA-NA	NA
KY009072	NA-NA	NA	0-320	1	NA-NA	NA
KY009071	NA-NA	NA	0-320	1	NA-NA	NA
KY009070	NA-NA	NA	0-320	1	NA-NA	NA
KY009069	NA-NA	NA	0-318	1	NA-NA	NA
KY009068	NA-NA	NA	0-313	1	NA-NA	NA
KY009067	NA-NA	NA	0-318	1	NA-NA	NA
KY009066	NA-NA	NA	0-320	1	NA-NA	NA
KY009065	NA-NA	NA	0-318	1	NA-NA	NA
KY009064	NA-NA	NA	0-320	1	NA-NA	NA
KY009063	NA-NA	NA	0-318	1	NA-NA	NA
KY009062	NA-NA	NA	0-320	1	NA-NA	NA
KY009061	NA-NA	NA	0-336	1	NA-NA	NA
KY009060	NA-NA	NA	0-318	1	NA-NA	NA
KY009059	NA-NA	NA	0-320	1	NA-NA	NA
KY009058	NA-NA	NA	0-338	1	NA-NA	NA
KY009057	NA-NA	NA	0-320	1	NA-NA	NA
KY009056	NA-NA	NA	0-318	1	NA-NA	NA
KY009055	NA-NA	NA	0-318	1	NA-NA	NA
KY009054	NA-NA	NA	0-320	1	NA-NA	NA
KY009053	NA-NA	NA	0-320	1	NA-NA	NA
KY009052	NA-NA	NA	0-340	1	NA-NA	NA
KY009051	NA-NA	NA	NA-NA	NA	0-479	1
KY009050	NA-NA	NA	NA-NA	NA	0-524	1
KY009049	NA-NA	NA	NA-NA	NA	0-512	1
KY009048	NA-NA	NA	NA-NA	NA	0-509	1
KY009047	NA-NA	NA	NA-NA	NA	0-512	1
KY009046	NA-NA	NA	NA-NA	NA	0-497	1
KY009045	NA-NA	NA	NA-NA	NA	0-518	1
KY009044	NA-NA	NA	NA-NA	NA	0-527	1
KY009043	NA-NA	NA	NA-NA	NA	0-527	1
KY009042	NA-NA	NA	NA-NA	NA	0-489	1
KY009041	NA-NA	NA	NA-NA	NA	0-498	1
KY009040	NA-NA	NA	NA-NA	NA	0-517	1
KY009039	NA-NA	NA	NA-NA	NA	0-522	1
KY009038	NA-NA	NA	NA-NA	NA	0-512	1
KY009037	NA-NA	NA	NA-NA	NA	0-518	1
KY009036	NA-NA	NA	NA-NA	NA	0-557	1
KY009035	NA-NA	NA	NA-NA	NA	0-518	1
KY009034	NA-NA	NA	NA-NA	NA	0-518	1
KY009033	NA-NA	NA	NA-NA	NA	0-518	1
KY009032	NA-NA	NA	NA-NA	NA	0-501	1
KY009031	NA-NA	NA	NA-NA	NA	0-518	1
KY009030	NA-NA	NA	NA-NA	NA	0-509	1
KY009029	NA-NA	NA	NA-NA	NA	0-518	1
KY009028	NA-NA	NA	NA-NA	NA	0-521	1
KY009027	NA-NA	NA	NA-NA	NA	0-512	1
KY009026	NA-NA	NA	NA-NA	NA	0-518	1
KY009025	NA-NA	NA	NA-NA	NA	0-490	1
KY009024	NA-NA	NA	NA-NA	NA	0-512	1
KY009023	NA-NA	NA	NA-NA	NA	0-524	1
KY009022	NA-NA	NA	NA-NA	NA	0-486	1
KY009021	NA-NA	NA	NA-NA	NA	0-518	1
KY009020	NA-NA	NA	NA-NA	NA	0-512	1
KY009019	NA-NA	NA	NA-NA	NA	0-404	1
KY009018	NA-NA	NA	NA-NA	NA	0-506	1
KY009017	NA-NA	NA	NA-NA	NA	0-518	1
KY009016	NA-NA	NA	NA-NA	NA	0-518	1
KY009015	NA-NA	NA	NA-NA	NA	0-509	1
KY009014	NA-NA	NA	NA-NA	NA	0-518	1
KY009013	NA-NA	NA	NA-NA	NA	0-509	1
KY009012	NA-NA	NA	NA-NA	NA	0-509	1
KY009011	NA-NA	NA	NA-NA	NA	0-456	1
KY009010	NA-NA	NA	NA-NA	NA	0-518	1
KY009009	NA-NA	NA	NA-NA	NA	0-518	1
KY009008	NA-NA	NA	NA-NA	NA	0-512	1
KY009007	NA-NA	NA	NA-NA	NA	0-518	1
KY009006	NA-NA	NA	NA-NA	NA	0-509	1
KY009005	NA-NA	NA	NA-NA	NA	0-486	1
KY009004	NA-NA	NA	NA-NA	NA	0-518	1
KY009003	NA-NA	NA	NA-NA	NA	0-480	1
KY009002	NA-NA	NA	NA-NA	NA	0-522	1
KY009001	NA-NA	NA	NA-NA	NA	0-518	1
KY009000	NA-NA	NA	NA-NA	NA	0-512	1
KY008999	NA-NA	NA	NA-NA	NA	0-512	1
KY008998	NA-NA	NA	NA-NA	NA	0-498	1
KY008997	NA-NA	NA	NA-NA	NA	0-518	1
KY008996	NA-NA	NA	NA-NA	NA	0-480	1
KY008995	NA-NA	NA	NA-NA	NA	0-518	1
KY008994	NA-NA	NA	NA-NA	NA	0-512	1
KY008993	NA-NA	NA	NA-NA	NA	0-511	1
KY008992	NA-NA	NA	NA-NA	NA	0-479	1
KY008991	NA-NA	NA	NA-NA	NA	0-518	1
KY008990	NA-NA	NA	NA-NA	NA	0-518	1
KY008989	NA-NA	NA	NA-NA	NA	0-566	1
KY008988	NA-NA	NA	NA-NA	NA	0-480	1
KY008987	NA-NA	NA	NA-NA	NA	0-509	1
KY008986	NA-NA	NA	NA-NA	NA	0-518	1
KY008985	NA-NA	NA	NA-NA	NA	0-518	1
KY008984	NA-NA	NA	NA-NA	NA	0-518	1
KY008983	NA-NA	NA	NA-NA	NA	0-523	1
KY008982	NA-NA	NA	NA-NA	NA	0-518	1
KY008981	NA-NA	NA	NA-NA	NA	0-519	1
KY008980	NA-NA	NA	NA-NA	NA	0-567	1
KY008979	NA-NA	NA	NA-NA	NA	0-522	1
KY008978	NA-NA	NA	NA-NA	NA	0-518	1
KY008977	NA-NA	NA	NA-NA	NA	0-497	1
KY008976	NA-NA	NA	NA-NA	NA	0-512	1
KY008975	NA-NA	NA	NA-NA	NA	0-522	1
KY008974	NA-NA	NA	NA-NA	NA	0-556	1
KY008973	NA-NA	NA	NA-NA	NA	0-347	1
KY008972	NA-NA	NA	NA-NA	NA	0-518	1
KY008971	NA-NA	NA	NA-NA	NA	0-521	1
KY008970	NA-NA	NA	NA-NA	NA	0-402	1
KY008969	NA-NA	NA	NA-NA	NA	0-485	1
KY008968	NA-NA	NA	NA-NA	NA	0-502	1
KY008967	NA-NA	NA	NA-NA	NA	0-506	1
KY008966	NA-NA	NA	NA-NA	NA	0-518	1
KY008965	NA-NA	NA	NA-NA	NA	0-507	1
KY008964	NA-NA	NA	NA-NA	NA	0-524	1
KY008963	NA-NA	NA	NA-NA	NA	0-518	1
KY008962	NA-NA	NA	NA-NA	NA	0-524	1
KY008961	NA-NA	NA	NA-NA	NA	0-518	1
KY008960	NA-NA	NA	NA-NA	NA	0-547	1
KY008959	NA-NA	NA	NA-NA	NA	0-426	1
KY008958	NA-NA	NA	NA-NA	NA	0-499	1
KY008957	NA-NA	NA	NA-NA	NA	0-522	1
KT159912	NA-NA	NA	0-333	1	NA-NA	NA
KY753502	NA-NA	NA	NA-NA	NA	0-340	1
KY753501	NA-NA	NA	NA-NA	NA	0-340	1
KY753500	NA-NA	NA	NA-NA	NA	0-340	1
KY753499	NA-NA	NA	NA-NA	NA	0-340	1
KY753498	NA-NA	NA	NA-NA	NA	0-340	1
KY753497	NA-NA	NA	NA-NA	NA	0-340	1
KY753496	NA-NA	NA	NA-NA	NA	0-340	1
KY753495	NA-NA	NA	NA-NA	NA	0-340	1
KY753494	NA-NA	NA	NA-NA	NA	0-340	1
KY753493	NA-NA	NA	NA-NA	NA	0-340	1
KY753492	NA-NA	NA	NA-NA	NA	0-340	1
KY753491	NA-NA	NA	NA-NA	NA	0-340	1
KY753490	NA-NA	NA	NA-NA	NA	0-340	1
KY753489	NA-NA	NA	NA-NA	NA	0-340	1
KY753488	NA-NA	NA	NA-NA	NA	0-340	1
KY753487	NA-NA	NA	NA-NA	NA	0-340	1
KY753486	NA-NA	NA	NA-NA	NA	0-340	1
KY753485	NA-NA	NA	NA-NA	NA	0-340	1
KY753484	NA-NA	NA	NA-NA	NA	0-340	1
KY753483	NA-NA	NA	NA-NA	NA	0-340	1
KY753482	NA-NA	NA	NA-NA	NA	0-340	1
KY753481	NA-NA	NA	NA-NA	NA	0-340	1
KY753480	NA-NA	NA	NA-NA	NA	0-340	1
KY753479	NA-NA	NA	NA-NA	NA	0-340	1
KY753478	NA-NA	NA	NA-NA	NA	0-340	1
KY753477	NA-NA	NA	NA-NA	NA	0-340	1
KY294696	1-944	1	NA-NA	NA	NA-NA	NA
KY294695	1-944	1	NA-NA	NA	NA-NA	NA
KY294694	1-944	1	NA-NA	NA	NA-NA	NA
KY294693	0-943	1	NA-NA	NA	NA-NA	NA
KY294692	1-944	1	NA-NA	NA	NA-NA	NA
KY294691	1-944	1	NA-NA	NA	NA-NA	NA
KY294690	1-944	1	NA-NA	NA	NA-NA	NA
KY294689	1-944	1	NA-NA	NA	NA-NA	NA
KY294688	1-944	1	NA-NA	NA	NA-NA	NA
KY294686	1-944	1	NA-NA	NA	NA-NA	NA
KY294684	1-944	1	NA-NA	NA	NA-NA	NA
KY294683	0-943	1	NA-NA	NA	NA-NA	NA
KY294682	1-944	1	NA-NA	NA	NA-NA	NA
KY294687	1-946	1	NA-NA	NA	NA-NA	NA
KY294685	0-669	1	NA-NA	NA	NA-NA	NA
KY294681	1-944	1	NA-NA	NA	NA-NA	NA
KY294680	2-693	1	NA-NA	NA	NA-NA	NA
KY294679	2-695	1	NA-NA	NA	NA-NA	NA
KY294678	2-289	1	NA-NA	NA	NA-NA	NA
KY294677	2-289	1	NA-NA	NA	NA-NA	NA
KY294676	2-685	1	NA-NA	NA	NA-NA	NA
KY294675	2-693	1	NA-NA	NA	NA-NA	NA
KY294674	2-693	1	NA-NA	NA	NA-NA	NA
KY294671	NA-NA	NA	0-195	1	187-847	1
KY294670	NA-NA	NA	NA-NA	NA	0-410	1
KY294669	NA-NA	NA	NA-NA	NA	0-410	1
KY294668	NA-NA	NA	NA-NA	NA	0-410	1
KY294667	NA-NA	NA	NA-NA	NA	0-410	1
KY294666	NA-NA	NA	NA-NA	NA	0-410	1
KY294665	NA-NA	NA	NA-NA	NA	0-410	1
KY272006	NA-NA	NA	0-357	1	NA-NA	NA
KY272005	NA-NA	NA	0-350	1	NA-NA	NA
KY272004	NA-NA	NA	0-348	1	NA-NA	NA
KY272003	NA-NA	NA	0-359	1	NA-NA	NA
KY272002	NA-NA	NA	0-361	1	NA-NA	NA
KY272001	NA-NA	NA	0-356	1	NA-NA	NA
KY272000	NA-NA	NA	0-357	1	NA-NA	NA
KY271999	NA-NA	NA	0-360	1	NA-NA	NA
KY271998	NA-NA	NA	0-360	1	NA-NA	NA
KY271997	NA-NA	NA	0-348	1	NA-NA	NA
KY271996	NA-NA	NA	0-359	1	NA-NA	NA
KY271995	NA-NA	NA	0-357	1	NA-NA	NA
KY271994	NA-NA	NA	0-354	1	NA-NA	NA
KY271993	NA-NA	NA	0-356	1	NA-NA	NA
KY271992	NA-NA	NA	0-356	1	NA-NA	NA
KY271991	NA-NA	NA	0-350	1	NA-NA	NA
KY271990	NA-NA	NA	0-348	1	NA-NA	NA
KY271989	NA-NA	NA	0-348	1	NA-NA	NA
KY271988	NA-NA	NA	0-351	1	NA-NA	NA
KY271987	NA-NA	NA	0-351	1	NA-NA	NA
KY271986	NA-NA	NA	0-350	1	NA-NA	NA
KY271985	NA-NA	NA	0-348	1	NA-NA	NA
KY271984	NA-NA	NA	0-348	1	NA-NA	NA
KY271983	NA-NA	NA	0-354	1	NA-NA	NA
KY271982	NA-NA	NA	0-359	1	NA-NA	NA
KY271981	NA-NA	NA	0-348	1	NA-NA	NA
KY271980	NA-NA	NA	0-349	1	NA-NA	NA
KY271979	NA-NA	NA	0-348	1	NA-NA	NA
KY271978	NA-NA	NA	0-351	1	NA-NA	NA
KY271977	NA-NA	NA	0-359	1	NA-NA	NA
KY271976	NA-NA	NA	0-348	1	NA-NA	NA
KY271975	NA-NA	NA	0-348	1	NA-NA	NA
KY271974	NA-NA	NA	0-348	1	NA-NA	NA
KY271973	NA-NA	NA	0-347	1	NA-NA	NA
KY271972	NA-NA	NA	0-348	1	NA-NA	NA
KY271971	NA-NA	NA	0-359	1	NA-NA	NA
KY271970	NA-NA	NA	0-333	1	NA-NA	NA
KY271969	NA-NA	NA	0-333	1	NA-NA	NA
KY271968	NA-NA	NA	0-354	1	NA-NA	NA
KT692942	NA-NA	NA	0-360	1	NA-NA	NA
KY905157	NA-NA	NA	NA-NA	NA	0-802	1
KY905156	NA-NA	NA	NA-NA	NA	0-785	1
KY271946	75-2838	1	2777-4325	1	4317-6653	1
KY271945	57-2865	1	2792-4352	1	4344-6708	1
KY859988	44-2594	1	2545-4114	1	4106-6386	1
KX397576	21-3441	1	3422-4982	1	5006-7223	1
KX397575	21-3441	1	3422-4982	1	5006-7223	1
KY214438	50-2525	1	2869-3988	1	3875-6350	1
KY214437	39-2679	1	3026-4124	1	4116-6615	1
MF042208	NA-NA	NA	74-4298	1	4323-5376	1
KY828141	NA-NA	NA	NA-NA	NA	0-420	1
KY828140	NA-NA	NA	NA-NA	NA	0-420	1
KY828139	NA-NA	NA	NA-NA	NA	0-420	1
KY828138	NA-NA	NA	NA-NA	NA	0-420	1
KY828137	NA-NA	NA	NA-NA	NA	0-420	1
KY933670	18-2679	1	2633-4202	1	4191-6468	1
KX453792	NA-NA	NA	NA-NA	NA	0-505	1
KX453791	NA-NA	NA	NA-NA	NA	0-458	1
KX453790	NA-NA	NA	NA-NA	NA	0-479	1
KX453789	NA-NA	NA	NA-NA	NA	0-508	1
KX453788	NA-NA	NA	2-299	1	NA-NA	NA
KX453787	NA-NA	NA	0-267	1	NA-NA	NA
KX453786	NA-NA	NA	0-240	1	NA-NA	NA
KX453785	NA-NA	NA	2-299	1	NA-NA	NA
KY575674	NA-NA	NA	0-401	1	NA-NA	NA
KY575673	NA-NA	NA	0-401	1	NA-NA	NA
KY575672	NA-NA	NA	0-401	1	NA-NA	NA
KY575671	NA-NA	NA	0-401	1	NA-NA	NA
KY575670	NA-NA	NA	0-401	1	NA-NA	NA
KY575669	NA-NA	NA	0-401	1	NA-NA	NA
KY575668	NA-NA	NA	0-401	1	NA-NA	NA
KY575667	NA-NA	NA	0-401	1	NA-NA	NA
KY575666	NA-NA	NA	0-401	1	NA-NA	NA
KY575665	NA-NA	NA	0-401	1	NA-NA	NA
KY575664	NA-NA	NA	0-401	1	NA-NA	NA
KY575663	NA-NA	NA	0-401	1	NA-NA	NA
KY575662	NA-NA	NA	0-401	1	NA-NA	NA
KY575661	NA-NA	NA	0-401	1	NA-NA	NA
KY575660	NA-NA	NA	0-401	1	NA-NA	NA
KY575659	NA-NA	NA	0-401	1	NA-NA	NA
KY575658	NA-NA	NA	0-401	1	NA-NA	NA
KY575657	NA-NA	NA	0-401	1	NA-NA	NA
KY575656	NA-NA	NA	0-401	1	NA-NA	NA
KY575655	NA-NA	NA	0-401	1	NA-NA	NA
KY575654	NA-NA	NA	0-401	1	NA-NA	NA
KY575653	NA-NA	NA	0-401	1	NA-NA	NA
KY575652	NA-NA	NA	0-401	1	NA-NA	NA
KY575651	NA-NA	NA	0-401	1	NA-NA	NA
KY575650	NA-NA	NA	0-401	1	NA-NA	NA
KY575649	NA-NA	NA	0-401	1	NA-NA	NA
KY575648	NA-NA	NA	0-401	1	NA-NA	NA
KY575647	NA-NA	NA	0-401	1	NA-NA	NA
KY575646	NA-NA	NA	0-401	1	NA-NA	NA
KY575645	NA-NA	NA	0-401	1	NA-NA	NA
KY575644	NA-NA	NA	0-401	1	NA-NA	NA
KX683863	NA-NA	NA	0-1005	1	997-3452	1
KY614056	NA-NA	NA	0-429	1	NA-NA	NA
KY614055	NA-NA	NA	0-429	1	NA-NA	NA
KX756441	45-2715	1	2666-4202	1	4014-6489	1
KX913309	NA-NA	NA	1-325	1	NA-NA	NA
KX913308	NA-NA	NA	1-325	1	NA-NA	NA
KX913307	NA-NA	NA	1-325	1	NA-NA	NA
KX913306	NA-NA	NA	1-325	1	NA-NA	NA
KX913305	NA-NA	NA	1-325	1	NA-NA	NA
KX913304	NA-NA	NA	1-325	1	NA-NA	NA
KX913303	NA-NA	NA	1-325	1	NA-NA	NA
KX913302	NA-NA	NA	1-325	1	NA-NA	NA
KX913301	NA-NA	NA	1-325	1	NA-NA	NA
KX913300	NA-NA	NA	1-325	1	NA-NA	NA
KX913299	NA-NA	NA	1-325	1	NA-NA	NA
KX913298	NA-NA	NA	1-325	1	NA-NA	NA
KX913297	NA-NA	NA	1-325	1	NA-NA	NA
KX913296	NA-NA	NA	1-325	1	NA-NA	NA
KX913295	NA-NA	NA	1-325	1	NA-NA	NA
KX913294	NA-NA	NA	1-325	1	NA-NA	NA
KX913293	NA-NA	NA	1-325	1	NA-NA	NA
KX913292	NA-NA	NA	1-325	1	NA-NA	NA
KX913291	NA-NA	NA	1-325	1	NA-NA	NA
KX913290	NA-NA	NA	1-325	1	NA-NA	NA
KX913289	NA-NA	NA	1-325	1	NA-NA	NA
KX913288	NA-NA	NA	1-325	1	NA-NA	NA
KX913287	NA-NA	NA	1-325	1	NA-NA	NA
KX913286	NA-NA	NA	1-325	1	NA-NA	NA
KX913285	NA-NA	NA	1-325	1	NA-NA	NA
KX913284	NA-NA	NA	1-325	1	NA-NA	NA
KX913283	NA-NA	NA	1-325	1	NA-NA	NA
KX913282	NA-NA	NA	1-325	1	NA-NA	NA
KX913281	NA-NA	NA	1-340	1	NA-NA	NA
KX913280	NA-NA	NA	1-340	1	NA-NA	NA
KX913279	NA-NA	NA	NA-NA	NA	0-330	1
KX913278	NA-NA	NA	NA-NA	NA	0-330	1
KX913277	NA-NA	NA	NA-NA	NA	1-366	1
KX913276	NA-NA	NA	NA-NA	NA	1-366	1
KX913275	NA-NA	NA	NA-NA	NA	1-366	1
KX913274	NA-NA	NA	NA-NA	NA	1-366	1
KX913273	NA-NA	NA	NA-NA	NA	1-366	1
KX913272	NA-NA	NA	NA-NA	NA	1-366	1
KX913271	NA-NA	NA	NA-NA	NA	1-366	1
KX913270	NA-NA	NA	NA-NA	NA	1-366	1
KX913269	NA-NA	NA	NA-NA	NA	1-366	1
KX913268	NA-NA	NA	NA-NA	NA	1-366	1
KX913267	NA-NA	NA	NA-NA	NA	1-366	1
KX913266	NA-NA	NA	NA-NA	NA	1-366	1
KX913265	NA-NA	NA	NA-NA	NA	1-366	1
KX913264	NA-NA	NA	NA-NA	NA	1-366	1
KX913263	NA-NA	NA	NA-NA	NA	1-366	1
KX913262	NA-NA	NA	NA-NA	NA	1-366	1
KX913261	NA-NA	NA	NA-NA	NA	1-366	1
KX913260	NA-NA	NA	NA-NA	NA	1-366	1
KX913259	NA-NA	NA	NA-NA	NA	1-366	1
KX913258	NA-NA	NA	NA-NA	NA	1-366	1
KX913257	NA-NA	NA	NA-NA	NA	1-366	1
KX913256	NA-NA	NA	NA-NA	NA	1-366	1
KX268315	NA-NA	NA	1-390	1	NA-NA	NA
KX268314	NA-NA	NA	2-395	1	NA-NA	NA
KX268313	NA-NA	NA	2-392	1	NA-NA	NA
KX268312	NA-NA	NA	0-397	1	NA-NA	NA
KX268311	NA-NA	NA	1-391	1	NA-NA	NA
KX268310	NA-NA	NA	0-396	1	NA-NA	NA
KY964327	NA-NA	NA	NA-NA	NA	2-731	1
KX522573	1-220	1	NA-NA	NA	NA-NA	NA
KX522572	2-224	1	NA-NA	NA	NA-NA	NA
KX522571	1-214	1	NA-NA	NA	NA-NA	NA
KX522570	1-213	1	NA-NA	NA	NA-NA	NA
KX522569	2-218	1	NA-NA	NA	NA-NA	NA
KX522568	1-214	1	NA-NA	NA	NA-NA	NA
KX522567	2-226	1	NA-NA	NA	NA-NA	NA
KX522566	2-230	1	NA-NA	NA	NA-NA	NA
KX595356	NA-NA	NA	NA-NA	NA	0-348	1
KX595355	NA-NA	NA	NA-NA	NA	0-348	1
KX595354	NA-NA	NA	NA-NA	NA	0-348	1
KX595353	NA-NA	NA	NA-NA	NA	0-348	1
KX595352	NA-NA	NA	NA-NA	NA	0-348	1
KX595351	NA-NA	NA	NA-NA	NA	0-348	1
KX595350	NA-NA	NA	NA-NA	NA	0-348	1
KX595349	NA-NA	NA	NA-NA	NA	0-348	1
KX595348	NA-NA	NA	NA-NA	NA	0-348	1
KX595347	NA-NA	NA	NA-NA	NA	0-348	1
KX595346	NA-NA	NA	NA-NA	NA	0-348	1
KX595345	NA-NA	NA	NA-NA	NA	0-348	1
KX595344	NA-NA	NA	NA-NA	NA	0-348	1
KX595343	NA-NA	NA	NA-NA	NA	0-348	1
KX589303	NA-NA	NA	1-370	1	NA-NA	NA
LC201620	86-2672	1	2632-4144	1	4127-6335	1
LC201619	51-2637	1	2597-4109	1	4092-6291	1
LC201618	93-2679	1	2639-4151	1	4134-6342	1
LC201617	93-2679	1	2639-4151	1	4134-6342	1
LC201616	86-2672	1	2632-4144	1	4127-6335	1
LC201615	93-2679	1	2639-4151	1	4134-6342	1
LC201614	0-2622	1	2555-4067	1	4059-6014	1
LC201613	10-2644	1	2577-4089	1	4081-6706	1
LC201612	7-2638	1	2571-4083	1	4075-6553	1
LC201611	15-2646	1	2579-4091	1	4083-6561	1
LC201610	11-2642	1	2575-4087	1	4079-6557	1
LC201609	11-2654	1	2587-4099	1	4091-6602	1
LC201608	10-2653	1	2586-4098	1	4090-6562	1
LC201607	2-2597	1	2530-4042	1	4034-6316	1
LC201606	10-2644	1	2577-4089	1	4081-6482	1
LC201605	6-2637	1	2570-4082	1	4074-6600	1
LC201604	0-2634	1	2567-4079	1	4071-6494	1
LC201603	11-2642	1	2575-4087	1	4079-6476	1
LC201602	5-2639	1	2572-4084	1	4076-6513	1
LC201601	10-2653	1	2586-4098	1	4090-6580	1
LC201600	9-2652	1	2585-4097	1	4089-6579	1
LC201599	18-2553	1	2507-4079	1	3882-6336	1
LC201598	15-2550	1	2504-4076	1	3879-6342	1
LC201597	15-2550	1	2504-4076	1	3879-6336	1
LC201596	27-2562	1	2516-4088	1	3891-6348	1
LC201595	21-2556	1	2510-4082	1	3885-6339	1
LC201594	38-2513	1	2464-3976	1	3968-6275	1
LC201593	40-2515	1	2466-3978	1	3970-6289	1
LC201592	36-2511	1	2462-3974	1	3966-6297	1
LC201591	35-2513	1	2464-3976	1	3968-5930	1
LC201590	27-2502	1	2453-3965	1	3957-6255	1
LC201589	29-2504	1	2455-3967	1	3959-6275	1
LC201588	39-2514	1	2465-3977	1	3969-6273	1
LC201587	36-2511	1	2462-3974	1	3966-6294	1
LC201586	34-2509	1	2460-3972	1	3964-6262	1
LC201585	41-2516	1	2467-3979	1	3971-6224	1
KT956903	45-2595	1	2549-4115	1	4107-6387	1
KY271027	22-3304	1	3294-4839	1	4868-6992	1
KY563083	NA-NA	NA	NA-NA	NA	0-396	1
KY563082	NA-NA	NA	NA-NA	NA	0-396	1
KY563081	NA-NA	NA	NA-NA	NA	0-396	1
KY563080	NA-NA	NA	NA-NA	NA	0-396	1
KX431950	NA-NA	NA	2-299	1	291-799	1
KX431949	NA-NA	NA	2-299	1	291-799	1
KX431948	NA-NA	NA	2-299	1	291-799	1
KX431947	NA-NA	NA	2-299	1	291-799	1
KX431946	NA-NA	NA	2-299	1	291-799	1
AB769838	NA-NA	NA	NA-NA	NA	1-373	1
KX858533	NA-NA	NA	0-331	1	NA-NA	NA
KX858532	NA-NA	NA	0-384	1	NA-NA	NA
KX858531	NA-NA	NA	0-384	1	NA-NA	NA
KX858530	NA-NA	NA	1-385	1	NA-NA	NA
KX858529	NA-NA	NA	1-385	1	NA-NA	NA
KX858528	NA-NA	NA	1-385	1	NA-NA	NA
KX858527	NA-NA	NA	1-367	1	NA-NA	NA
KX858526	NA-NA	NA	1-385	1	NA-NA	NA
KX858525	NA-NA	NA	1-385	1	NA-NA	NA
KX858524	NA-NA	NA	0-384	1	NA-NA	NA
KX858523	NA-NA	NA	1-385	1	NA-NA	NA
KX858522	NA-NA	NA	1-385	1	NA-NA	NA
KX858521	NA-NA	NA	1-385	1	NA-NA	NA
KX858520	NA-NA	NA	0-331	1	NA-NA	NA
KX858519	NA-NA	NA	1-385	1	NA-NA	NA
KX858518	NA-NA	NA	1-373	1	NA-NA	NA
KX858517	NA-NA	NA	1-385	1	NA-NA	NA
KX858516	NA-NA	NA	0-377	1	NA-NA	NA
KX858515	NA-NA	NA	1-385	1	NA-NA	NA
KX858514	NA-NA	NA	1-385	1	NA-NA	NA
KX858513	NA-NA	NA	1-385	1	NA-NA	NA
KX858512	NA-NA	NA	1-385	1	NA-NA	NA
KX858511	NA-NA	NA	1-385	1	NA-NA	NA
KX858510	NA-NA	NA	1-379	1	NA-NA	NA
KX858509	NA-NA	NA	1-385	1	NA-NA	NA
KX858508	NA-NA	NA	0-384	1	NA-NA	NA
KX858507	NA-NA	NA	1-385	1	NA-NA	NA
KX858506	NA-NA	NA	1-385	1	NA-NA	NA
KX858505	NA-NA	NA	0-384	1	NA-NA	NA
KX858504	NA-NA	NA	0-384	1	NA-NA	NA
KX858503	NA-NA	NA	1-385	1	NA-NA	NA
KX858502	NA-NA	NA	2-383	1	NA-NA	NA
KX858501	NA-NA	NA	0-384	1	NA-NA	NA
KX858500	NA-NA	NA	1-385	1	NA-NA	NA
KX858499	NA-NA	NA	1-385	1	NA-NA	NA
KX858498	NA-NA	NA	1-385	1	NA-NA	NA
KX858497	NA-NA	NA	1-385	1	NA-NA	NA
KX858496	NA-NA	NA	1-385	1	NA-NA	NA
KX858495	NA-NA	NA	1-385	1	NA-NA	NA
KX858494	NA-NA	NA	1-382	1	NA-NA	NA
KX858493	NA-NA	NA	0-331	1	NA-NA	NA
KX858492	NA-NA	NA	2-282	1	NA-NA	NA
KX858491	NA-NA	NA	2-320	1	NA-NA	NA
KX858490	NA-NA	NA	1-367	1	NA-NA	NA
KX858489	NA-NA	NA	1-328	1	NA-NA	NA
KX858488	NA-NA	NA	1-367	1	NA-NA	NA
KX858487	NA-NA	NA	1-367	1	NA-NA	NA
KX858486	NA-NA	NA	1-367	1	NA-NA	NA
KX858485	NA-NA	NA	1-367	1	NA-NA	NA
KX858484	NA-NA	NA	1-367	1	NA-NA	NA
KX858483	NA-NA	NA	1-307	1	NA-NA	NA
KX858482	NA-NA	NA	1-307	1	NA-NA	NA
KX858481	NA-NA	NA	1-325	1	NA-NA	NA
KX858480	NA-NA	NA	1-367	1	NA-NA	NA
KX858479	NA-NA	NA	1-367	1	NA-NA	NA
KX858478	NA-NA	NA	1-367	1	NA-NA	NA
KX858477	NA-NA	NA	1-367	1	NA-NA	NA
KX858476	NA-NA	NA	1-336	1	NA-NA	NA
KX858475	NA-NA	NA	1-336	1	NA-NA	NA
KX858474	NA-NA	NA	1-367	1	NA-NA	NA
KX858473	NA-NA	NA	1-367	1	NA-NA	NA
KX858472	NA-NA	NA	1-367	1	NA-NA	NA
KX858471	NA-NA	NA	0-333	1	NA-NA	NA
KX858470	NA-NA	NA	1-367	1	NA-NA	NA
KX858469	NA-NA	NA	1-329	1	NA-NA	NA
KX858468	NA-NA	NA	1-367	1	NA-NA	NA
KX858467	NA-NA	NA	1-318	1	NA-NA	NA
KX858466	NA-NA	NA	1-385	1	NA-NA	NA
KX858465	NA-NA	NA	1-385	1	NA-NA	NA
KX858464	NA-NA	NA	1-385	1	NA-NA	NA
KX858463	NA-NA	NA	2-383	1	NA-NA	NA
KX858462	NA-NA	NA	2-383	1	NA-NA	NA
KX858461	NA-NA	NA	1-382	1	NA-NA	NA
KX858460	NA-NA	NA	1-385	1	NA-NA	NA
KX858459	NA-NA	NA	0-384	1	NA-NA	NA
KX858458	NA-NA	NA	1-385	1	NA-NA	NA
KX858457	NA-NA	NA	0-384	1	NA-NA	NA
KX858456	NA-NA	NA	0-384	1	NA-NA	NA
KX858455	NA-NA	NA	0-384	1	NA-NA	NA
KX858454	NA-NA	NA	0-368	1	NA-NA	NA
KX858453	NA-NA	NA	1-385	1	NA-NA	NA
KX858452	NA-NA	NA	0-348	1	NA-NA	NA
KX858451	NA-NA	NA	0-384	1	NA-NA	NA
KX858450	NA-NA	NA	0-368	1	NA-NA	NA
KX858449	NA-NA	NA	1-382	1	NA-NA	NA
KX858448	NA-NA	NA	1-385	1	NA-NA	NA
KX858447	NA-NA	NA	0-384	1	NA-NA	NA
KX858446	NA-NA	NA	1-385	1	NA-NA	NA
KX858445	NA-NA	NA	0-384	1	NA-NA	NA
KX858444	NA-NA	NA	1-385	1	NA-NA	NA
KX858443	NA-NA	NA	1-382	1	NA-NA	NA
KX858442	NA-NA	NA	1-385	1	NA-NA	NA
KX858441	NA-NA	NA	0-348	1	NA-NA	NA
KX858440	NA-NA	NA	1-385	1	NA-NA	NA
KX858439	NA-NA	NA	1-385	1	NA-NA	NA
KX858438	NA-NA	NA	1-385	1	NA-NA	NA
KX858437	NA-NA	NA	1-385	1	NA-NA	NA
KX858436	NA-NA	NA	0-348	1	NA-NA	NA
KX858435	NA-NA	NA	0-384	1	NA-NA	NA
KX858434	NA-NA	NA	1-381	1	NA-NA	NA
KX858433	NA-NA	NA	1-385	1	NA-NA	NA
KX858432	NA-NA	NA	2-326	1	NA-NA	NA
KX858431	NA-NA	NA	2-380	1	NA-NA	NA
KX858430	NA-NA	NA	1-385	1	NA-NA	NA
KX858429	NA-NA	NA	0-348	1	NA-NA	NA
KX858428	NA-NA	NA	1-385	1	NA-NA	NA
KX858427	NA-NA	NA	1-385	1	NA-NA	NA
KX858426	NA-NA	NA	1-385	1	NA-NA	NA
KX858425	NA-NA	NA	2-380	1	NA-NA	NA
KX858424	NA-NA	NA	1-385	1	NA-NA	NA
KX858423	NA-NA	NA	0-348	1	NA-NA	NA
KX858422	NA-NA	NA	0-304	1	NA-NA	NA
KX858421	NA-NA	NA	1-367	1	NA-NA	NA
KX858420	NA-NA	NA	1-367	1	NA-NA	NA
KX858419	NA-NA	NA	1-367	1	NA-NA	NA
KX858418	NA-NA	NA	0-348	1	NA-NA	NA
KX858417	NA-NA	NA	0-366	1	NA-NA	NA
KX858416	NA-NA	NA	0-366	1	NA-NA	NA
KX858415	NA-NA	NA	1-367	1	NA-NA	NA
KX858414	NA-NA	NA	1-367	1	NA-NA	NA
KX858413	NA-NA	NA	1-367	1	NA-NA	NA
KX858412	NA-NA	NA	0-366	1	NA-NA	NA
KX858411	NA-NA	NA	1-367	1	NA-NA	NA
KX858410	NA-NA	NA	1-367	1	NA-NA	NA
KX858409	NA-NA	NA	0-366	1	NA-NA	NA
KX858408	NA-NA	NA	2-365	1	NA-NA	NA
KX858407	NA-NA	NA	1-367	1	NA-NA	NA
KX858406	NA-NA	NA	0-366	1	NA-NA	NA
KX858405	NA-NA	NA	1-367	1	NA-NA	NA
KX858404	NA-NA	NA	0-366	1	NA-NA	NA
KX858403	NA-NA	NA	0-365	1	NA-NA	NA
KX858402	NA-NA	NA	1-367	1	NA-NA	NA
KX858401	NA-NA	NA	0-366	1	NA-NA	NA
KX858400	NA-NA	NA	0-366	1	NA-NA	NA
KX858399	NA-NA	NA	0-366	1	NA-NA	NA
KX858398	NA-NA	NA	0-366	1	NA-NA	NA
KX858397	NA-NA	NA	0-366	1	NA-NA	NA
KX858396	NA-NA	NA	1-367	1	NA-NA	NA
KX858395	NA-NA	NA	0-366	1	NA-NA	NA
KX858394	NA-NA	NA	1-367	1	NA-NA	NA
KX858393	NA-NA	NA	0-366	1	NA-NA	NA
KX858392	NA-NA	NA	0-376	1	NA-NA	NA
KX858391	NA-NA	NA	0-335	1	NA-NA	NA
KX858390	NA-NA	NA	1-378	1	NA-NA	NA
KX858389	NA-NA	NA	1-378	1	NA-NA	NA
KX858388	NA-NA	NA	0-295	1	NA-NA	NA
KX858387	NA-NA	NA	1-378	1	NA-NA	NA
KX858386	NA-NA	NA	1-367	1	NA-NA	NA
KX858385	NA-NA	NA	0-376	1	NA-NA	NA
KX858384	NA-NA	NA	0-295	1	NA-NA	NA
KX858383	NA-NA	NA	0-366	1	NA-NA	NA
KX858382	NA-NA	NA	2-323	1	NA-NA	NA
KX858381	NA-NA	NA	1-385	1	NA-NA	NA
KX858380	NA-NA	NA	1-373	1	NA-NA	NA
KX858379	NA-NA	NA	1-373	1	NA-NA	NA
KX858378	NA-NA	NA	1-373	1	NA-NA	NA
KX858377	NA-NA	NA	1-373	1	NA-NA	NA
KX858376	NA-NA	NA	1-382	1	NA-NA	NA
KX858375	NA-NA	NA	1-373	1	NA-NA	NA
KX858374	NA-NA	NA	1-373	1	NA-NA	NA
KX858373	NA-NA	NA	1-370	1	NA-NA	NA
KX858372	NA-NA	NA	1-382	1	NA-NA	NA
KX858371	NA-NA	NA	1-385	1	NA-NA	NA
KX858370	NA-NA	NA	1-384	1	NA-NA	NA
KX858369	NA-NA	NA	1-373	1	NA-NA	NA
KX858368	NA-NA	NA	1-382	1	NA-NA	NA
KX858367	NA-NA	NA	0-381	1	NA-NA	NA
KX858366	NA-NA	NA	1-373	1	NA-NA	NA
KX858365	NA-NA	NA	1-373	1	NA-NA	NA
KX858364	NA-NA	NA	1-382	1	NA-NA	NA
KX858363	NA-NA	NA	1-382	1	NA-NA	NA
KX858362	NA-NA	NA	1-382	1	NA-NA	NA
KX858361	NA-NA	NA	1-385	1	NA-NA	NA
KX858360	NA-NA	NA	1-373	1	NA-NA	NA
KX858359	NA-NA	NA	1-373	1	NA-NA	NA
KX858358	NA-NA	NA	0-381	1	NA-NA	NA
KX858357	NA-NA	NA	1-382	1	NA-NA	NA
KX858356	NA-NA	NA	1-382	1	NA-NA	NA
KX858355	NA-NA	NA	1-373	1	NA-NA	NA
KX858354	NA-NA	NA	1-373	1	NA-NA	NA
KX858353	NA-NA	NA	0-372	1	NA-NA	NA
KX858352	NA-NA	NA	0-372	1	NA-NA	NA
KX858351	NA-NA	NA	1-373	1	NA-NA	NA
KX858350	NA-NA	NA	1-373	1	NA-NA	NA
KX858349	NA-NA	NA	1-385	1	NA-NA	NA
KX858348	NA-NA	NA	0-366	1	NA-NA	NA
KY320416	NA-NA	NA	1-391	1	NA-NA	NA
KY320415	NA-NA	NA	1-391	1	NA-NA	NA
KY320414	NA-NA	NA	1-391	1	NA-NA	NA
KY320413	NA-NA	NA	1-391	1	NA-NA	NA
KY320412	NA-NA	NA	1-376	1	NA-NA	NA
KY320411	NA-NA	NA	1-376	1	NA-NA	NA
KY320410	NA-NA	NA	1-391	1	NA-NA	NA
KY320409	NA-NA	NA	1-391	1	NA-NA	NA
KY320408	NA-NA	NA	1-391	1	NA-NA	NA
KY320407	NA-NA	NA	1-391	1	NA-NA	NA
KY320406	NA-NA	NA	1-391	1	NA-NA	NA
KY320405	NA-NA	NA	1-388	1	NA-NA	NA
KU510484	NA-NA	NA	3-370	1	NA-NA	NA
KU510483	NA-NA	NA	3-369	1	NA-NA	NA
KU510482	NA-NA	NA	3-369	1	NA-NA	NA
KU510481	NA-NA	NA	3-369	1	NA-NA	NA
KU510480	NA-NA	NA	3-369	1	NA-NA	NA
KU510479	NA-NA	NA	3-369	1	NA-NA	NA
KU510478	NA-NA	NA	3-366	1	NA-NA	NA
KU510477	NA-NA	NA	3-366	1	NA-NA	NA
KU510476	NA-NA	NA	3-366	1	NA-NA	NA
KU510475	NA-NA	NA	3-366	1	NA-NA	NA
KU510474	NA-NA	NA	3-366	1	NA-NA	NA
KU510473	NA-NA	NA	3-366	1	NA-NA	NA
KU510472	NA-NA	NA	3-366	1	NA-NA	NA
KU510471	NA-NA	NA	3-366	1	NA-NA	NA
KU510470	NA-NA	NA	3-366	1	NA-NA	NA
KU510469	NA-NA	NA	3-366	1	NA-NA	NA
KU510468	NA-NA	NA	3-366	1	NA-NA	NA
KU510467	NA-NA	NA	3-366	1	NA-NA	NA
KU510466	NA-NA	NA	3-366	1	NA-NA	NA
KU510465	NA-NA	NA	3-366	1	NA-NA	NA
KU510464	NA-NA	NA	3-366	1	NA-NA	NA
KU510463	NA-NA	NA	3-366	1	NA-NA	NA
KU510462	NA-NA	NA	1-366	1	NA-NA	NA
KU510461	NA-NA	NA	3-366	1	NA-NA	NA
KU510460	NA-NA	NA	3-366	1	NA-NA	NA
KU510459	NA-NA	NA	3-366	1	NA-NA	NA
KU510458	NA-NA	NA	3-366	1	NA-NA	NA
KU510457	NA-NA	NA	3-366	1	NA-NA	NA
KU510456	NA-NA	NA	3-366	1	NA-NA	NA
KU510455	NA-NA	NA	3-366	1	NA-NA	NA
KU510454	NA-NA	NA	3-366	1	NA-NA	NA
KU510453	NA-NA	NA	3-366	1	NA-NA	NA
KU510452	NA-NA	NA	3-364	1	NA-NA	NA
KU510451	NA-NA	NA	3-363	1	NA-NA	NA
KU510450	NA-NA	NA	3-363	1	NA-NA	NA
KU510449	NA-NA	NA	3-363	1	NA-NA	NA
KU510448	NA-NA	NA	3-363	1	NA-NA	NA
KU510447	NA-NA	NA	1-363	1	NA-NA	NA
KU510446	NA-NA	NA	3-363	1	NA-NA	NA
KU510445	NA-NA	NA	3-363	1	NA-NA	NA
KU510444	NA-NA	NA	3-363	1	NA-NA	NA
KU510443	NA-NA	NA	3-360	1	NA-NA	NA
KU510442	NA-NA	NA	3-357	1	NA-NA	NA
KU510441	NA-NA	NA	3-357	1	NA-NA	NA
KY024238	31-2692	1	2646-4179	1	4171-6538	1
KY024237	30-2694	1	2651-4190	1	4182-6600	1
KX702367	NA-NA	NA	0-340	1	NA-NA	NA
KX702366	NA-NA	NA	0-349	1	NA-NA	NA
KX702365	NA-NA	NA	0-349	1	NA-NA	NA
KX702364	NA-NA	NA	0-349	1	NA-NA	NA
KX702363	NA-NA	NA	0-349	1	NA-NA	NA
KX702362	NA-NA	NA	0-349	1	NA-NA	NA
KX702361	NA-NA	NA	0-349	1	NA-NA	NA
KX702360	NA-NA	NA	0-349	1	NA-NA	NA
KX702359	NA-NA	NA	0-348	1	NA-NA	NA
KX702358	NA-NA	NA	0-352	1	NA-NA	NA
KX702357	NA-NA	NA	0-352	1	NA-NA	NA
KX702356	NA-NA	NA	0-352	1	NA-NA	NA
KX702355	NA-NA	NA	0-352	1	NA-NA	NA
KX702354	NA-NA	NA	0-352	1	NA-NA	NA
KX702353	NA-NA	NA	0-351	1	NA-NA	NA
KX702352	NA-NA	NA	0-351	1	NA-NA	NA
KX702351	NA-NA	NA	0-351	1	NA-NA	NA
KX702350	NA-NA	NA	0-351	1	NA-NA	NA
KX702349	NA-NA	NA	0-351	1	NA-NA	NA
KX702348	NA-NA	NA	0-351	1	NA-NA	NA
KX702347	NA-NA	NA	0-351	1	NA-NA	NA
KX702346	NA-NA	NA	0-387	1	NA-NA	NA
KX702345	NA-NA	NA	0-387	1	NA-NA	NA
KX702344	NA-NA	NA	0-369	1	NA-NA	NA
KX702343	NA-NA	NA	0-384	1	NA-NA	NA
KX702342	NA-NA	NA	0-369	1	NA-NA	NA
KX702341	NA-NA	NA	0-369	1	NA-NA	NA
KX702340	NA-NA	NA	0-369	1	NA-NA	NA
KX702339	NA-NA	NA	0-387	1	NA-NA	NA
KX702338	NA-NA	NA	0-387	1	NA-NA	NA
KX702337	NA-NA	NA	0-384	1	NA-NA	NA
KX027308	NA-NA	NA	NA-NA	NA	2-389	1
KX027307	NA-NA	NA	NA-NA	NA	0-211	1
KX932067	NA-NA	NA	0-387	1	NA-NA	NA
KX932066	NA-NA	NA	0-360	1	NA-NA	NA
KX932065	NA-NA	NA	0-366	1	NA-NA	NA
KX932064	NA-NA	NA	0-366	1	NA-NA	NA
KX932063	NA-NA	NA	0-366	1	NA-NA	NA
KX932062	NA-NA	NA	0-366	1	NA-NA	NA
KX932061	NA-NA	NA	0-366	1	NA-NA	NA
KX932060	NA-NA	NA	0-366	1	NA-NA	NA
KX932059	NA-NA	NA	0-366	1	NA-NA	NA
KX932058	NA-NA	NA	0-366	1	NA-NA	NA
KX932057	NA-NA	NA	NA-NA	NA	0-1154	1
KX932056	NA-NA	NA	NA-NA	NA	0-1154	1
KX932055	NA-NA	NA	NA-NA	NA	0-1154	1
KX932054	NA-NA	NA	NA-NA	NA	0-1154	1
KX932053	NA-NA	NA	NA-NA	NA	0-1154	1
KX932052	NA-NA	NA	NA-NA	NA	0-1154	1
KX932051	NA-NA	NA	NA-NA	NA	0-1154	1
KX932050	NA-NA	NA	NA-NA	NA	0-1154	1
KX932049	NA-NA	NA	NA-NA	NA	0-1154	1
KX932048	NA-NA	NA	NA-NA	NA	0-1154	1
KX932047	NA-NA	NA	NA-NA	NA	0-1154	1
KY038380	NA-NA	NA	2-344	1	NA-NA	NA
KY024236	NA-NA	NA	0-407	1	NA-NA	NA
KY024235	NA-NA	NA	0-422	1	NA-NA	NA
KY024234	NA-NA	NA	0-407	1	NA-NA	NA
KY024233	NA-NA	NA	0-407	1	NA-NA	NA
KY024232	NA-NA	NA	0-399	1	NA-NA	NA
KY024231	NA-NA	NA	0-407	1	NA-NA	NA
KY024230	NA-NA	NA	0-407	1	NA-NA	NA
KY024229	NA-NA	NA	0-407	1	NA-NA	NA
KY024228	NA-NA	NA	0-407	1	NA-NA	NA
KY024227	NA-NA	NA	0-407	1	NA-NA	NA
KY024226	NA-NA	NA	0-407	1	NA-NA	NA
KY024225	NA-NA	NA	0-404	1	NA-NA	NA
KY038163	13-3433	1	3414-4974	1	4998-7215	1
KX033447	103-2589	1	2589-4098	1	4090-6571	1
KY047762	NA-NA	NA	0-377	1	NA-NA	NA
KY047761	NA-NA	NA	0-377	1	NA-NA	NA
KY047760	NA-NA	NA	0-377	1	NA-NA	NA
KY047759	NA-NA	NA	0-377	1	NA-NA	NA
KY047758	NA-NA	NA	0-377	1	NA-NA	NA
KY047757	NA-NA	NA	0-377	1	NA-NA	NA
KY047756	NA-NA	NA	0-377	1	NA-NA	NA
KY047755	NA-NA	NA	0-377	1	NA-NA	NA
KY047754	NA-NA	NA	0-377	1	NA-NA	NA
KY047753	NA-NA	NA	0-377	1	NA-NA	NA
KY047752	NA-NA	NA	2-367	1	NA-NA	NA
KY047751	NA-NA	NA	0-377	1	NA-NA	NA
KY047750	NA-NA	NA	0-377	1	NA-NA	NA
KY047749	NA-NA	NA	0-377	1	NA-NA	NA
KY047748	NA-NA	NA	0-377	1	NA-NA	NA
KY047747	NA-NA	NA	0-377	1	NA-NA	NA
KY047746	NA-NA	NA	0-377	1	NA-NA	NA
KY047745	NA-NA	NA	2-367	1	NA-NA	NA
KY047744	NA-NA	NA	2-367	1	NA-NA	NA
KY047743	NA-NA	NA	2-367	1	NA-NA	NA
KY047742	NA-NA	NA	2-367	1	NA-NA	NA
KY047741	NA-NA	NA	2-367	1	NA-NA	NA
KY047740	NA-NA	NA	2-367	1	NA-NA	NA
KY047739	NA-NA	NA	2-367	1	NA-NA	NA
KY047738	NA-NA	NA	2-367	1	NA-NA	NA
KY047737	NA-NA	NA	2-367	1	NA-NA	NA
KY047736	NA-NA	NA	2-367	1	NA-NA	NA
KY047735	NA-NA	NA	2-367	1	NA-NA	NA
KY047734	NA-NA	NA	2-367	1	NA-NA	NA
KY047733	NA-NA	NA	2-370	1	NA-NA	NA
KY047732	NA-NA	NA	2-367	1	NA-NA	NA
KY047731	NA-NA	NA	2-367	1	NA-NA	NA
KY047730	NA-NA	NA	NA-NA	NA	7-778	1
KY047729	NA-NA	NA	NA-NA	NA	7-778	1
KY047728	NA-NA	NA	NA-NA	NA	7-778	1
KY047727	NA-NA	NA	NA-NA	NA	7-778	1
KY047726	NA-NA	NA	NA-NA	NA	7-778	1
KY047725	NA-NA	NA	NA-NA	NA	7-774	1
KY047724	NA-NA	NA	NA-NA	NA	7-778	1
KY047723	NA-NA	NA	NA-NA	NA	7-778	1
KY047722	NA-NA	NA	NA-NA	NA	7-778	1
KY047721	NA-NA	NA	NA-NA	NA	7-778	1
KY047720	NA-NA	NA	NA-NA	NA	7-778	1
KY047719	NA-NA	NA	NA-NA	NA	7-778	1
KY047718	NA-NA	NA	NA-NA	NA	131-381	1
KY047717	NA-NA	NA	NA-NA	NA	132-382	1
KY047716	NA-NA	NA	NA-NA	NA	132-382	1
KY047715	NA-NA	NA	NA-NA	NA	132-382	1
KY047714	NA-NA	NA	NA-NA	NA	132-382	1
KY047713	NA-NA	NA	NA-NA	NA	132-382	1
KY047712	NA-NA	NA	NA-NA	NA	132-382	1
KY047711	NA-NA	NA	NA-NA	NA	132-382	1
KY047710	NA-NA	NA	NA-NA	NA	132-379	1
KY047709	NA-NA	NA	NA-NA	NA	132-382	1
KY047708	NA-NA	NA	NA-NA	NA	132-382	1
KY047707	NA-NA	NA	NA-NA	NA	132-382	1
KY047706	NA-NA	NA	NA-NA	NA	132-382	1
KY047705	NA-NA	NA	NA-NA	NA	133-383	1
KY047704	NA-NA	NA	NA-NA	NA	132-382	1
KY047703	NA-NA	NA	NA-NA	NA	132-382	1
KY047702	NA-NA	NA	0-302	1	NA-NA	NA
KY047701	NA-NA	NA	0-302	1	NA-NA	NA
KY047700	NA-NA	NA	0-305	1	NA-NA	NA
KY047699	NA-NA	NA	0-302	1	NA-NA	NA
KY047698	NA-NA	NA	0-302	1	NA-NA	NA
KY047697	NA-NA	NA	0-302	1	NA-NA	NA
KY047696	NA-NA	NA	0-302	1	NA-NA	NA
KY047695	NA-NA	NA	0-302	1	NA-NA	NA
KY047694	NA-NA	NA	0-305	1	NA-NA	NA
KY047693	NA-NA	NA	0-302	1	NA-NA	NA
KY047692	NA-NA	NA	0-302	1	NA-NA	NA
KY047691	NA-NA	NA	0-302	1	NA-NA	NA
KY047690	NA-NA	NA	0-302	1	NA-NA	NA
KY047689	NA-NA	NA	0-302	1	NA-NA	NA
KY047688	NA-NA	NA	0-302	1	NA-NA	NA
KY047687	NA-NA	NA	0-302	1	NA-NA	NA
KY047686	NA-NA	NA	0-302	1	NA-NA	NA
KY047685	NA-NA	NA	0-302	1	NA-NA	NA
KY047684	NA-NA	NA	0-302	1	NA-NA	NA
KY047683	NA-NA	NA	0-302	1	NA-NA	NA
KY047682	NA-NA	NA	0-302	1	NA-NA	NA
KY047681	NA-NA	NA	0-302	1	NA-NA	NA
KY047680	NA-NA	NA	0-302	1	NA-NA	NA
KY047679	NA-NA	NA	0-302	1	NA-NA	NA
KY047678	NA-NA	NA	0-302	1	NA-NA	NA
KY047677	NA-NA	NA	0-302	1	NA-NA	NA
KY047676	NA-NA	NA	0-302	1	NA-NA	NA
KY047675	NA-NA	NA	0-302	1	NA-NA	NA
KY047674	NA-NA	NA	0-302	1	NA-NA	NA
KY047673	NA-NA	NA	0-302	1	NA-NA	NA
KY047672	NA-NA	NA	0-302	1	NA-NA	NA
KY047671	NA-NA	NA	0-302	1	NA-NA	NA
KY047670	NA-NA	NA	0-302	1	NA-NA	NA
KY047669	NA-NA	NA	0-302	1	NA-NA	NA
KY047668	NA-NA	NA	0-302	1	NA-NA	NA
KY047667	NA-NA	NA	0-302	1	NA-NA	NA
KY047666	NA-NA	NA	0-302	1	NA-NA	NA
KY047665	NA-NA	NA	0-302	1	NA-NA	NA
KY047664	NA-NA	NA	0-305	1	NA-NA	NA
KX907135	NA-NA	NA	76-4294	1	4103-5399	1
KX907134	NA-NA	NA	NA-NA	NA	3726-5772	1
KX907133	NA-NA	NA	NA-NA	NA	3691-5587	1
KX907132	NA-NA	NA	8-3680	1	3685-5692	1
KX907131	NA-NA	NA	NA-NA	NA	3821-5246	1
KX907130	NA-NA	NA	125-3797	1	3802-5809	1
KX907129	NA-NA	NA	7-3679	1	3684-5691	1
KX907128	NA-NA	NA	0-3639	1	3644-5651	1
KX907127	NA-NA	NA	0-3447	1	3452-5459	1
KX599354	NA-NA	NA	2-770	1	618-3087	1
KX599353	45-2715	1	2672-4202	1	4014-6486	1
KX599352	42-2709	1	2666-4196	1	4008-6486	1
KX599351	45-2715	1	2672-4202	1	4014-6486	1
KX599350	19-2689	1	2646-4176	1	3988-6493	1
KX599349	60-2730	1	2687-4217	1	4029-6504	1
KU954489	NA-NA	NA	1-411	1	NA-NA	NA
KU954488	NA-NA	NA	0-426	1	NA-NA	NA
KU954487	NA-NA	NA	0-426	1	NA-NA	NA
KU954486	NA-NA	NA	0-426	1	NA-NA	NA
KU954485	NA-NA	NA	0-426	1	NA-NA	NA
KU954484	NA-NA	NA	0-426	1	NA-NA	NA
KU954483	NA-NA	NA	0-426	1	NA-NA	NA
KU954482	NA-NA	NA	0-411	1	NA-NA	NA
KU954481	NA-NA	NA	1-403	1	NA-NA	NA
KU954480	NA-NA	NA	0-411	1	NA-NA	NA
KU954479	NA-NA	NA	0-426	1	NA-NA	NA
KU954478	NA-NA	NA	0-426	1	NA-NA	NA
KU954477	NA-NA	NA	0-426	1	NA-NA	NA
KU954476	NA-NA	NA	0-426	1	NA-NA	NA
KU954475	NA-NA	NA	0-411	1	NA-NA	NA
KU954474	NA-NA	NA	0-411	1	NA-NA	NA
KU954473	NA-NA	NA	0-411	1	NA-NA	NA
KU954472	NA-NA	NA	1-400	1	NA-NA	NA
KU954471	NA-NA	NA	0-405	1	NA-NA	NA
KU954470	NA-NA	NA	0-411	1	NA-NA	NA
KU954469	NA-NA	NA	1-364	1	NA-NA	NA
KU954468	NA-NA	NA	0-411	1	NA-NA	NA
KU954467	NA-NA	NA	0-411	1	NA-NA	NA
KU954466	NA-NA	NA	0-422	1	NA-NA	NA
KU954465	NA-NA	NA	0-396	1	NA-NA	NA
KU954464	NA-NA	NA	0-426	1	NA-NA	NA
KU954463	NA-NA	NA	0-426	1	NA-NA	NA
KU954462	NA-NA	NA	0-426	1	NA-NA	NA
KU954461	NA-NA	NA	0-426	1	NA-NA	NA
KU954460	NA-NA	NA	0-405	1	NA-NA	NA
KU954459	NA-NA	NA	0-405	1	NA-NA	NA
KU954458	NA-NA	NA	1-411	1	NA-NA	NA
KU954457	NA-NA	NA	0-405	1	NA-NA	NA
KU954456	NA-NA	NA	0-411	1	NA-NA	NA
KU954455	NA-NA	NA	0-411	1	NA-NA	NA
KU954454	NA-NA	NA	1-403	1	NA-NA	NA
KU954453	NA-NA	NA	0-396	1	NA-NA	NA
KU954452	NA-NA	NA	0-411	1	NA-NA	NA
KU954451	NA-NA	NA	0-396	1	NA-NA	NA
KU954450	NA-NA	NA	1-409	1	NA-NA	NA
KU954449	NA-NA	NA	0-423	1	NA-NA	NA
KU189273	NA-NA	NA	0-245	1	NA-NA	NA
KU189272	NA-NA	NA	0-242	1	NA-NA	NA
KU189271	NA-NA	NA	0-242	1	NA-NA	NA
KU189270	NA-NA	NA	0-242	1	NA-NA	NA
KU189269	NA-NA	NA	0-242	1	NA-NA	NA
KU189268	NA-NA	NA	0-242	1	NA-NA	NA
KU189267	NA-NA	NA	0-242	1	NA-NA	NA
KU189266	NA-NA	NA	0-242	1	NA-NA	NA
KU189265	NA-NA	NA	0-242	1	NA-NA	NA
KU189264	NA-NA	NA	0-242	1	NA-NA	NA
KU189263	NA-NA	NA	0-242	1	NA-NA	NA
KU189262	NA-NA	NA	0-242	1	NA-NA	NA
KU189261	NA-NA	NA	0-242	1	NA-NA	NA
KX779117	NA-NA	NA	0-487	1	NA-NA	NA
KX779116	NA-NA	NA	0-487	1	NA-NA	NA
KX779115	NA-NA	NA	0-487	1	NA-NA	NA
KX779114	NA-NA	NA	0-487	1	NA-NA	NA
KX779113	NA-NA	NA	0-487	1	NA-NA	NA
KX779112	NA-NA	NA	0-484	1	NA-NA	NA
KX060809	89-2576	1	2575-4084	1	4076-6584	1
KX060808	89-2576	1	2575-4084	1	4076-6551	1
JF491430	54-2841	1	2780-4328	1	4320-6705	1
GQ901902	52-2818	1	2757-4305	1	4297-6634	1
GU732187	54-2841	1	2780-4328	1	4320-6705	1
GU223905	54-2841	1	2780-4328	1	4320-6705	1
GQ373013	NA-NA	NA	NA-NA	NA	1-373	1
GQ373012	NA-NA	NA	NA-NA	NA	1-373	1
GQ373011	NA-NA	NA	NA-NA	NA	1-373	1
GQ373010	NA-NA	NA	NA-NA	NA	1-373	1
GQ373009	NA-NA	NA	NA-NA	NA	1-373	1
GQ373008	NA-NA	NA	NA-NA	NA	1-373	1
GQ373007	NA-NA	NA	NA-NA	NA	1-373	1
GQ373006	NA-NA	NA	NA-NA	NA	1-373	1
GQ373005	NA-NA	NA	NA-NA	NA	1-373	1
GQ373004	NA-NA	NA	NA-NA	NA	1-373	1
FJ866761	NA-NA	NA	NA-NA	NA	1-373	1
KX645667	NA-NA	NA	0-699	1	691-3016	1
LN612591	NA-NA	NA	NA-NA	NA	0-348	1
LN612590	NA-NA	NA	NA-NA	NA	2-257	1
LN612589	NA-NA	NA	NA-NA	NA	1-305	1
LN612588	NA-NA	NA	NA-NA	NA	1-373	1
LN612587	NA-NA	NA	NA-NA	NA	1-373	1
LN612586	NA-NA	NA	NA-NA	NA	1-373	1
LN612585	NA-NA	NA	NA-NA	NA	1-373	1
LN612584	NA-NA	NA	NA-NA	NA	1-373	1
LN612583	NA-NA	NA	NA-NA	NA	1-373	1
LN612582	NA-NA	NA	NA-NA	NA	1-373	1
LN612581	NA-NA	NA	NA-NA	NA	1-373	1
LN612580	NA-NA	NA	NA-NA	NA	1-373	1
KX022687	1-2338	1	NA-NA	NA	3802-6040	1
KT963071	NA-NA	NA	0-759	1	748-2986	1
KT963070	NA-NA	NA	0-756	1	748-2965	1
KT963069	NA-NA	NA	0-759	1	748-3004	1
KT818780	NA-NA	NA	NA-NA	NA	0-384	1
KT818779	NA-NA	NA	NA-NA	NA	0-384	1
KU711079	NA-NA	NA	NA-NA	NA	0-1883	1
KU711078	NA-NA	NA	NA-NA	NA	0-2226	1
KU711077	NA-NA	NA	NA-NA	NA	0-2034	1
KU711076	NA-NA	NA	NA-NA	NA	0-2034	1
KU711075	NA-NA	NA	NA-NA	NA	0-2034	1
KU711074	NA-NA	NA	NA-NA	NA	0-2019	1
KU711073	NA-NA	NA	NA-NA	NA	0-2019	1
KU711072	NA-NA	NA	NA-NA	NA	0-2037	1
KU711071	NA-NA	NA	NA-NA	NA	0-2028	1
KU711070	NA-NA	NA	NA-NA	NA	0-2028	1
KU711069	NA-NA	NA	NA-NA	NA	0-2037	1
KU711068	NA-NA	NA	NA-NA	NA	0-2037	1
KU711067	NA-NA	NA	NA-NA	NA	0-2031	1
KU711066	NA-NA	NA	NA-NA	NA	0-2031	1
KU711065	NA-NA	NA	NA-NA	NA	0-2046	1
KU711064	NA-NA	NA	NA-NA	NA	0-2046	1
KU711063	NA-NA	NA	NA-NA	NA	0-2046	1
KU711062	NA-NA	NA	NA-NA	NA	0-2046	1
KU711061	NA-NA	NA	NA-NA	NA	0-2037	1
KU711060	NA-NA	NA	NA-NA	NA	0-2037	1
KU711059	NA-NA	NA	NA-NA	NA	0-2046	1
KU711058	NA-NA	NA	NA-NA	NA	0-2046	1
KU711057	NA-NA	NA	NA-NA	NA	0-2037	1
KU711056	NA-NA	NA	NA-NA	NA	0-2037	1
KU711055	NA-NA	NA	NA-NA	NA	0-2016	1
KU711054	NA-NA	NA	NA-NA	NA	0-2031	1
KU711053	NA-NA	NA	NA-NA	NA	0-2001	1
KU711052	NA-NA	NA	NA-NA	NA	0-2001	1
KU711051	NA-NA	NA	NA-NA	NA	0-2028	1
KU711050	NA-NA	NA	NA-NA	NA	0-2028	1
KU711049	NA-NA	NA	0-410	1	NA-NA	NA
KU711048	NA-NA	NA	0-387	1	NA-NA	NA
KU711047	NA-NA	NA	0-396	1	NA-NA	NA
KU711046	NA-NA	NA	0-390	1	NA-NA	NA
KU711045	NA-NA	NA	0-396	1	NA-NA	NA
KU711044	NA-NA	NA	0-410	1	NA-NA	NA
KU711043	NA-NA	NA	0-393	1	NA-NA	NA
KU711042	NA-NA	NA	0-409	1	NA-NA	NA
KU711041	NA-NA	NA	0-372	1	NA-NA	NA
KU711040	NA-NA	NA	0-410	1	NA-NA	NA
KU711039	NA-NA	NA	0-416	1	NA-NA	NA
KU711038	NA-NA	NA	0-395	1	NA-NA	NA
KU711037	NA-NA	NA	0-392	1	NA-NA	NA
KU711036	NA-NA	NA	0-409	1	NA-NA	NA
KU711035	NA-NA	NA	0-411	1	NA-NA	NA
KU711034	NA-NA	NA	0-416	1	NA-NA	NA
KU711033	NA-NA	NA	0-397	1	NA-NA	NA
KU711032	NA-NA	NA	0-391	1	NA-NA	NA
KU711031	NA-NA	NA	0-391	1	NA-NA	NA
KU711030	NA-NA	NA	0-411	1	NA-NA	NA
KU711029	NA-NA	NA	0-410	1	NA-NA	NA
KU711028	NA-NA	NA	0-415	1	NA-NA	NA
KU711027	NA-NA	NA	0-416	1	NA-NA	NA
KU711026	NA-NA	NA	0-335	1	NA-NA	NA
KU711025	NA-NA	NA	0-409	1	NA-NA	NA
KU711024	NA-NA	NA	0-410	1	NA-NA	NA
KU711023	NA-NA	NA	0-410	1	NA-NA	NA
KU711022	NA-NA	NA	0-412	1	NA-NA	NA
KU711021	NA-NA	NA	0-410	1	NA-NA	NA
KR349491	3-1170	1	1550-2159	1	2470-4972	1
KR349490	3-1170	1	1550-2657	1	2469-4944	1
KR349489	3-1170	1	1550-2657	1	2469-4944	1
KR349488	3-1170	1	1550-2657	1	2469-4944	1
KX273058	13-2377	1	2313-3849	1	3841-6079	1
KT725230	0-442	1	NA-NA	NA	NA-NA	NA
KT725229	0-442	1	NA-NA	NA	NA-NA	NA
KT725228	0-442	1	NA-NA	NA	NA-NA	NA
KT725227	0-442	1	NA-NA	NA	NA-NA	NA
KT725226	0-442	1	NA-NA	NA	NA-NA	NA
KT725225	0-442	1	NA-NA	NA	NA-NA	NA
KT725224	0-442	1	NA-NA	NA	NA-NA	NA
KT725223	0-442	1	NA-NA	NA	NA-NA	NA
KT725222	0-442	1	NA-NA	NA	NA-NA	NA
KT725221	0-442	1	NA-NA	NA	NA-NA	NA
KT725220	0-442	1	NA-NA	NA	NA-NA	NA
KT725219	0-442	1	NA-NA	NA	NA-NA	NA
KT725218	0-442	1	NA-NA	NA	NA-NA	NA
KT725217	0-442	1	NA-NA	NA	NA-NA	NA
KT757532	NA-NA	NA	2-299	1	NA-NA	NA
KT757531	NA-NA	NA	0-267	1	NA-NA	NA
KT757530	NA-NA	NA	2-239	1	NA-NA	NA
KT757529	NA-NA	NA	2-299	1	NA-NA	NA
KT757528	NA-NA	NA	NA-NA	NA	0-505	1
KT757527	NA-NA	NA	NA-NA	NA	0-458	1
KT757526	NA-NA	NA	NA-NA	NA	0-479	1
KT757525	NA-NA	NA	NA-NA	NA	0-508	1
FJ430562	2-224	1	NA-NA	NA	NA-NA	NA
FJ430561	1-223	1	NA-NA	NA	NA-NA	NA
FJ430560	0-223	1	NA-NA	NA	NA-NA	NA
FJ430559	2-222	1	NA-NA	NA	NA-NA	NA
FJ430558	1-233	1	NA-NA	NA	NA-NA	NA
FJ430557	1-235	1	NA-NA	NA	NA-NA	NA
FJ430556	0-223	1	NA-NA	NA	NA-NA	NA
FJ430555	1-227	1	NA-NA	NA	NA-NA	NA
FJ430554	1-215	1	NA-NA	NA	NA-NA	NA
FJ430553	1-223	1	NA-NA	NA	NA-NA	NA
FJ430552	1-227	1	NA-NA	NA	NA-NA	NA
FJ430551	0-224	1	NA-NA	NA	NA-NA	NA
FJ430550	0-221	1	NA-NA	NA	NA-NA	NA
FJ178641	NA-NA	NA	NA-NA	NA	103-784	-1
FJ160483	NA-NA	NA	NA-NA	NA	2-689	1
FJ160482	NA-NA	NA	NA-NA	NA	2-650	1
FJ160480	NA-NA	NA	NA-NA	NA	2-638	1
FJ165475	NA-NA	NA	NA-NA	NA	0-398	1
FJ165474	NA-NA	NA	NA-NA	NA	0-398	1
FJ165473	NA-NA	NA	NA-NA	NA	0-398	1
FJ165472	NA-NA	NA	NA-NA	NA	0-398	1
FJ165471	NA-NA	NA	NA-NA	NA	0-398	1
FJ165470	NA-NA	NA	NA-NA	NA	0-398	1
FJ165469	NA-NA	NA	NA-NA	NA	0-398	1
FJ169462	NA-NA	NA	NA-NA	NA	2-614	1
FJ169461	NA-NA	NA	NA-NA	NA	2-677	1
FJ169460	NA-NA	NA	NA-NA	NA	2-662	1
FJ169459	NA-NA	NA	NA-NA	NA	2-662	1
FJ169458	NA-NA	NA	NA-NA	NA	2-662	1
FJ169457	NA-NA	NA	NA-NA	NA	2-689	1
FJ004231	NA-NA	NA	NA-NA	NA	2-374	1
FJ004230	NA-NA	NA	NA-NA	NA	2-374	1
FJ004229	NA-NA	NA	NA-NA	NA	2-374	1
FJ004228	NA-NA	NA	NA-NA	NA	2-374	1
FJ004227	NA-NA	NA	NA-NA	NA	2-374	1
FJ004226	NA-NA	NA	NA-NA	NA	2-374	1
FJ004225	NA-NA	NA	NA-NA	NA	2-374	1
FJ004224	NA-NA	NA	NA-NA	NA	2-374	1
FJ004223	NA-NA	NA	NA-NA	NA	2-377	1
FJ004222	NA-NA	NA	NA-NA	NA	2-374	1
FJ004221	NA-NA	NA	NA-NA	NA	2-374	1
FJ004220	NA-NA	NA	NA-NA	NA	2-374	1
FJ004219	NA-NA	NA	NA-NA	NA	2-374	1
FJ004218	NA-NA	NA	NA-NA	NA	2-374	1
FJ004217	NA-NA	NA	NA-NA	NA	2-374	1
FJ004216	NA-NA	NA	NA-NA	NA	2-374	1
FJ004215	NA-NA	NA	NA-NA	NA	2-374	1
FJ004214	NA-NA	NA	NA-NA	NA	2-374	1
FJ004213	NA-NA	NA	NA-NA	NA	2-374	1
FJ004212	NA-NA	NA	NA-NA	NA	2-374	1
FJ004211	NA-NA	NA	NA-NA	NA	2-374	1
FJ004210	NA-NA	NA	NA-NA	NA	2-374	1
FJ004209	NA-NA	NA	NA-NA	NA	2-374	1
FJ004208	NA-NA	NA	NA-NA	NA	2-374	1
FJ004207	NA-NA	NA	NA-NA	NA	2-374	1
FJ004206	NA-NA	NA	NA-NA	NA	2-374	1
FJ004205	NA-NA	NA	NA-NA	NA	2-374	1
FJ004204	NA-NA	NA	NA-NA	NA	2-374	1
FJ004203	NA-NA	NA	NA-NA	NA	2-374	1
FJ004202	NA-NA	NA	NA-NA	NA	2-374	1
FJ004201	NA-NA	NA	NA-NA	NA	2-374	1
FJ004200	NA-NA	NA	NA-NA	NA	2-374	1
FJ004199	NA-NA	NA	NA-NA	NA	2-374	1
FJ004198	NA-NA	NA	NA-NA	NA	2-374	1
FJ004197	NA-NA	NA	NA-NA	NA	2-374	1
FJ004196	NA-NA	NA	NA-NA	NA	2-374	1
FJ004195	NA-NA	NA	NA-NA	NA	2-374	1
FJ004194	NA-NA	NA	NA-NA	NA	2-374	1
FJ004193	NA-NA	NA	NA-NA	NA	2-374	1
FJ004192	NA-NA	NA	NA-NA	NA	2-374	1
FJ004191	NA-NA	NA	NA-NA	NA	2-374	1
FJ004190	NA-NA	NA	NA-NA	NA	2-374	1
FJ004189	NA-NA	NA	NA-NA	NA	2-374	1
FJ004188	NA-NA	NA	NA-NA	NA	2-374	1
FJ004187	NA-NA	NA	NA-NA	NA	2-374	1
FJ004186	NA-NA	NA	NA-NA	NA	2-374	1
FJ004185	NA-NA	NA	NA-NA	NA	2-374	1
FJ004184	NA-NA	NA	NA-NA	NA	2-374	1
FJ004183	NA-NA	NA	NA-NA	NA	2-374	1
FJ004182	NA-NA	NA	NA-NA	NA	2-374	1
FJ004181	NA-NA	NA	NA-NA	NA	2-374	1
FJ004180	NA-NA	NA	NA-NA	NA	2-374	1
FJ004179	NA-NA	NA	NA-NA	NA	2-374	1
FJ004178	NA-NA	NA	NA-NA	NA	2-374	1
FJ004177	NA-NA	NA	NA-NA	NA	2-374	1
FJ004176	NA-NA	NA	NA-NA	NA	2-374	1
FJ004175	NA-NA	NA	NA-NA	NA	2-374	1
FJ004174	NA-NA	NA	NA-NA	NA	2-374	1
FJ004173	NA-NA	NA	NA-NA	NA	2-374	1
FJ004172	NA-NA	NA	NA-NA	NA	2-374	1
FJ004171	NA-NA	NA	NA-NA	NA	2-374	1
FJ004170	NA-NA	NA	NA-NA	NA	2-374	1
FJ004169	NA-NA	NA	NA-NA	NA	2-374	1
FJ004168	NA-NA	NA	NA-NA	NA	2-374	1
FJ004167	NA-NA	NA	NA-NA	NA	2-374	1
FJ004166	NA-NA	NA	NA-NA	NA	2-374	1
FJ004165	NA-NA	NA	NA-NA	NA	2-371	1
FJ004164	NA-NA	NA	NA-NA	NA	2-374	1
FJ004163	NA-NA	NA	NA-NA	NA	2-374	1
FJ004162	NA-NA	NA	NA-NA	NA	2-374	1
FJ004161	NA-NA	NA	NA-NA	NA	2-371	1
FJ004160	NA-NA	NA	NA-NA	NA	2-374	1
FJ004159	NA-NA	NA	NA-NA	NA	2-374	1
FJ004158	NA-NA	NA	NA-NA	NA	2-374	1
FJ004157	NA-NA	NA	NA-NA	NA	2-374	1
FJ004156	NA-NA	NA	NA-NA	NA	2-374	1
FJ004155	NA-NA	NA	NA-NA	NA	2-374	1
FJ004154	NA-NA	NA	NA-NA	NA	2-374	1
FJ004153	NA-NA	NA	NA-NA	NA	2-374	1
FJ155810	NA-NA	NA	NA-NA	NA	0-398	1
FJ155809	NA-NA	NA	NA-NA	NA	0-398	1
FJ155808	NA-NA	NA	NA-NA	NA	0-398	1
FJ155807	NA-NA	NA	NA-NA	NA	0-398	1
FJ155806	NA-NA	NA	NA-NA	NA	0-398	1
FJ155805	NA-NA	NA	NA-NA	NA	0-398	1
FJ155804	NA-NA	NA	NA-NA	NA	0-398	1
FJ155803	NA-NA	NA	NA-NA	NA	0-398	1
FJ155802	NA-NA	NA	NA-NA	NA	0-398	1
FJ155801	NA-NA	NA	NA-NA	NA	0-398	1
FJ154766	NA-NA	NA	NA-NA	NA	0-398	1
FJ154765	NA-NA	NA	NA-NA	NA	0-398	1
FJ154764	NA-NA	NA	NA-NA	NA	0-398	1
FJ154763	NA-NA	NA	NA-NA	NA	0-398	1
FJ154762	NA-NA	NA	NA-NA	NA	0-398	1
FJ154761	NA-NA	NA	NA-NA	NA	0-398	1
EU669004	NA-NA	NA	1-391	1	NA-NA	NA
EU669003	NA-NA	NA	1-391	1	NA-NA	NA
EU669002	NA-NA	NA	1-388	1	NA-NA	NA
EU669001	NA-NA	NA	1-391	1	NA-NA	NA
EU669000	NA-NA	NA	0-390	1	NA-NA	NA
EU668999	NA-NA	NA	1-391	1	NA-NA	NA
EU668998	NA-NA	NA	1-391	1	NA-NA	NA
EU650332	NA-NA	NA	1-367	1	NA-NA	NA
EU650331	NA-NA	NA	NA-NA	NA	7-628	1
DQ381397	NA-NA	NA	0-649	1	NA-NA	NA
DQ381396	NA-NA	NA	2-695	1	NA-NA	NA
DQ381395	NA-NA	NA	0-684	1	NA-NA	NA
DQ381394	NA-NA	NA	1-682	1	NA-NA	NA
DQ381393	NA-NA	NA	2-690	1	NA-NA	NA
DQ381392	NA-NA	NA	0-681	1	NA-NA	NA
DQ381391	NA-NA	NA	0-634	1	NA-NA	NA
DQ381390	NA-NA	NA	0-677	1	NA-NA	NA
DQ381389	NA-NA	NA	2-682	1	NA-NA	NA
DQ381387	NA-NA	NA	0-686	1	NA-NA	NA
DQ381386	NA-NA	NA	0-671	1	NA-NA	NA
DQ381385	NA-NA	NA	1-687	1	NA-NA	NA
DQ381384	NA-NA	NA	0-679	1	NA-NA	NA
DQ381383	NA-NA	NA	0-692	1	NA-NA	NA
DQ381381	NA-NA	NA	1-681	1	NA-NA	NA
DQ381380	NA-NA	NA	1-668	1	NA-NA	NA
DQ381379	NA-NA	NA	1-683	1	NA-NA	NA
DQ381378	NA-NA	NA	2-655	1	NA-NA	NA
DQ381377	NA-NA	NA	2-671	1	NA-NA	NA
DQ381376	NA-NA	NA	1-641	1	NA-NA	NA
DQ381375	NA-NA	NA	0-632	1	NA-NA	NA
DQ381374	NA-NA	NA	1-582	1	NA-NA	NA
DQ381373	NA-NA	NA	1-653	1	NA-NA	NA
DQ381372	NA-NA	NA	1-682	1	NA-NA	NA
DQ381371	NA-NA	NA	0-633	1	NA-NA	NA
DQ381370	NA-NA	NA	0-687	1	NA-NA	NA
DQ381369	NA-NA	NA	2-656	1	NA-NA	NA
DQ381368	NA-NA	NA	0-680	1	NA-NA	NA
DQ381367	NA-NA	NA	0-585	1	NA-NA	NA
DQ381366	NA-NA	NA	2-636	1	NA-NA	NA
DQ381365	NA-NA	NA	2-687	1	NA-NA	NA
DQ381364	NA-NA	NA	2-579	1	NA-NA	NA
DQ381363	NA-NA	NA	0-681	1	NA-NA	NA
DQ381362	NA-NA	NA	1-635	1	NA-NA	NA
DQ453922	NA-NA	NA	0-516	1	NA-NA	NA
DQ381508	NA-NA	NA	NA-NA	NA	0-348	1
DQ381507	NA-NA	NA	NA-NA	NA	0-348	1
DQ381506	NA-NA	NA	NA-NA	NA	0-348	1
DQ381505	NA-NA	NA	NA-NA	NA	0-348	1
DQ381504	NA-NA	NA	NA-NA	NA	0-348	1
DQ381503	NA-NA	NA	NA-NA	NA	0-348	1
DQ381502	NA-NA	NA	NA-NA	NA	0-348	1
DQ381501	NA-NA	NA	NA-NA	NA	0-348	1
DQ381500	NA-NA	NA	NA-NA	NA	0-348	1
DQ381499	NA-NA	NA	NA-NA	NA	0-348	1
DQ381498	NA-NA	NA	NA-NA	NA	0-348	1
DQ381497	NA-NA	NA	NA-NA	NA	0-348	1
DQ381496	NA-NA	NA	NA-NA	NA	0-348	1
DQ381495	NA-NA	NA	NA-NA	NA	0-348	1
DQ381494	NA-NA	NA	NA-NA	NA	0-348	1
DQ381493	NA-NA	NA	NA-NA	NA	0-348	1
DQ381492	NA-NA	NA	NA-NA	NA	0-348	1
DQ381491	NA-NA	NA	NA-NA	NA	0-348	1
DQ381490	NA-NA	NA	NA-NA	NA	0-348	1
DQ381489	NA-NA	NA	NA-NA	NA	0-348	1
DQ381488	NA-NA	NA	NA-NA	NA	0-348	1
DQ381487	NA-NA	NA	NA-NA	NA	0-348	1
DQ381486	NA-NA	NA	NA-NA	NA	0-348	1
DQ381485	NA-NA	NA	NA-NA	NA	0-348	1
DQ381484	NA-NA	NA	NA-NA	NA	0-348	1
DQ381483	NA-NA	NA	NA-NA	NA	0-348	1
DQ381482	NA-NA	NA	NA-NA	NA	0-348	1
DQ381481	NA-NA	NA	NA-NA	NA	0-348	1
DQ381480	NA-NA	NA	NA-NA	NA	0-348	1
DQ381479	NA-NA	NA	NA-NA	NA	0-348	1
DQ381478	NA-NA	NA	NA-NA	NA	0-348	1
DQ381477	NA-NA	NA	NA-NA	NA	0-348	1
DQ381476	NA-NA	NA	NA-NA	NA	0-348	1
DQ381475	NA-NA	NA	NA-NA	NA	0-348	1
DQ381474	NA-NA	NA	NA-NA	NA	0-348	1
DQ324850	NA-NA	NA	0-516	1	NA-NA	NA
DQ324849	NA-NA	NA	0-516	1	NA-NA	NA
DQ324848	NA-NA	NA	0-516	1	NA-NA	NA
DQ324847	NA-NA	NA	0-516	1	NA-NA	NA
DQ324846	NA-NA	NA	0-516	1	NA-NA	NA
DQ324845	NA-NA	NA	0-516	1	NA-NA	NA
DQ324844	NA-NA	NA	0-516	1	NA-NA	NA
DQ324843	NA-NA	NA	0-516	1	NA-NA	NA
DQ324842	NA-NA	NA	0-516	1	NA-NA	NA
DQ324841	NA-NA	NA	0-516	1	NA-NA	NA
DQ324840	NA-NA	NA	0-516	1	NA-NA	NA
DQ324839	NA-NA	NA	0-516	1	NA-NA	NA
DQ324838	NA-NA	NA	0-513	1	NA-NA	NA
DQ324837	NA-NA	NA	0-513	1	NA-NA	NA
DQ324836	NA-NA	NA	0-513	1	NA-NA	NA
DQ324835	NA-NA	NA	0-513	1	NA-NA	NA
DQ324834	NA-NA	NA	0-513	1	NA-NA	NA
DQ324833	NA-NA	NA	0-513	1	NA-NA	NA
DQ324832	NA-NA	NA	0-513	1	NA-NA	NA
DQ324831	NA-NA	NA	0-513	1	NA-NA	NA
DQ324830	NA-NA	NA	0-513	1	NA-NA	NA
DQ324829	NA-NA	NA	0-513	1	NA-NA	NA
DQ324828	NA-NA	NA	0-513	1	NA-NA	NA
DQ324827	NA-NA	NA	0-513	1	NA-NA	NA
DQ324826	NA-NA	NA	0-513	1	NA-NA	NA
DQ324825	NA-NA	NA	0-513	1	NA-NA	NA
DQ324824	NA-NA	NA	0-513	1	NA-NA	NA
DQ324823	NA-NA	NA	0-513	1	NA-NA	NA
DQ324822	NA-NA	NA	0-513	1	NA-NA	NA
DQ324821	NA-NA	NA	0-513	1	NA-NA	NA
DQ324820	NA-NA	NA	0-516	1	NA-NA	NA
DQ324819	NA-NA	NA	0-516	1	NA-NA	NA
DQ324818	NA-NA	NA	0-516	1	NA-NA	NA
DQ324817	NA-NA	NA	0-516	1	NA-NA	NA
DQ324816	NA-NA	NA	0-516	1	NA-NA	NA
DQ324815	NA-NA	NA	0-516	1	NA-NA	NA
DQ324814	NA-NA	NA	0-516	1	NA-NA	NA
DQ324813	NA-NA	NA	0-516	1	NA-NA	NA
DQ324812	NA-NA	NA	0-516	1	NA-NA	NA
DQ324811	NA-NA	NA	0-516	1	NA-NA	NA
DQ324810	NA-NA	NA	0-516	1	NA-NA	NA
DQ324809	NA-NA	NA	0-516	1	NA-NA	NA
DQ324808	NA-NA	NA	0-516	1	NA-NA	NA
DQ324807	NA-NA	NA	0-516	1	NA-NA	NA
DQ324806	NA-NA	NA	0-516	1	NA-NA	NA
DQ324805	NA-NA	NA	0-516	1	NA-NA	NA
DQ324804	NA-NA	NA	0-516	1	NA-NA	NA
DQ324803	NA-NA	NA	0-516	1	NA-NA	NA
DQ324802	NA-NA	NA	0-516	1	NA-NA	NA
DQ344027	82-2845	1	2784-4332	1	4324-6640	1
DQ327618	1-465	1	NA-NA	NA	NA-NA	NA
DQ327617	1-465	1	NA-NA	NA	NA-NA	NA
DQ327616	1-465	1	NA-NA	NA	NA-NA	NA
DQ327615	1-465	1	NA-NA	NA	NA-NA	NA
DQ327614	1-465	1	NA-NA	NA	NA-NA	NA
DQ327613	1-465	1	NA-NA	NA	NA-NA	NA
DQ327612	1-465	1	NA-NA	NA	NA-NA	NA
DQ327611	1-465	1	NA-NA	NA	NA-NA	NA
DQ327610	1-465	1	NA-NA	NA	NA-NA	NA
DQ327609	1-465	1	NA-NA	NA	NA-NA	NA
DQ327608	1-465	1	NA-NA	NA	NA-NA	NA
DQ157440	NA-NA	NA	NA-NA	NA	0-348	1
DQ157439	NA-NA	NA	NA-NA	NA	0-348	1
DQ157438	NA-NA	NA	NA-NA	NA	0-348	1
DQ157437	NA-NA	NA	NA-NA	NA	0-348	1
DQ157436	NA-NA	NA	NA-NA	NA	0-348	1
DQ157435	NA-NA	NA	NA-NA	NA	0-348	1
DQ139832	NA-NA	NA	NA-NA	NA	0-348	1
DQ139831	NA-NA	NA	NA-NA	NA	0-348	1
DQ139830	NA-NA	NA	NA-NA	NA	0-348	1
DQ139829	NA-NA	NA	NA-NA	NA	0-348	1
DQ139828	NA-NA	NA	NA-NA	NA	0-348	1
DQ139827	NA-NA	NA	NA-NA	NA	0-348	1
DQ139826	NA-NA	NA	NA-NA	NA	0-348	1
DQ139825	NA-NA	NA	NA-NA	NA	0-348	1
DQ139824	NA-NA	NA	0-267	1	NA-NA	NA
DQ139823	NA-NA	NA	0-267	1	NA-NA	NA
DQ139822	NA-NA	NA	0-267	1	NA-NA	NA
DQ139821	NA-NA	NA	0-267	1	NA-NA	NA
DQ139820	NA-NA	NA	0-267	1	NA-NA	NA
DQ139819	NA-NA	NA	0-267	1	NA-NA	NA
DQ139818	0-198	1	NA-NA	NA	NA-NA	NA
DQ139817	0-198	1	NA-NA	NA	NA-NA	NA
DQ139816	0-198	1	NA-NA	NA	NA-NA	NA
DQ139815	0-198	1	NA-NA	NA	NA-NA	NA
DQ139814	0-198	1	NA-NA	NA	NA-NA	NA
DQ139813	0-198	1	NA-NA	NA	NA-NA	NA
DQ139812	0-198	1	NA-NA	NA	NA-NA	NA
DQ066598	NA-NA	NA	0-721	1	NA-NA	NA
DQ066597	NA-NA	NA	0-721	1	NA-NA	NA
DQ066596	NA-NA	NA	0-721	1	NA-NA	NA
DQ066595	NA-NA	NA	0-722	1	NA-NA	NA
DQ066594	NA-NA	NA	0-721	1	NA-NA	NA
DQ066593	NA-NA	NA	0-722	1	NA-NA	NA
DQ066592	NA-NA	NA	0-722	1	NA-NA	NA
DQ066591	NA-NA	NA	0-721	1	NA-NA	NA
DQ066590	NA-NA	NA	0-722	1	NA-NA	NA
DQ066589	NA-NA	NA	0-721	1	NA-NA	NA
DQ066588	NA-NA	NA	0-722	1	NA-NA	NA
DQ066587	NA-NA	NA	0-721	1	NA-NA	NA
DQ066586	NA-NA	NA	0-721	1	NA-NA	NA
DQ066585	NA-NA	NA	0-721	1	NA-NA	NA
DQ066584	NA-NA	NA	0-721	1	NA-NA	NA
DQ066583	NA-NA	NA	0-721	1	NA-NA	NA
DQ066582	NA-NA	NA	0-721	1	NA-NA	NA
DQ066581	NA-NA	NA	0-721	1	NA-NA	NA
DQ066580	NA-NA	NA	0-721	1	NA-NA	NA
DQ066579	NA-NA	NA	0-721	1	NA-NA	NA
DQ066578	NA-NA	NA	0-721	1	NA-NA	NA
DQ066577	NA-NA	NA	0-721	1	NA-NA	NA
DQ066576	NA-NA	NA	0-721	1	NA-NA	NA
DQ066574	NA-NA	NA	NA-NA	NA	0-785	1
DQ066573	NA-NA	NA	NA-NA	NA	0-797	1
DQ066572	NA-NA	NA	NA-NA	NA	0-791	1
DQ066571	NA-NA	NA	NA-NA	NA	0-785	1
DQ066570	NA-NA	NA	NA-NA	NA	0-785	1
DQ066569	NA-NA	NA	NA-NA	NA	0-785	1
DQ066568	NA-NA	NA	NA-NA	NA	0-785	1
DQ066567	NA-NA	NA	NA-NA	NA	0-797	1
DQ066566	NA-NA	NA	NA-NA	NA	0-786	1
DQ066565	NA-NA	NA	NA-NA	NA	0-791	1
DQ066564	NA-NA	NA	NA-NA	NA	0-791	1
DQ066563	NA-NA	NA	NA-NA	NA	0-785	1
DQ066562	NA-NA	NA	NA-NA	NA	0-791	1
DQ066561	NA-NA	NA	NA-NA	NA	0-791	1
DQ066560	NA-NA	NA	NA-NA	NA	0-785	1
DQ066558	NA-NA	NA	NA-NA	NA	0-785	1
DQ066557	NA-NA	NA	NA-NA	NA	0-785	1
DQ066556	NA-NA	NA	NA-NA	NA	0-791	1
DQ066555	NA-NA	NA	NA-NA	NA	0-785	1
DQ066554	NA-NA	NA	NA-NA	NA	0-785	1
DQ066553	NA-NA	NA	NA-NA	NA	0-785	1
DQ070852	84-2847	1	2786-4334	1	4326-6642	1
DQ028633	83-2846	1	2785-4333	1	4325-6677	1
AY962551	0-251	1	NA-NA	NA	NA-NA	NA
AY962550	0-251	1	NA-NA	NA	NA-NA	NA
AY962549	0-251	1	NA-NA	NA	NA-NA	NA
AY962548	0-251	1	NA-NA	NA	NA-NA	NA
AY962547	0-251	1	NA-NA	NA	NA-NA	NA
AY962546	0-251	1	NA-NA	NA	NA-NA	NA
AY962545	0-251	1	NA-NA	NA	NA-NA	NA
AY962544	0-251	1	NA-NA	NA	NA-NA	NA
AY962543	0-251	1	NA-NA	NA	NA-NA	NA
AY962542	0-251	1	NA-NA	NA	NA-NA	NA
AY962541	0-251	1	NA-NA	NA	NA-NA	NA
AY962540	0-251	1	NA-NA	NA	NA-NA	NA
AY831433	0-685	1	NA-NA	NA	NA-NA	NA
AY720892	91-2854	1	2793-4341	1	4333-6697	1
AY720891	84-2847	1	2786-4334	1	4326-6642	1
AY846639	NA-NA	NA	NA-NA	NA	0-443	1
AY846638	NA-NA	NA	NA-NA	NA	2-441	1
AY846637	NA-NA	NA	NA-NA	NA	1-430	1
AY846636	NA-NA	NA	NA-NA	NA	2-449	1
AY846635	NA-NA	NA	NA-NA	NA	0-437	1
AY590262	NA-NA	NA	NA-NA	NA	2-307	1
AY590261	NA-NA	NA	NA-NA	NA	0-438	1
AY522552	NA-NA	NA	NA-NA	NA	0-178	1
AY522551	NA-NA	NA	NA-NA	NA	0-184	1
AY304470	NA-NA	NA	NA-NA	NA	1-220	1
AY304469	NA-NA	NA	NA-NA	NA	1-220	1
AY304468	NA-NA	NA	NA-NA	NA	0-219	1
AY304467	NA-NA	NA	NA-NA	NA	1-220	1
AY304466	NA-NA	NA	NA-NA	NA	0-213	1
AY304465	NA-NA	NA	NA-NA	NA	1-220	1
AY304464	NA-NA	NA	NA-NA	NA	1-220	1
AY304462	NA-NA	NA	NA-NA	NA	1-220	1
AY304463	NA-NA	NA	NA-NA	NA	1-220	1
AY304461	NA-NA	NA	NA-NA	NA	1-220	1
AY304460	NA-NA	NA	NA-NA	NA	1-223	1
AY304459	NA-NA	NA	NA-NA	NA	1-220	1
AY304458	NA-NA	NA	NA-NA	NA	1-220	1
AY304457	NA-NA	NA	NA-NA	NA	1-220	1
AY304456	NA-NA	NA	NA-NA	NA	1-220	1
AY304455	NA-NA	NA	NA-NA	NA	1-220	1
AY304454	NA-NA	NA	NA-NA	NA	1-220	1
AY304453	NA-NA	NA	NA-NA	NA	1-220	1
AY304451	NA-NA	NA	NA-NA	NA	1-220	1
AY188208	NA-NA	NA	NA-NA	NA	1-220	1
AY188207	NA-NA	NA	NA-NA	NA	1-220	1
AY188206	NA-NA	NA	NA-NA	NA	1-220	1
AY188205	NA-NA	NA	NA-NA	NA	1-220	1
AY188204	NA-NA	NA	NA-NA	NA	1-220	1
AY188203	NA-NA	NA	NA-NA	NA	1-196	1
AY188202	NA-NA	NA	NA-NA	NA	1-220	1
AY188201	NA-NA	NA	NA-NA	NA	1-220	1
AY188200	NA-NA	NA	NA-NA	NA	1-220	1
AY188199	NA-NA	NA	NA-NA	NA	0-213	1
AY188198	NA-NA	NA	NA-NA	NA	0-213	1
AY188197	NA-NA	NA	NA-NA	NA	0-213	1
AY188196	NA-NA	NA	NA-NA	NA	0-213	1
AY188195	NA-NA	NA	NA-NA	NA	0-213	1
AY188194	NA-NA	NA	NA-NA	NA	0-213	1
AY188193	NA-NA	NA	NA-NA	NA	1-220	1
AY188192	NA-NA	NA	NA-NA	NA	1-220	1
AY188191	NA-NA	NA	NA-NA	NA	1-220	1
AY188190	NA-NA	NA	NA-NA	NA	1-220	1
AY188189	NA-NA	NA	NA-NA	NA	1-220	1
AY188188	NA-NA	NA	NA-NA	NA	1-220	1
AY188187	NA-NA	NA	NA-NA	NA	1-220	1
AY188186	NA-NA	NA	NA-NA	NA	1-220	1
AY188185	NA-NA	NA	NA-NA	NA	1-220	1
AY188184	NA-NA	NA	NA-NA	NA	1-220	1
AY188183	NA-NA	NA	NA-NA	NA	1-220	1
AY196105	NA-NA	NA	0-239	1	NA-NA	NA
AY196104	NA-NA	NA	0-238	1	NA-NA	NA
AY196103	NA-NA	NA	0-239	1	NA-NA	NA
AY196102	NA-NA	NA	0-239	1	NA-NA	NA
AY196101	NA-NA	NA	0-239	1	NA-NA	NA
AY196100	NA-NA	NA	0-239	1	NA-NA	NA
AY196099	NA-NA	NA	0-239	1	NA-NA	NA
AY196098	NA-NA	NA	0-239	1	NA-NA	NA
AY196097	NA-NA	NA	0-239	1	NA-NA	NA
AY196096	NA-NA	NA	0-239	1	NA-NA	NA
AY196095	NA-NA	NA	0-239	1	NA-NA	NA
AF395738	NA-NA	NA	NA-NA	NA	1-1126	1
AF395737	NA-NA	NA	NA-NA	NA	1-1132	1
AF395736	NA-NA	NA	NA-NA	NA	1-1090	1
AF395735	NA-NA	NA	NA-NA	NA	1-1156	1
AF395734	NA-NA	NA	NA-NA	NA	1-1141	1
AF395733	NA-NA	NA	NA-NA	NA	1-1141	1
AY094092	NA-NA	NA	NA-NA	NA	0-213	1
AY094091	NA-NA	NA	NA-NA	NA	1-217	1
AY094090	NA-NA	NA	NA-NA	NA	1-217	1
AY094089	NA-NA	NA	NA-NA	NA	0-216	1
AY094088	NA-NA	NA	NA-NA	NA	0-216	1
AY094087	NA-NA	NA	NA-NA	NA	0-213	1
AY094086	NA-NA	NA	NA-NA	NA	1-217	1
AY094085	NA-NA	NA	NA-NA	NA	1-217	1
AY094084	NA-NA	NA	NA-NA	NA	1-217	1
AY094083	NA-NA	NA	NA-NA	NA	1-217	1
AY094082	NA-NA	NA	NA-NA	NA	2-215	1
AY094081	NA-NA	NA	NA-NA	NA	0-216	1
AY094080	NA-NA	NA	NA-NA	NA	2-215	1
AY094079	NA-NA	NA	NA-NA	NA	1-214	1
AY093655	NA-NA	NA	NA-NA	NA	0-216	1
AY093654	NA-NA	NA	NA-NA	NA	1-217	1
AY093653	NA-NA	NA	NA-NA	NA	1-193	1
AY093652	NA-NA	NA	NA-NA	NA	1-217	1
AY093651	NA-NA	NA	NA-NA	NA	0-216	1
AY093650	NA-NA	NA	NA-NA	NA	0-213	1
AY093649	NA-NA	NA	NA-NA	NA	1-214	1
AF361036	NA-NA	NA	2-289	1	NA-NA	NA
AF361035	NA-NA	NA	2-289	1	NA-NA	NA
AF361034	NA-NA	NA	2-289	1	NA-NA	NA
AF361033	NA-NA	NA	2-289	1	NA-NA	NA
AF361032	NA-NA	NA	2-289	1	NA-NA	NA
AF361031	NA-NA	NA	2-289	1	NA-NA	NA
AF361030	NA-NA	NA	2-289	1	NA-NA	NA
AF361029	NA-NA	NA	2-289	1	NA-NA	NA
AF361028	NA-NA	NA	2-289	1	NA-NA	NA
AF260508	80-2846	1	2776-4333	1	4145-6674	1
AF211965	NA-NA	NA	NA-NA	NA	0-348	1
AF211964	NA-NA	NA	NA-NA	NA	0-353	1
AF211963	NA-NA	NA	NA-NA	NA	0-348	1
AF211962	NA-NA	NA	NA-NA	NA	0-348	1
AF211961	NA-NA	NA	NA-NA	NA	0-348	1
AF211960	NA-NA	NA	NA-NA	NA	0-348	1
AF211959	NA-NA	NA	NA-NA	NA	0-348	1
AF211958	NA-NA	NA	NA-NA	NA	0-348	1
AF211957	NA-NA	NA	NA-NA	NA	0-336	1
AF211956	NA-NA	NA	NA-NA	NA	0-348	1
AF211955	NA-NA	NA	NA-NA	NA	0-117	1
AF211954	NA-NA	NA	NA-NA	NA	1-159	1
AF211953	NA-NA	NA	NA-NA	NA	2-336	1
AF211952	NA-NA	NA	NA-NA	NA	2-331	1
AF216861	NA-NA	NA	1-145	1	NA-NA	NA
AF175261	NA-NA	NA	NA-NA	NA	0-348	1
AF175260	NA-NA	NA	NA-NA	NA	0-348	1
AF175259	NA-NA	NA	NA-NA	NA	0-348	1
AF175258	NA-NA	NA	NA-NA	NA	0-348	1
AF175257	NA-NA	NA	NA-NA	NA	0-348	1
AF175256	NA-NA	NA	NA-NA	NA	0-348	1
AF175255	NA-NA	NA	NA-NA	NA	0-348	1
AF175254	NA-NA	NA	NA-NA	NA	0-348	1
AF175253	NA-NA	NA	NA-NA	NA	0-348	1
AF141381	85-2869	1	2808-4356	1	4348-6733	1
S68561	NA-NA	NA	NA-NA	NA	298-2659	1
JF327666	85-2887	1	2814-4374	1	4366-6730	1
JN799271	NA-NA	NA	NA-NA	NA	0-390	1
JN799270	NA-NA	NA	NA-NA	NA	0-390	1
JN799269	NA-NA	NA	NA-NA	NA	0-390	1
JN799268	NA-NA	NA	NA-NA	NA	0-390	1
JN799267	NA-NA	NA	NA-NA	NA	0-390	1
JN799266	NA-NA	NA	NA-NA	NA	0-390	1
JN052023	NA-NA	NA	0-759	1	751-3310	1
JN167521	NA-NA	NA	NA-NA	NA	0-449	1
JN167520	NA-NA	NA	NA-NA	NA	0-449	1
JN167519	NA-NA	NA	NA-NA	NA	0-449	1
JN167518	NA-NA	NA	NA-NA	NA	0-449	1
JN203052	NA-NA	NA	NA-NA	NA	0-447	1
JN203051	NA-NA	NA	NA-NA	NA	0-447	1
JN203050	NA-NA	NA	NA-NA	NA	0-447	1
JF929199	NA-NA	NA	NA-NA	NA	0-447	1
JF929198	NA-NA	NA	NA-NA	NA	0-447	1
JF929197	NA-NA	NA	NA-NA	NA	0-447	1
JF929196	NA-NA	NA	NA-NA	NA	0-447	1
JF929195	NA-NA	NA	NA-NA	NA	0-447	1
JF929194	NA-NA	NA	NA-NA	NA	0-447	1
JF929193	NA-NA	NA	NA-NA	NA	0-447	1
JF929192	NA-NA	NA	NA-NA	NA	0-447	1
JF929191	NA-NA	NA	NA-NA	NA	0-447	1
JF929190	NA-NA	NA	NA-NA	NA	0-447	1
JF929189	NA-NA	NA	NA-NA	NA	0-447	1
JF929188	NA-NA	NA	NA-NA	NA	0-447	1
JF929187	NA-NA	NA	NA-NA	NA	0-447	1
JF929186	NA-NA	NA	NA-NA	NA	0-447	1
JF929185	NA-NA	NA	NA-NA	NA	0-447	1
JF929184	NA-NA	NA	NA-NA	NA	0-447	1
JF929183	NA-NA	NA	NA-NA	NA	0-447	1
JF929182	NA-NA	NA	NA-NA	NA	0-447	1
JF929181	NA-NA	NA	NA-NA	NA	0-447	1
JF288966	NA-NA	NA	0-462	1	NA-NA	NA
JF288965	NA-NA	NA	0-462	1	NA-NA	NA
JF288964	NA-NA	NA	0-462	1	NA-NA	NA
JF288963	NA-NA	NA	0-462	1	NA-NA	NA
JF288962	NA-NA	NA	0-462	1	NA-NA	NA
JF288961	NA-NA	NA	0-462	1	NA-NA	NA
JF288960	NA-NA	NA	0-462	1	NA-NA	NA
JF288959	NA-NA	NA	0-462	1	NA-NA	NA
JF288958	NA-NA	NA	0-462	1	NA-NA	NA
JF288957	NA-NA	NA	0-462	1	NA-NA	NA
JF288956	NA-NA	NA	0-462	1	NA-NA	NA
JF288955	NA-NA	NA	0-462	1	NA-NA	NA
JF288954	NA-NA	NA	0-462	1	NA-NA	NA
JF288953	NA-NA	NA	0-462	1	NA-NA	NA
JN420359	66-2871	1	2810-4358	1	4350-6609	1
JN420358	0-2553	1	2432-4043	1	3921-6322	1
JN420357	39-2706	1	2585-4196	1	4074-6549	1
JN420356	32-2699	1	2578-4186	1	4064-6581	1
JN420355	2-1535	1	1429-3022	1	2900-5376	1
JN420354	36-2703	1	2582-4190	1	4068-6585	1
JN420353	0-1599	1	1493-3086	1	2964-5487	1
JN420352	73-2863	1	2802-4350	1	4342-6640	1
JN420351	63-2802	1	2696-4289	1	4167-6650	1
HQ213855	NA-NA	NA	NA-NA	NA	0-413	1
HQ213854	NA-NA	NA	NA-NA	NA	0-413	1
HQ213853	NA-NA	NA	NA-NA	NA	0-413	1
HQ213852	NA-NA	NA	NA-NA	NA	0-413	1
HQ213851	NA-NA	NA	NA-NA	NA	0-413	1
HQ213850	NA-NA	NA	NA-NA	NA	0-413	1
HQ213849	NA-NA	NA	NA-NA	NA	0-413	1
HQ213848	NA-NA	NA	NA-NA	NA	0-413	1
HQ213847	NA-NA	NA	NA-NA	NA	0-413	1
HQ878375	NA-NA	NA	1-328	1	NA-NA	NA
HQ878374	NA-NA	NA	0-465	1	NA-NA	NA
HQ878373	NA-NA	NA	1-328	1	NA-NA	NA
HQ662578	NA-NA	NA	0-498	1	NA-NA	NA
HQ662577	NA-NA	NA	1-450	1	NA-NA	NA
HQ662576	NA-NA	NA	1-450	1	NA-NA	NA
HQ662575	NA-NA	NA	1-450	1	NA-NA	NA
HQ662574	NA-NA	NA	1-450	1	NA-NA	NA
HQ662573	NA-NA	NA	1-450	1	NA-NA	NA
HQ662572	NA-NA	NA	1-450	1	NA-NA	NA
JF343978	NA-NA	NA	NA-NA	NA	0-348	1
JF343977	NA-NA	NA	NA-NA	NA	0-348	1
JF343976	NA-NA	NA	NA-NA	NA	0-348	1
JF343975	NA-NA	NA	NA-NA	NA	0-348	1
JF343974	NA-NA	NA	NA-NA	NA	0-348	1
JF343973	NA-NA	NA	NA-NA	NA	0-348	1
JF343972	NA-NA	NA	NA-NA	NA	0-348	1
JF343971	NA-NA	NA	NA-NA	NA	0-347	1
JF343970	NA-NA	NA	NA-NA	NA	0-348	1
JF343969	NA-NA	NA	NA-NA	NA	0-348	1
JF343968	NA-NA	NA	NA-NA	NA	0-348	1
JF343967	NA-NA	NA	NA-NA	NA	0-348	1
JF343966	NA-NA	NA	NA-NA	NA	0-348	1
HQ623148	NA-NA	NA	67-442	1	254-2729	1
HQ623147	NA-NA	NA	67-442	1	254-2729	1
HQ623146	NA-NA	NA	NA-NA	NA	1-480	1
HQ623145	NA-NA	NA	NA-NA	NA	1-480	1
HQ623144	NA-NA	NA	NA-NA	NA	1-480	1
HQ623143	NA-NA	NA	NA-NA	NA	1-480	1
HQ623142	NA-NA	NA	NA-NA	NA	1-480	1
HQ623141	NA-NA	NA	NA-NA	NA	1-480	1
HQ623140	NA-NA	NA	NA-NA	NA	1-480	1
HQ623139	NA-NA	NA	NA-NA	NA	1-480	1
HQ623138	NA-NA	NA	NA-NA	NA	1-480	1
HQ623137	NA-NA	NA	NA-NA	NA	1-480	1
HQ623136	NA-NA	NA	NA-NA	NA	1-480	1
HQ623135	NA-NA	NA	NA-NA	NA	1-480	1
HQ623134	NA-NA	NA	NA-NA	NA	1-480	1
HQ623133	NA-NA	NA	NA-NA	NA	1-480	1
HQ623132	NA-NA	NA	NA-NA	NA	1-480	1
HQ623131	NA-NA	NA	NA-NA	NA	1-480	1
HQ623130	NA-NA	NA	NA-NA	NA	1-480	1
HQ623128	NA-NA	NA	NA-NA	NA	1-480	1
HQ623127	NA-NA	NA	NA-NA	NA	1-480	1
HQ623125	NA-NA	NA	NA-NA	NA	1-480	1
HQ916315	0-996	1	950-2459	1	2403-4698	1
JF796127	NA-NA	NA	0-418	1	NA-NA	NA
JF796126	NA-NA	NA	2-1361	1	1305-1667	1
HQ317733	NA-NA	NA	0-571	1	NA-NA	NA
HQ317732	NA-NA	NA	1-573	1	NA-NA	NA
HQ317731	NA-NA	NA	1-572	1	NA-NA	NA
HQ317730	NA-NA	NA	1-500	1	NA-NA	NA
HQ317729	NA-NA	NA	1-560	1	NA-NA	NA
HQ317728	NA-NA	NA	1-559	1	NA-NA	NA
HQ317727	NA-NA	NA	1-576	1	NA-NA	NA
HQ317726	NA-NA	NA	0-551	1	NA-NA	NA
HQ317725	NA-NA	NA	1-521	1	NA-NA	NA
HQ317724	NA-NA	NA	1-528	1	NA-NA	NA
HQ317723	NA-NA	NA	1-574	1	NA-NA	NA
HQ317722	NA-NA	NA	1-577	1	NA-NA	NA
HQ317721	NA-NA	NA	1-573	1	NA-NA	NA
HQ317720	NA-NA	NA	1-577	1	NA-NA	NA
HQ317719	NA-NA	NA	1-591	1	NA-NA	NA
HQ317718	NA-NA	NA	1-577	1	NA-NA	NA
HQ317717	NA-NA	NA	1-516	1	NA-NA	NA
HQ317716	NA-NA	NA	2-570	1	NA-NA	NA
HQ317715	NA-NA	NA	1-559	1	NA-NA	NA
HQ317714	NA-NA	NA	2-546	1	NA-NA	NA
HQ317713	NA-NA	NA	2-577	1	NA-NA	NA
HQ317712	NA-NA	NA	2-571	1	NA-NA	NA
HQ317711	NA-NA	NA	1-560	1	NA-NA	NA
HQ317710	NA-NA	NA	1-579	1	NA-NA	NA
HQ317709	NA-NA	NA	1-564	1	NA-NA	NA
HQ317708	NA-NA	NA	1-573	1	NA-NA	NA
HQ317707	NA-NA	NA	1-555	1	NA-NA	NA
HQ317706	NA-NA	NA	1-546	1	NA-NA	NA
HQ317705	NA-NA	NA	1-571	1	NA-NA	NA
HQ603056	NA-NA	NA	0-513	1	NA-NA	NA
HQ603055	NA-NA	NA	0-513	1	NA-NA	NA
HQ603054	NA-NA	NA	0-513	1	NA-NA	NA
HQ603053	NA-NA	NA	0-513	1	NA-NA	NA
HQ603052	NA-NA	NA	0-513	1	NA-NA	NA
HM368175	NA-NA	NA	1-379	1	NA-NA	NA
HM368174	NA-NA	NA	1-379	1	NA-NA	NA
HM368173	NA-NA	NA	1-382	1	NA-NA	NA
HM368172	NA-NA	NA	1-382	1	NA-NA	NA
HM368171	NA-NA	NA	1-382	1	NA-NA	NA
HM368170	NA-NA	NA	1-382	1	NA-NA	NA
HM368169	NA-NA	NA	1-382	1	NA-NA	NA
HM368168	NA-NA	NA	1-382	1	NA-NA	NA
HQ668143	NA-NA	NA	1-730	1	674-3014	1
HQ668142	NA-NA	NA	1-343	1	NA-NA	NA
HQ668141	NA-NA	NA	1-301	1	NA-NA	NA
HQ668140	NA-NA	NA	1-301	1	NA-NA	NA
HQ668139	NA-NA	NA	1-400	1	NA-NA	NA
HQ668138	NA-NA	NA	1-301	1	NA-NA	NA
HQ668137	NA-NA	NA	1-301	1	NA-NA	NA
HQ668136	NA-NA	NA	1-232	1	NA-NA	NA
HQ668135	NA-NA	NA	1-400	1	NA-NA	NA
HQ668134	NA-NA	NA	2-233	1	NA-NA	NA
HQ668133	NA-NA	NA	2-282	1	NA-NA	NA
HQ668132	NA-NA	NA	1-301	1	NA-NA	NA
HQ668131	NA-NA	NA	1-392	1	NA-NA	NA
HQ668130	NA-NA	NA	1-367	1	NA-NA	NA
HQ668129	NA-NA	NA	1-733	1	674-2867	1
HQ668128	NA-NA	NA	1-232	1	NA-NA	NA
HQ668127	NA-NA	NA	1-400	1	NA-NA	NA
HQ668126	NA-NA	NA	1-301	1	NA-NA	NA
HQ668125	NA-NA	NA	1-400	1	NA-NA	NA
HQ668124	NA-NA	NA	1-367	1	NA-NA	NA
HQ668123	NA-NA	NA	1-727	1	719-1288	1
HQ668122	NA-NA	NA	1-367	1	NA-NA	NA
HQ668121	NA-NA	NA	1-331	1	NA-NA	NA
JF309118	NA-NA	NA	0-362	1	NA-NA	NA
JF309117	NA-NA	NA	0-362	1	NA-NA	NA
JF309116	NA-NA	NA	0-362	1	NA-NA	NA
JF309115	NA-NA	NA	0-362	1	NA-NA	NA
JF309114	NA-NA	NA	0-362	1	NA-NA	NA
JF309113	NA-NA	NA	0-362	1	NA-NA	NA
JF309112	NA-NA	NA	0-362	1	NA-NA	NA
HQ153038	NA-NA	NA	2-203	1	NA-NA	NA
HQ153037	NA-NA	NA	2-203	1	NA-NA	NA
HM756273	NA-NA	NA	0-426	1	NA-NA	NA
HM756272	NA-NA	NA	1-381	1	NA-NA	NA
HM756271	NA-NA	NA	0-410	1	NA-NA	NA
HM756270	NA-NA	NA	2-409	1	NA-NA	NA
HM756269	NA-NA	NA	0-426	1	NA-NA	NA
HM756268	NA-NA	NA	0-383	1	NA-NA	NA
HM756267	NA-NA	NA	NA-NA	NA	NA-NA	NA
HM756266	NA-NA	NA	0-351	1	NA-NA	NA
HM756265	NA-NA	NA	1-391	1	NA-NA	NA
HM756264	NA-NA	NA	NA-NA	NA	NA-NA	NA
HM756263	NA-NA	NA	3-349	1	NA-NA	NA
HM756262	NA-NA	NA	0-389	1	NA-NA	NA
HM756261	NA-NA	NA	0-591	1	580-2848	1
HM756260	NA-NA	NA	2-608	1	600-2952	1
HM756259	NA-NA	NA	1-514	1	506-2816	1
HM756258	NA-NA	NA	1-496	1	488-2828	1
HQ613178	NA-NA	NA	0-378	1	NA-NA	NA
HQ613177	NA-NA	NA	0-378	1	NA-NA	NA
HQ613176	NA-NA	NA	0-378	1	NA-NA	NA
HQ613175	NA-NA	NA	0-378	1	NA-NA	NA
HQ613174	NA-NA	NA	0-378	1	NA-NA	NA
HQ613173	NA-NA	NA	0-378	1	NA-NA	NA
HQ613172	NA-NA	NA	0-378	1	NA-NA	NA
HQ613171	NA-NA	NA	0-378	1	NA-NA	NA
HQ613170	NA-NA	NA	0-378	1	NA-NA	NA
HQ613169	NA-NA	NA	0-378	1	NA-NA	NA
HQ613168	NA-NA	NA	0-378	1	NA-NA	NA
HQ613167	NA-NA	NA	0-378	1	NA-NA	NA
HQ613166	NA-NA	NA	0-378	1	NA-NA	NA
HQ613165	NA-NA	NA	0-378	1	NA-NA	NA
HQ613164	NA-NA	NA	0-378	1	NA-NA	NA
HQ613163	NA-NA	NA	0-378	1	NA-NA	NA
HQ613162	NA-NA	NA	0-378	1	NA-NA	NA
HQ613161	NA-NA	NA	0-378	1	NA-NA	NA
HQ613160	NA-NA	NA	0-378	1	NA-NA	NA
HQ613159	NA-NA	NA	0-378	1	NA-NA	NA
HQ613158	NA-NA	NA	0-378	1	NA-NA	NA
HQ613157	NA-NA	NA	0-378	1	NA-NA	NA
HM989955	NA-NA	NA	1-233	1	NA-NA	NA
HM989954	NA-NA	NA	NA-NA	NA	0-318	1
HM989953	NA-NA	NA	NA-NA	NA	0-792	1
HM989952	1-522	1	NA-NA	NA	NA-NA	NA
HQ398856	85-2893	1	2820-4380	1	4372-6736	1
HM755447	NA-NA	NA	1-155	1	NA-NA	NA
HM755446	NA-NA	NA	1-155	1	NA-NA	NA
HM755445	NA-NA	NA	1-155	1	NA-NA	NA
HM630270	NA-NA	NA	NA-NA	NA	1-373	1
HM630267	NA-NA	NA	NA-NA	NA	1-373	1
HM630266	NA-NA	NA	NA-NA	NA	1-373	1
HM630262	NA-NA	NA	NA-NA	NA	1-373	1
HQ188699	NA-NA	NA	0-843	1	862-2545	1
HQ188698	NA-NA	NA	0-843	1	862-2545	1
HQ188697	NA-NA	NA	0-843	1	862-2545	1
HQ188696	NA-NA	NA	0-843	1	862-2545	1
HQ188695	NA-NA	NA	0-843	1	862-2545	1
HQ188694	NA-NA	NA	0-843	1	862-2545	1
HQ188693	NA-NA	NA	0-843	1	862-2545	1
HQ188692	NA-NA	NA	0-843	1	862-2545	1
HM447046	NA-NA	NA	0-717	1	709-2959	1
HM447045	NA-NA	NA	0-717	1	709-2977	1
HM017857	NA-NA	NA	0-349	1	NA-NA	NA
HM017856	NA-NA	NA	0-361	1	NA-NA	NA
HM017855	NA-NA	NA	0-361	1	NA-NA	NA
HM017854	NA-NA	NA	0-361	1	NA-NA	NA
HM017853	NA-NA	NA	0-361	1	NA-NA	NA
HM017852	NA-NA	NA	0-361	1	NA-NA	NA
HM017851	NA-NA	NA	0-364	1	NA-NA	NA
HM017850	NA-NA	NA	0-361	1	NA-NA	NA
HQ157559	NA-NA	NA	2-203	1	NA-NA	NA
HQ157558	NA-NA	NA	2-203	1	NA-NA	NA
HQ157557	NA-NA	NA	2-203	1	NA-NA	NA
HQ157556	NA-NA	NA	2-203	1	NA-NA	NA
HQ157555	NA-NA	NA	2-203	1	NA-NA	NA
HQ157554	NA-NA	NA	1-202	1	NA-NA	NA
HM212542	NA-NA	NA	NA-NA	NA	0-348	1
HM212541	NA-NA	NA	NA-NA	NA	0-348	1
HM212540	NA-NA	NA	NA-NA	NA	0-348	1
HM212539	NA-NA	NA	NA-NA	NA	0-348	1
HM212538	NA-NA	NA	NA-NA	NA	0-348	1
HM212537	NA-NA	NA	NA-NA	NA	0-348	1
HM212536	NA-NA	NA	NA-NA	NA	0-348	1
HM212535	NA-NA	NA	NA-NA	NA	0-348	1
HM212534	NA-NA	NA	NA-NA	NA	0-348	1
HM212533	NA-NA	NA	NA-NA	NA	0-348	1
HM212532	NA-NA	NA	NA-NA	NA	0-348	1
HM212490	1-246	1	NA-NA	NA	NA-NA	NA
HM212489	1-246	1	NA-NA	NA	NA-NA	NA
HM212488	1-246	1	NA-NA	NA	NA-NA	NA
HM212487	1-246	1	NA-NA	NA	NA-NA	NA
HM212486	1-246	1	NA-NA	NA	NA-NA	NA
HM212485	2-175	1	NA-NA	NA	NA-NA	NA
HM212484	1-246	1	NA-NA	NA	NA-NA	NA
HM212483	1-246	1	NA-NA	NA	NA-NA	NA
HM212482	1-246	1	NA-NA	NA	NA-NA	NA
HM212481	1-246	1	NA-NA	NA	NA-NA	NA
HM212480	1-246	1	NA-NA	NA	NA-NA	NA
HM212479	1-246	1	NA-NA	NA	NA-NA	NA
HM212477	NA-NA	NA	NA-NA	NA	0-348	1
HM212476	NA-NA	NA	NA-NA	NA	0-348	1
HM212474	NA-NA	NA	NA-NA	NA	0-347	1
HM212473	NA-NA	NA	NA-NA	NA	0-348	1
HM212470	NA-NA	NA	NA-NA	NA	0-348	1
HM212469	NA-NA	NA	NA-NA	NA	0-348	1
HM212468	NA-NA	NA	NA-NA	NA	0-348	1
HM212478	NA-NA	NA	NA-NA	NA	0-348	1
HM212475	NA-NA	NA	NA-NA	NA	0-348	1
HM212472	NA-NA	NA	NA-NA	NA	0-348	1
HM212471	NA-NA	NA	NA-NA	NA	0-348	1
HM212467	NA-NA	NA	NA-NA	NA	2-260	1
GQ920635	NA-NA	NA	NA-NA	NA	2-278	1
HM803688	NA-NA	NA	1-202	1	NA-NA	NA
HM989949	NA-NA	NA	2-203	1	NA-NA	NA
HM348456	NA-NA	NA	2-203	1	NA-NA	NA
HM348455	NA-NA	NA	2-203	1	NA-NA	NA
HM209124	NA-NA	NA	NA-NA	NA	1-373	1
HM209123	NA-NA	NA	NA-NA	NA	1-373	1
HM209122	NA-NA	NA	NA-NA	NA	1-373	1
HM209121	NA-NA	NA	NA-NA	NA	1-373	1
HM209120	NA-NA	NA	NA-NA	NA	1-373	1
HM209119	NA-NA	NA	NA-NA	NA	1-373	1
HM209118	NA-NA	NA	NA-NA	NA	1-373	1
HM209117	NA-NA	NA	NA-NA	NA	1-373	1
HM209116	NA-NA	NA	NA-NA	NA	1-373	1
HM209115	NA-NA	NA	NA-NA	NA	1-373	1
HM209114	NA-NA	NA	NA-NA	NA	1-373	1
HM209113	NA-NA	NA	NA-NA	NA	1-373	1
HM209112	NA-NA	NA	NA-NA	NA	1-373	1
HM209111	NA-NA	NA	NA-NA	NA	1-373	1
HM209110	NA-NA	NA	NA-NA	NA	1-373	1
HM209109	NA-NA	NA	NA-NA	NA	1-373	1
HM209108	NA-NA	NA	NA-NA	NA	1-373	1
HM209107	NA-NA	NA	NA-NA	NA	1-373	1
HM209106	NA-NA	NA	NA-NA	NA	1-373	1
HM209105	NA-NA	NA	NA-NA	NA	1-373	1
HM209104	NA-NA	NA	NA-NA	NA	1-373	1
HM209103	NA-NA	NA	NA-NA	NA	1-373	1
HM209102	NA-NA	NA	NA-NA	NA	1-373	1
HM209101	NA-NA	NA	NA-NA	NA	1-373	1
HM209100	NA-NA	NA	NA-NA	NA	1-373	1
HM209099	NA-NA	NA	NA-NA	NA	1-373	1
HM209098	NA-NA	NA	NA-NA	NA	1-373	1
HM209097	NA-NA	NA	NA-NA	NA	1-373	1
HM209096	NA-NA	NA	NA-NA	NA	1-373	1
HM209095	NA-NA	NA	NA-NA	NA	1-373	1
HM209094	NA-NA	NA	NA-NA	NA	1-373	1
HM209093	NA-NA	NA	NA-NA	NA	1-373	1
HM209092	NA-NA	NA	NA-NA	NA	1-373	1
HM209091	NA-NA	NA	NA-NA	NA	1-373	1
HM209090	NA-NA	NA	NA-NA	NA	1-373	1
HM209089	NA-NA	NA	NA-NA	NA	1-373	1
HM209088	NA-NA	NA	NA-NA	NA	1-373	1
HM209087	NA-NA	NA	NA-NA	NA	1-373	1
HM120878	NA-NA	NA	0-636	1	628-1085	1
HM120877	NA-NA	NA	0-636	1	628-1213	1
HM120876	NA-NA	NA	0-636	1	628-1258	1
HM450386	NA-NA	NA	0-294	1	NA-NA	NA
HM450385	NA-NA	NA	0-294	1	NA-NA	NA
HM450384	NA-NA	NA	0-294	1	NA-NA	NA
HM450383	NA-NA	NA	0-294	1	NA-NA	NA
HM450382	1-886	1	834-2385	1	2374-4807	1
HM450381	2-941	1	889-2440	1	2429-4871	1
HM450380	14-2378	1	2335-3850	1	3842-6113	1
HM237363	83-2849	1	2788-4336	1	4328-6665	1
HM228876	0-677	1	NA-NA	NA	NA-NA	NA
HM060968	0-203	1	NA-NA	NA	NA-NA	NA
HM060967	0-185	1	NA-NA	NA	NA-NA	NA
HM060966	0-194	1	NA-NA	NA	NA-NA	NA
HM060965	0-191	1	NA-NA	NA	NA-NA	NA
HM060964	0-203	1	NA-NA	NA	NA-NA	NA
HM060963	0-194	1	NA-NA	NA	NA-NA	NA
HM060962	0-203	1	NA-NA	NA	NA-NA	NA
HM060961	0-185	1	NA-NA	NA	NA-NA	NA
HM060960	0-203	1	NA-NA	NA	NA-NA	NA
HM060959	0-203	1	NA-NA	NA	NA-NA	NA
HM060958	0-203	1	NA-NA	NA	NA-NA	NA
HM060957	0-203	1	NA-NA	NA	NA-NA	NA
HM060956	0-203	1	NA-NA	NA	NA-NA	NA
HM045005	NA-NA	NA	2-716	1	708-3033	1
HM192818	NA-NA	NA	NA-NA	NA	1-351	1
HM192817	NA-NA	NA	NA-NA	NA	1-351	1
HM192816	NA-NA	NA	NA-NA	NA	1-351	1
HM192815	NA-NA	NA	NA-NA	NA	1-351	1
GU901218	NA-NA	NA	0-253	1	NA-NA	NA
GU901217	NA-NA	NA	0-253	1	NA-NA	NA
GU901216	NA-NA	NA	0-253	1	NA-NA	NA
GU901215	NA-NA	NA	0-253	1	NA-NA	NA
GQ477413	NA-NA	NA	NA-NA	NA	2-171	1
GQ477412	NA-NA	NA	NA-NA	NA	0-163	1
GQ477411	NA-NA	NA	NA-NA	NA	0-167	1
GQ477410	NA-NA	NA	NA-NA	NA	0-161	1
GQ477409	NA-NA	NA	NA-NA	NA	0-171	1
GQ477408	NA-NA	NA	NA-NA	NA	2-174	1
GQ477407	NA-NA	NA	NA-NA	NA	0-178	1
GQ477406	NA-NA	NA	NA-NA	NA	2-173	1
GQ477405	NA-NA	NA	NA-NA	NA	0-180	1
GQ477404	NA-NA	NA	NA-NA	NA	0-180	1
GQ477403	NA-NA	NA	NA-NA	NA	2-165	1
GQ477402	NA-NA	NA	NA-NA	NA	0-179	1
GQ477401	NA-NA	NA	NA-NA	NA	0-171	1
GQ477400	NA-NA	NA	NA-NA	NA	0-176	1
GQ477399	NA-NA	NA	NA-NA	NA	0-185	1
GQ477398	NA-NA	NA	NA-NA	NA	0-159	1
GQ477397	NA-NA	NA	NA-NA	NA	2-179	1
GQ477396	NA-NA	NA	NA-NA	NA	0-180	1
GQ477395	NA-NA	NA	NA-NA	NA	0-180	1
GQ477394	NA-NA	NA	NA-NA	NA	0-174	1
GQ477393	NA-NA	NA	NA-NA	NA	0-180	1
GQ477392	NA-NA	NA	NA-NA	NA	0-185	1
GQ477391	NA-NA	NA	NA-NA	NA	2-179	1
GQ477390	NA-NA	NA	NA-NA	NA	1-175	1
GQ477389	NA-NA	NA	NA-NA	NA	0-180	1
GQ477388	NA-NA	NA	NA-NA	NA	0-179	1
GQ477387	NA-NA	NA	NA-NA	NA	0-180	1
GQ477386	NA-NA	NA	NA-NA	NA	0-176	1
GQ477385	NA-NA	NA	NA-NA	NA	0-150	1
GQ477384	NA-NA	NA	NA-NA	NA	0-180	1
GQ477383	NA-NA	NA	NA-NA	NA	0-164	1
GU980970	NA-NA	NA	NA-NA	NA	0-447	1
GU980969	NA-NA	NA	0-373	1	NA-NA	NA
GU968922	NA-NA	NA	2-203	1	NA-NA	NA
GU938472	NA-NA	NA	2-203	1	NA-NA	NA
GU585496	NA-NA	NA	0-362	1	NA-NA	NA
GU585495	NA-NA	NA	0-362	1	NA-NA	NA
GU585494	NA-NA	NA	0-362	1	NA-NA	NA
GU585493	NA-NA	NA	0-362	1	NA-NA	NA
GU384260	NA-NA	NA	NA-NA	NA	2-408	1
GU384259	NA-NA	NA	NA-NA	NA	2-408	1
GU384258	NA-NA	NA	NA-NA	NA	2-408	1
GU384257	NA-NA	NA	NA-NA	NA	1-333	1
GU384256	NA-NA	NA	NA-NA	NA	1-333	1
GU384255	NA-NA	NA	NA-NA	NA	1-333	1
GU384254	NA-NA	NA	NA-NA	NA	1-333	1
GU384253	NA-NA	NA	NA-NA	NA	1-333	1
GU384252	NA-NA	NA	NA-NA	NA	1-333	1
GU384251	NA-NA	NA	NA-NA	NA	1-333	1
GU384250	NA-NA	NA	NA-NA	NA	1-333	1
GU384249	NA-NA	NA	NA-NA	NA	1-333	1
GU384248	NA-NA	NA	NA-NA	NA	1-333	1
GU384247	NA-NA	NA	NA-NA	NA	1-333	1
GU384246	NA-NA	NA	NA-NA	NA	1-333	1
GU384245	NA-NA	NA	NA-NA	NA	1-333	1
GU384244	NA-NA	NA	NA-NA	NA	1-333	1
GU384243	NA-NA	NA	NA-NA	NA	1-333	1
GU384242	NA-NA	NA	NA-NA	NA	1-333	1
GU384241	NA-NA	NA	NA-NA	NA	1-333	1
GU384240	NA-NA	NA	NA-NA	NA	1-333	1
GU384239	NA-NA	NA	NA-NA	NA	1-333	1
GU363528	NA-NA	NA	NA-NA	NA	2-338	1
GU363527	NA-NA	NA	NA-NA	NA	2-338	1
GU363526	NA-NA	NA	NA-NA	NA	2-338	1
GU363525	NA-NA	NA	NA-NA	NA	2-338	1
GU363524	NA-NA	NA	NA-NA	NA	2-338	1
GU363523	NA-NA	NA	NA-NA	NA	2-338	1
GU363522	NA-NA	NA	NA-NA	NA	2-338	1
GU363521	NA-NA	NA	NA-NA	NA	2-338	1
GU363520	NA-NA	NA	NA-NA	NA	2-338	1
GU363519	NA-NA	NA	NA-NA	NA	2-338	1
GU363518	NA-NA	NA	NA-NA	NA	2-338	1
GU363517	NA-NA	NA	NA-NA	NA	2-338	1
GU363516	NA-NA	NA	NA-NA	NA	2-338	1
FJ919228	22-3745	1	3735-5286	1	5309-7505	1
FJ919227	22-3745	1	3735-5286	1	5309-7505	1
FJ919226	22-3745	1	3735-5286	1	5309-7505	1
FJ919225	22-3745	1	3735-5286	1	5309-7505	1
AY320043	NA-NA	NA	2-723	1	NA-NA	NA
AY320042	NA-NA	NA	NA-NA	NA	0-785	-1
AY324868	NA-NA	NA	NA-NA	NA	0-348	1
AY324867	NA-NA	NA	NA-NA	NA	0-348	1
AY324866	NA-NA	NA	NA-NA	NA	0-348	1
AY324865	NA-NA	NA	NA-NA	NA	0-348	1
AY324864	NA-NA	NA	NA-NA	NA	0-348	1
AY324863	NA-NA	NA	NA-NA	NA	0-348	1
AY324862	NA-NA	NA	NA-NA	NA	0-348	1
AY324861	NA-NA	NA	NA-NA	NA	0-348	1
AY324860	NA-NA	NA	NA-NA	NA	0-348	1
AY324859	NA-NA	NA	NA-NA	NA	0-348	1
AY324858	NA-NA	NA	NA-NA	NA	0-348	1
AY324857	NA-NA	NA	NA-NA	NA	0-348	1
AY324856	NA-NA	NA	NA-NA	NA	0-348	1
AY324855	NA-NA	NA	NA-NA	NA	0-348	1
AY324854	NA-NA	NA	NA-NA	NA	0-348	1
AY179509	26-2651	1	2614-4171	1	4174-6502	1
L23513	85-2848	1	2775-4335	1	4327-6691	1
GU223913	NA-NA	NA	NA-NA	NA	1-373	1
GU223912	NA-NA	NA	NA-NA	NA	1-373	1
GU223911	NA-NA	NA	NA-NA	NA	1-373	1
GU223910	NA-NA	NA	NA-NA	NA	1-373	1
GU223909	NA-NA	NA	NA-NA	NA	1-373	1
GU223908	NA-NA	NA	NA-NA	NA	1-373	1
GU223907	NA-NA	NA	NA-NA	NA	1-373	1
GU223906	NA-NA	NA	NA-NA	NA	1-373	1
GU216597	NA-NA	NA	NA-NA	NA	0-348	1
GU216596	NA-NA	NA	NA-NA	NA	2-338	1
GU216595	NA-NA	NA	NA-NA	NA	2-338	1
GU216594	NA-NA	NA	NA-NA	NA	2-338	1
GU216593	NA-NA	NA	NA-NA	NA	2-338	1
GU216592	NA-NA	NA	NA-NA	NA	0-348	1
GU216591	NA-NA	NA	NA-NA	NA	0-204	1
GU216590	NA-NA	NA	NA-NA	NA	1-340	1
GU216589	NA-NA	NA	NA-NA	NA	2-347	1
GU216588	NA-NA	NA	NA-NA	NA	2-347	1
GU216587	NA-NA	NA	NA-NA	NA	0-348	1
GU216585	NA-NA	NA	NA-NA	NA	0-348	1
GU216584	NA-NA	NA	NA-NA	NA	0-294	1
GU212651	NA-NA	NA	NA-NA	NA	1-373	1
GU212650	NA-NA	NA	NA-NA	NA	1-373	1
GU212649	NA-NA	NA	NA-NA	NA	1-373	1
GU212648	NA-NA	NA	NA-NA	NA	1-373	1
GU212647	NA-NA	NA	NA-NA	NA	1-373	1
GU212646	NA-NA	NA	NA-NA	NA	1-373	1
GU212645	NA-NA	NA	NA-NA	NA	1-373	1
GU212644	NA-NA	NA	NA-NA	NA	1-373	1
FJ842149	0-244	1	NA-NA	NA	NA-NA	NA
FJ842148	NA-NA	NA	NA-NA	NA	1-220	1
FJ842147	NA-NA	NA	2-1133	1	1125-1721	1
GQ925363	NA-NA	NA	NA-NA	NA	1-373	1
GQ925362	NA-NA	NA	NA-NA	NA	1-373	1
GQ925361	NA-NA	NA	NA-NA	NA	1-373	1
GQ925360	NA-NA	NA	NA-NA	NA	1-373	1
GQ925359	NA-NA	NA	NA-NA	NA	1-373	1
GQ925358	NA-NA	NA	NA-NA	NA	1-373	1
GQ925357	NA-NA	NA	NA-NA	NA	1-373	1
GQ925356	NA-NA	NA	NA-NA	NA	1-373	1
GQ925355	NA-NA	NA	NA-NA	NA	1-373	1
GQ925354	NA-NA	NA	NA-NA	NA	1-373	1
GQ925353	NA-NA	NA	NA-NA	NA	1-373	1
GQ925352	NA-NA	NA	NA-NA	NA	1-373	1
GQ925351	NA-NA	NA	NA-NA	NA	1-373	1
GQ925350	NA-NA	NA	NA-NA	NA	1-373	1
GQ925349	NA-NA	NA	NA-NA	NA	1-373	1
GQ925348	NA-NA	NA	NA-NA	NA	1-373	1
GQ925347	NA-NA	NA	NA-NA	NA	1-373	1
GQ925346	NA-NA	NA	NA-NA	NA	1-373	1
GQ925345	NA-NA	NA	NA-NA	NA	1-373	1
GQ925344	NA-NA	NA	NA-NA	NA	1-373	1
GQ925343	NA-NA	NA	NA-NA	NA	1-373	1
GQ925342	NA-NA	NA	NA-NA	NA	1-373	1
GQ925341	NA-NA	NA	NA-NA	NA	1-373	1
GQ925340	NA-NA	NA	NA-NA	NA	1-373	1
GQ925339	NA-NA	NA	NA-NA	NA	1-373	1
GQ925338	NA-NA	NA	NA-NA	NA	1-373	1
GQ925337	NA-NA	NA	NA-NA	NA	1-373	1
GQ925336	NA-NA	NA	NA-NA	NA	1-373	1
GQ925335	NA-NA	NA	NA-NA	NA	1-373	1
GQ925334	NA-NA	NA	NA-NA	NA	1-373	1
GQ925333	NA-NA	NA	NA-NA	NA	1-373	1
GQ925332	NA-NA	NA	NA-NA	NA	1-373	1
GQ925331	NA-NA	NA	NA-NA	NA	1-373	1
GQ925330	NA-NA	NA	NA-NA	NA	1-373	1
GQ925329	NA-NA	NA	NA-NA	NA	1-373	1
GQ925328	NA-NA	NA	NA-NA	NA	1-373	1
GQ925327	NA-NA	NA	NA-NA	NA	1-373	1
GQ925326	NA-NA	NA	NA-NA	NA	1-373	1
GQ925325	NA-NA	NA	NA-NA	NA	1-373	1
GQ925324	NA-NA	NA	NA-NA	NA	1-373	1
GQ925323	NA-NA	NA	NA-NA	NA	1-373	1
GQ925322	NA-NA	NA	NA-NA	NA	1-373	1
GQ925321	NA-NA	NA	NA-NA	NA	1-373	1
GQ925320	NA-NA	NA	NA-NA	NA	1-373	1
GQ925319	NA-NA	NA	NA-NA	NA	1-373	1
GQ925318	NA-NA	NA	NA-NA	NA	1-373	1
GQ925317	NA-NA	NA	NA-NA	NA	1-373	1
GQ415662	NA-NA	NA	1-766	1	755-3032	1
GQ415661	NA-NA	NA	0-765	1	754-3022	1
GU014472	NA-NA	NA	0-362	1	NA-NA	NA
GQ502196	NA-NA	NA	0-433	1	NA-NA	NA
GQ502195	NA-NA	NA	0-433	1	NA-NA	NA
GQ502194	NA-NA	NA	0-433	1	NA-NA	NA
GQ502192	1-2323	1	2259-3795	1	3787-3980	1
GQ502191	NA-NA	NA	0-409	1	NA-NA	NA
GQ502190	NA-NA	NA	0-409	1	NA-NA	NA
GQ502189	NA-NA	NA	0-409	1	NA-NA	NA
GQ502188	NA-NA	NA	0-409	1	NA-NA	NA
GQ441192	NA-NA	NA	0-381	1	NA-NA	NA
GQ441191	NA-NA	NA	0-381	1	NA-NA	NA
GQ441190	NA-NA	NA	0-381	1	NA-NA	NA
GQ441189	NA-NA	NA	0-381	1	NA-NA	NA
GQ441188	NA-NA	NA	0-381	1	NA-NA	NA
GQ441187	NA-NA	NA	0-357	1	NA-NA	NA
GQ441186	NA-NA	NA	0-357	1	NA-NA	NA
GQ441185	NA-NA	NA	0-357	1	NA-NA	NA
GQ441184	NA-NA	NA	0-357	1	NA-NA	NA
GQ441183	NA-NA	NA	0-363	1	NA-NA	NA
GQ441182	NA-NA	NA	0-363	1	NA-NA	NA
GQ441181	NA-NA	NA	0-363	1	NA-NA	NA
GQ441180	NA-NA	NA	0-363	1	NA-NA	NA
GQ441179	NA-NA	NA	0-363	1	NA-NA	NA
GQ441178	NA-NA	NA	0-363	1	NA-NA	NA
GQ441177	NA-NA	NA	0-363	1	NA-NA	NA
GQ441176	NA-NA	NA	0-363	1	NA-NA	NA
GQ441175	NA-NA	NA	0-363	1	NA-NA	NA
GQ441174	NA-NA	NA	0-363	1	NA-NA	NA
GQ441173	NA-NA	NA	0-363	1	NA-NA	NA
GQ441172	NA-NA	NA	0-363	1	NA-NA	NA
GQ441171	NA-NA	NA	0-363	1	NA-NA	NA
GQ441170	NA-NA	NA	0-363	1	NA-NA	NA
GQ441169	NA-NA	NA	0-363	1	NA-NA	NA
GQ441168	NA-NA	NA	0-363	1	NA-NA	NA
GQ441167	NA-NA	NA	0-363	1	NA-NA	NA
GQ441166	NA-NA	NA	0-363	1	NA-NA	NA
GQ441165	NA-NA	NA	0-363	1	NA-NA	NA
GQ441164	NA-NA	NA	0-363	1	NA-NA	NA
GQ441163	NA-NA	NA	0-363	1	NA-NA	NA
GQ441162	NA-NA	NA	0-363	1	NA-NA	NA
GQ441161	NA-NA	NA	0-363	1	NA-NA	NA
GQ441160	NA-NA	NA	0-363	1	NA-NA	NA
GQ441159	NA-NA	NA	0-363	1	NA-NA	NA
GQ441158	NA-NA	NA	0-363	1	NA-NA	NA
GQ292771	NA-NA	NA	NA-NA	NA	0-348	1
GQ495608	82-2848	1	2787-4335	1	4327-6664	1
GQ353337	NA-NA	NA	NA-NA	NA	0-783	1
GQ353336	NA-NA	NA	NA-NA	NA	0-774	1
GQ353335	NA-NA	NA	NA-NA	NA	0-765	1
GQ353334	NA-NA	NA	0-758	1	NA-NA	NA
GQ353333	NA-NA	NA	0-752	1	NA-NA	NA
FJ538946	NA-NA	NA	NA-NA	NA	0-435	1
FJ538945	NA-NA	NA	NA-NA	NA	0-435	1
FJ538944	NA-NA	NA	NA-NA	NA	0-435	1
FJ538943	NA-NA	NA	NA-NA	NA	0-435	1
FJ538942	NA-NA	NA	NA-NA	NA	0-435	1
FJ538941	NA-NA	NA	NA-NA	NA	0-437	1
FJ538940	NA-NA	NA	NA-NA	NA	0-437	1
FJ538939	NA-NA	NA	NA-NA	NA	0-437	1
FJ538938	NA-NA	NA	NA-NA	NA	0-437	1
FJ538937	NA-NA	NA	NA-NA	NA	0-437	1
FJ538936	NA-NA	NA	NA-NA	NA	0-437	1
FJ538935	NA-NA	NA	NA-NA	NA	0-434	1
FJ538934	NA-NA	NA	NA-NA	NA	0-437	1
FJ538933	NA-NA	NA	NA-NA	NA	0-437	1
FJ538932	NA-NA	NA	NA-NA	NA	0-437	1
FJ538931	NA-NA	NA	NA-NA	NA	0-437	1
FJ538930	NA-NA	NA	NA-NA	NA	0-437	1
FJ538929	NA-NA	NA	NA-NA	NA	2-256	1
GQ301035	NA-NA	NA	0-710	1	NA-NA	NA
GQ301034	NA-NA	NA	0-721	1	NA-NA	NA
GQ301033	NA-NA	NA	0-701	1	NA-NA	NA
GQ301032	NA-NA	NA	0-721	1	NA-NA	NA
GQ301031	NA-NA	NA	0-760	1	NA-NA	NA
GQ301030	NA-NA	NA	0-724	1	NA-NA	NA
GQ301029	NA-NA	NA	0-755	1	NA-NA	NA
GQ301028	NA-NA	NA	0-742	1	NA-NA	NA
GQ301027	NA-NA	NA	0-741	1	NA-NA	NA
GQ301026	NA-NA	NA	0-731	1	NA-NA	NA
GQ301025	NA-NA	NA	0-770	1	NA-NA	NA
GQ301024	NA-NA	NA	0-731	1	NA-NA	NA
GQ301023	NA-NA	NA	0-733	1	NA-NA	NA
GQ301022	NA-NA	NA	0-734	1	NA-NA	NA
GQ301021	NA-NA	NA	0-743	1	NA-NA	NA
GQ301020	NA-NA	NA	0-752	1	NA-NA	NA
GQ301019	NA-NA	NA	0-757	1	NA-NA	NA
GQ301018	NA-NA	NA	0-757	1	NA-NA	NA
GQ301017	NA-NA	NA	0-735	1	NA-NA	NA
GQ301016	NA-NA	NA	0-745	1	NA-NA	NA
GQ301015	NA-NA	NA	0-760	1	NA-NA	NA
GQ301014	NA-NA	NA	0-769	1	NA-NA	NA
GQ301013	NA-NA	NA	0-729	1	NA-NA	NA
GQ301012	NA-NA	NA	0-752	1	NA-NA	NA
GQ301011	NA-NA	NA	0-738	1	NA-NA	NA
GQ301010	NA-NA	NA	0-758	1	NA-NA	NA
GQ301009	NA-NA	NA	0-773	1	NA-NA	NA
GQ301008	NA-NA	NA	0-748	1	NA-NA	NA
GQ301007	NA-NA	NA	0-773	1	NA-NA	NA
GQ301006	NA-NA	NA	0-736	1	NA-NA	NA
GQ301005	NA-NA	NA	0-744	1	NA-NA	NA
GQ301004	NA-NA	NA	NA-NA	NA	0-732	1
GQ301003	NA-NA	NA	NA-NA	NA	0-778	1
GQ301002	NA-NA	NA	NA-NA	NA	0-773	1
GQ301001	NA-NA	NA	NA-NA	NA	0-767	1
GQ301000	NA-NA	NA	NA-NA	NA	0-767	1
GQ300999	NA-NA	NA	NA-NA	NA	0-769	1
GQ300998	NA-NA	NA	NA-NA	NA	0-761	1
GQ300997	NA-NA	NA	NA-NA	NA	0-734	1
GQ300996	NA-NA	NA	NA-NA	NA	0-711	1
GQ300995	NA-NA	NA	NA-NA	NA	0-701	1
GQ300994	NA-NA	NA	NA-NA	NA	0-734	1
GQ300993	NA-NA	NA	NA-NA	NA	0-748	1
GQ300992	NA-NA	NA	NA-NA	NA	0-745	1
GQ300991	NA-NA	NA	NA-NA	NA	0-717	1
GQ300990	NA-NA	NA	NA-NA	NA	0-745	1
GQ300989	NA-NA	NA	NA-NA	NA	0-715	1
GQ300988	NA-NA	NA	NA-NA	NA	0-746	1
GQ300987	NA-NA	NA	NA-NA	NA	0-726	1
GQ300986	NA-NA	NA	NA-NA	NA	0-747	1
GQ300985	NA-NA	NA	NA-NA	NA	0-744	1
GQ300984	NA-NA	NA	NA-NA	NA	0-726	1
GQ300983	NA-NA	NA	NA-NA	NA	0-703	1
GQ300982	NA-NA	NA	NA-NA	NA	0-739	1
GQ300981	NA-NA	NA	NA-NA	NA	0-764	1
GQ300980	NA-NA	NA	NA-NA	NA	0-771	1
GQ300979	NA-NA	NA	NA-NA	NA	0-769	1
GQ300978	NA-NA	NA	NA-NA	NA	0-750	1
GQ300977	NA-NA	NA	NA-NA	NA	0-760	1
GQ300976	NA-NA	NA	NA-NA	NA	0-782	1
GQ300975	NA-NA	NA	NA-NA	NA	0-767	1
GQ332380	NA-NA	NA	NA-NA	NA	0-749	1
GQ332379	NA-NA	NA	NA-NA	NA	2-826	1
GQ332378	NA-NA	NA	NA-NA	NA	0-780	1
GQ332377	NA-NA	NA	NA-NA	NA	0-753	1
GQ332376	NA-NA	NA	NA-NA	NA	0-780	1
GQ332375	NA-NA	NA	NA-NA	NA	0-754	1
GQ332374	NA-NA	NA	NA-NA	NA	0-753	1
GQ267696	2-2063	1	2011-3586	1	3575-5852	1
GQ169036	NA-NA	NA	NA-NA	NA	0-449	1
GQ169035	NA-NA	NA	NA-NA	NA	0-449	1
GQ169034	NA-NA	NA	NA-NA	NA	0-449	1
GQ169033	NA-NA	NA	NA-NA	NA	0-449	1
GQ169032	NA-NA	NA	NA-NA	NA	0-449	1
GQ169031	NA-NA	NA	NA-NA	NA	0-449	1
GQ169030	NA-NA	NA	NA-NA	NA	0-449	1
GQ169029	NA-NA	NA	NA-NA	NA	0-449	1
GQ169028	NA-NA	NA	NA-NA	NA	0-449	1
GQ169027	NA-NA	NA	NA-NA	NA	0-449	1
FJ476309	NA-NA	NA	0-453	1	NA-NA	NA
FJ476308	NA-NA	NA	0-453	1	NA-NA	NA
FJ476307	NA-NA	NA	0-453	1	NA-NA	NA
FJ476306	NA-NA	NA	0-453	1	NA-NA	NA
FJ476305	NA-NA	NA	0-453	1	NA-NA	NA
FJ476304	NA-NA	NA	0-453	1	NA-NA	NA
FJ476303	NA-NA	NA	0-453	1	NA-NA	NA
FJ476302	NA-NA	NA	0-453	1	NA-NA	NA
FJ476301	NA-NA	NA	0-453	1	NA-NA	NA
FJ476300	NA-NA	NA	0-453	1	NA-NA	NA
FJ476299	NA-NA	NA	0-453	1	NA-NA	NA
FJ476298	NA-NA	NA	0-453	1	NA-NA	NA
FJ476297	NA-NA	NA	0-453	1	NA-NA	NA
FJ476296	NA-NA	NA	0-453	1	NA-NA	NA
FJ476295	NA-NA	NA	0-453	1	NA-NA	NA
FJ476294	NA-NA	NA	0-453	1	NA-NA	NA
FJ476293	NA-NA	NA	0-453	1	NA-NA	NA
FJ476292	NA-NA	NA	0-453	1	NA-NA	NA
FJ476291	NA-NA	NA	0-453	1	NA-NA	NA
FJ375758	NA-NA	NA	NA-NA	NA	0-921	1
FJ375757	NA-NA	NA	NA-NA	NA	2-838	1
FJ375756	NA-NA	NA	NA-NA	NA	2-856	1
FJ375755	NA-NA	NA	NA-NA	NA	2-838	1
FJ905434	NA-NA	NA	NA-NA	NA	1-373	1
FJ905433	NA-NA	NA	NA-NA	NA	1-373	1
FJ905432	NA-NA	NA	NA-NA	NA	1-373	1
FJ905431	NA-NA	NA	NA-NA	NA	1-373	1
FJ905430	NA-NA	NA	NA-NA	NA	1-377	1
FJ905429	NA-NA	NA	NA-NA	NA	1-376	1
FJ905428	NA-NA	NA	NA-NA	NA	1-373	1
FJ905427	NA-NA	NA	NA-NA	NA	1-373	1
FJ905426	NA-NA	NA	NA-NA	NA	1-373	1
FJ905425	NA-NA	NA	NA-NA	NA	1-373	1
FJ905424	NA-NA	NA	NA-NA	NA	1-349	1
FJ905423	NA-NA	NA	NA-NA	NA	1-373	1
FJ905422	NA-NA	NA	NA-NA	NA	1-373	1
FJ905421	NA-NA	NA	NA-NA	NA	1-373	1
FJ905420	NA-NA	NA	NA-NA	NA	1-373	1
FJ905419	NA-NA	NA	NA-NA	NA	2-365	1
FJ905418	NA-NA	NA	NA-NA	NA	2-362	1
FJ905417	NA-NA	NA	NA-NA	NA	1-362	1
FJ905416	NA-NA	NA	NA-NA	NA	1-373	1
FJ905415	NA-NA	NA	NA-NA	NA	1-373	1
FJ905414	NA-NA	NA	NA-NA	NA	1-367	1
FJ905413	NA-NA	NA	NA-NA	NA	1-373	1
FJ905412	NA-NA	NA	NA-NA	NA	1-349	1
FJ905411	NA-NA	NA	NA-NA	NA	1-362	1
FJ905410	NA-NA	NA	NA-NA	NA	1-360	1
FJ905409	NA-NA	NA	NA-NA	NA	1-373	1
FJ905408	NA-NA	NA	NA-NA	NA	1-373	1
FJ905407	NA-NA	NA	NA-NA	NA	1-349	1
FJ823071	NA-NA	NA	2-74	1	66-673	1
FJ823070	NA-NA	NA	2-71	1	63-660	1
FJ823069	NA-NA	NA	1-46	1	38-659	1
FJ823068	NA-NA	NA	1-73	1	65-647	1
FJ823067	NA-NA	NA	2-74	1	66-673	1
FJ823066	NA-NA	NA	2-71	1	63-660	1
FJ823065	NA-NA	NA	1-46	1	38-659	1
FJ823064	NA-NA	NA	1-73	1	65-647	1
FJ823063	NA-NA	NA	2-74	1	66-673	1
FJ823062	NA-NA	NA	2-71	1	63-660	1
FJ823061	NA-NA	NA	1-46	1	38-659	1
FJ823060	NA-NA	NA	1-73	1	65-647	1
FJ823059	NA-NA	NA	2-74	1	66-673	1
FJ823058	NA-NA	NA	2-71	1	63-660	1
FJ823057	NA-NA	NA	1-46	1	38-659	1
FJ829070	NA-NA	NA	NA-NA	NA	0-372	1
FJ808808	NA-NA	NA	NA-NA	NA	0-812	1
FJ808807	NA-NA	NA	NA-NA	NA	0-752	1
FJ808806	NA-NA	NA	NA-NA	NA	0-746	1
FJ808805	NA-NA	NA	NA-NA	NA	0-749	1
FJ808804	NA-NA	NA	NA-NA	NA	0-749	1
FJ808803	NA-NA	NA	NA-NA	NA	0-820	1
FJ808802	NA-NA	NA	NA-NA	NA	0-819	1
FJ808801	NA-NA	NA	NA-NA	NA	0-840	1
FJ808800	NA-NA	NA	NA-NA	NA	0-784	1
FJ808799	NA-NA	NA	NA-NA	NA	0-784	1
FJ808798	NA-NA	NA	NA-NA	NA	0-758	1
FJ808797	NA-NA	NA	NA-NA	NA	0-758	1
FJ808796	NA-NA	NA	NA-NA	NA	0-770	1
FJ808795	NA-NA	NA	NA-NA	NA	0-817	1
FJ808794	NA-NA	NA	NA-NA	NA	0-819	1
FJ808793	NA-NA	NA	NA-NA	NA	0-759	1
FJ808792	NA-NA	NA	NA-NA	NA	0-772	1
FJ808791	NA-NA	NA	NA-NA	NA	0-749	1
FJ808790	NA-NA	NA	NA-NA	NA	0-750	1
FJ808789	NA-NA	NA	NA-NA	NA	0-771	1
FJ808788	NA-NA	NA	NA-NA	NA	0-819	1
FJ808787	NA-NA	NA	NA-NA	NA	0-784	1
FJ808786	NA-NA	NA	NA-NA	NA	0-761	1
FJ808785	NA-NA	NA	NA-NA	NA	0-747	1
FJ808784	NA-NA	NA	NA-NA	NA	0-782	1
FJ808783	NA-NA	NA	NA-NA	NA	0-761	1
FJ808782	NA-NA	NA	NA-NA	NA	0-782	1
FJ808781	NA-NA	NA	NA-NA	NA	0-745	1
FJ808780	NA-NA	NA	NA-NA	NA	0-762	1
FJ808779	NA-NA	NA	NA-NA	NA	0-790	1
FJ808778	NA-NA	NA	NA-NA	NA	0-821	1
FJ808777	NA-NA	NA	NA-NA	NA	0-780	1
FJ808776	NA-NA	NA	NA-NA	NA	0-751	1
FJ808775	NA-NA	NA	NA-NA	NA	0-781	1
FJ808774	NA-NA	NA	NA-NA	NA	0-808	1
FJ571140	NA-NA	NA	0-381	1	NA-NA	NA
FJ571139	NA-NA	NA	0-381	1	NA-NA	NA
FJ571138	NA-NA	NA	0-381	1	NA-NA	NA
FJ571137	NA-NA	NA	0-381	1	NA-NA	NA
FJ571136	NA-NA	NA	0-381	1	NA-NA	NA
FJ571135	NA-NA	NA	0-381	1	NA-NA	NA
FJ571134	NA-NA	NA	0-381	1	NA-NA	NA
FJ571133	NA-NA	NA	0-381	1	NA-NA	NA
FJ571132	NA-NA	NA	0-381	1	NA-NA	NA
FJ571131	NA-NA	NA	0-381	1	NA-NA	NA
FJ571130	NA-NA	NA	0-381	1	NA-NA	NA
FJ571129	NA-NA	NA	0-381	1	NA-NA	NA
FJ571128	NA-NA	NA	0-381	1	NA-NA	NA
FJ571127	NA-NA	NA	0-381	1	NA-NA	NA
FJ571126	NA-NA	NA	0-381	1	NA-NA	NA
FJ571125	NA-NA	NA	0-375	1	NA-NA	NA
FJ571124	NA-NA	NA	0-381	1	NA-NA	NA
FJ571123	NA-NA	NA	0-381	1	NA-NA	NA
FJ571122	NA-NA	NA	0-381	1	NA-NA	NA
FJ571121	NA-NA	NA	0-381	1	NA-NA	NA
FJ571120	NA-NA	NA	0-381	1	NA-NA	NA
FJ571119	NA-NA	NA	0-381	1	NA-NA	NA
FJ571118	NA-NA	NA	0-375	1	NA-NA	NA
FJ571117	NA-NA	NA	0-381	1	NA-NA	NA
FJ571116	NA-NA	NA	0-381	1	NA-NA	NA
FJ571115	NA-NA	NA	0-381	1	NA-NA	NA
FJ571114	NA-NA	NA	0-381	1	NA-NA	NA
FJ571113	NA-NA	NA	0-381	1	NA-NA	NA
FJ571112	NA-NA	NA	0-381	1	NA-NA	NA
FJ571111	NA-NA	NA	0-381	1	NA-NA	NA
FJ571110	NA-NA	NA	0-381	1	NA-NA	NA
FJ571109	NA-NA	NA	0-381	1	NA-NA	NA
FJ571108	NA-NA	NA	0-381	1	NA-NA	NA
FJ571107	NA-NA	NA	0-381	1	NA-NA	NA
FJ571106	NA-NA	NA	0-381	1	NA-NA	NA
FJ571105	NA-NA	NA	0-381	1	NA-NA	NA
FJ571104	NA-NA	NA	0-381	1	NA-NA	NA
FJ571103	NA-NA	NA	0-381	1	NA-NA	NA
FJ571102	NA-NA	NA	0-381	1	NA-NA	NA
FJ571101	NA-NA	NA	0-381	1	NA-NA	NA
FJ571100	NA-NA	NA	0-381	1	NA-NA	NA
FJ571099	NA-NA	NA	0-381	1	NA-NA	NA
FJ571098	NA-NA	NA	0-381	1	NA-NA	NA
FJ571097	NA-NA	NA	0-381	1	NA-NA	NA
FJ571096	NA-NA	NA	0-381	1	NA-NA	NA
FJ571095	NA-NA	NA	0-381	1	NA-NA	NA
FJ571094	NA-NA	NA	0-381	1	NA-NA	NA
FJ571093	NA-NA	NA	0-381	1	NA-NA	NA
FJ571092	NA-NA	NA	0-381	1	NA-NA	NA
FJ571091	NA-NA	NA	0-375	1	NA-NA	NA
FJ571090	NA-NA	NA	0-381	1	NA-NA	NA
FJ571089	NA-NA	NA	0-381	1	NA-NA	NA
FJ571088	NA-NA	NA	0-381	1	NA-NA	NA
FJ571087	NA-NA	NA	0-381	1	NA-NA	NA
FJ571086	NA-NA	NA	0-381	1	NA-NA	NA
FJ571085	NA-NA	NA	0-381	1	NA-NA	NA
FJ571084	NA-NA	NA	0-381	1	NA-NA	NA
FJ571083	NA-NA	NA	0-381	1	NA-NA	NA
FJ571082	NA-NA	NA	0-378	1	NA-NA	NA
FJ571081	NA-NA	NA	0-378	1	NA-NA	NA
FJ571080	NA-NA	NA	0-381	1	NA-NA	NA
FJ571079	NA-NA	NA	0-381	1	NA-NA	NA
FJ571078	NA-NA	NA	0-378	1	NA-NA	NA
FJ571077	NA-NA	NA	0-381	1	NA-NA	NA
FJ571076	NA-NA	NA	0-378	1	NA-NA	NA
FJ571075	NA-NA	NA	0-381	1	NA-NA	NA
FJ755363	2-346	1	NA-NA	NA	NA-NA	NA
FJ755362	2-346	1	NA-NA	NA	NA-NA	NA
FJ755361	2-346	1	NA-NA	NA	NA-NA	NA
FJ755360	2-346	1	NA-NA	NA	NA-NA	NA
FJ755359	2-346	1	NA-NA	NA	NA-NA	NA
FJ755358	2-346	1	NA-NA	NA	NA-NA	NA
FJ755357	2-346	1	NA-NA	NA	NA-NA	NA
FJ755356	2-346	1	NA-NA	NA	NA-NA	NA
FJ755355	2-346	1	NA-NA	NA	NA-NA	NA
FJ755354	2-346	1	NA-NA	NA	NA-NA	NA
FJ755353	2-346	1	NA-NA	NA	NA-NA	NA
FJ755352	2-346	1	NA-NA	NA	NA-NA	NA
FJ755351	2-346	1	NA-NA	NA	NA-NA	NA
FJ755350	2-346	1	NA-NA	NA	NA-NA	NA
FJ755349	2-346	1	NA-NA	NA	NA-NA	NA
FJ755348	2-346	1	NA-NA	NA	NA-NA	NA
FJ755347	2-346	1	NA-NA	NA	NA-NA	NA
FJ755346	2-346	1	NA-NA	NA	NA-NA	NA
FJ755345	2-346	1	NA-NA	NA	NA-NA	NA
FJ755344	2-346	1	NA-NA	NA	NA-NA	NA
FJ755343	2-346	1	NA-NA	NA	NA-NA	NA
FJ755342	2-346	1	NA-NA	NA	NA-NA	NA
FJ755341	2-346	1	NA-NA	NA	NA-NA	NA
FJ755340	2-346	1	NA-NA	NA	NA-NA	NA
FJ755339	2-346	1	NA-NA	NA	NA-NA	NA
FJ755338	2-346	1	NA-NA	NA	NA-NA	NA
FJ755405	85-2848	1	2787-4335	1	4327-6691	1
FJ755404	85-2848	1	2787-4335	1	4327-6691	1
FJ755403	85-2848	1	2787-4335	1	4327-6691	1
FJ755402	85-2848	1	2787-4335	1	4327-6691	1
FJ755401	NA-NA	NA	NA-NA	NA	0-449	1
FJ755400	NA-NA	NA	NA-NA	NA	0-449	1
FJ755399	NA-NA	NA	NA-NA	NA	0-449	1
FJ755398	NA-NA	NA	NA-NA	NA	0-449	1
FJ755397	NA-NA	NA	NA-NA	NA	0-449	1
FJ755396	NA-NA	NA	NA-NA	NA	0-449	1
FJ755395	NA-NA	NA	NA-NA	NA	0-449	1
FJ755394	NA-NA	NA	NA-NA	NA	0-449	1
FJ755393	NA-NA	NA	NA-NA	NA	0-449	1
FJ755392	NA-NA	NA	NA-NA	NA	0-449	1
FJ755391	NA-NA	NA	NA-NA	NA	0-449	1
FJ755390	NA-NA	NA	NA-NA	NA	0-449	1
FJ755389	NA-NA	NA	NA-NA	NA	0-449	1
FJ755388	NA-NA	NA	NA-NA	NA	0-449	1
FJ755387	NA-NA	NA	NA-NA	NA	0-449	1
FJ755386	NA-NA	NA	NA-NA	NA	0-449	1
FJ755385	NA-NA	NA	NA-NA	NA	0-449	1
FJ755384	NA-NA	NA	NA-NA	NA	0-449	1
FJ755383	NA-NA	NA	NA-NA	NA	0-449	1
FJ755382	NA-NA	NA	NA-NA	NA	0-449	1
FJ755381	NA-NA	NA	NA-NA	NA	0-449	1
FJ755380	NA-NA	NA	NA-NA	NA	0-449	1
FJ755379	NA-NA	NA	NA-NA	NA	0-449	1
FJ755378	NA-NA	NA	NA-NA	NA	0-449	1
FJ755377	NA-NA	NA	NA-NA	NA	0-449	1
FJ755376	NA-NA	NA	NA-NA	NA	0-449	1
FJ755375	NA-NA	NA	NA-NA	NA	0-449	1
FJ755374	NA-NA	NA	NA-NA	NA	0-449	1
FJ755373	NA-NA	NA	NA-NA	NA	0-449	1
FJ755372	NA-NA	NA	NA-NA	NA	0-449	1
FJ755371	NA-NA	NA	NA-NA	NA	0-449	1
FJ755370	NA-NA	NA	NA-NA	NA	0-449	1
FJ755369	NA-NA	NA	NA-NA	NA	0-449	1
FJ755368	NA-NA	NA	NA-NA	NA	0-449	1
FJ755367	NA-NA	NA	NA-NA	NA	0-449	1
FJ755366	NA-NA	NA	NA-NA	NA	0-449	1
FJ755365	NA-NA	NA	NA-NA	NA	0-449	1
FJ755364	NA-NA	NA	NA-NA	NA	0-449	1
FJ693687	NA-NA	NA	0-778	1	NA-NA	NA
FJ693686	NA-NA	NA	0-776	1	NA-NA	NA
FJ693685	NA-NA	NA	0-769	1	NA-NA	NA
FJ693684	NA-NA	NA	0-779	1	NA-NA	NA
FJ693683	NA-NA	NA	0-779	1	NA-NA	NA
FJ693682	NA-NA	NA	0-778	1	NA-NA	NA
FJ693681	NA-NA	NA	0-779	1	NA-NA	NA
FJ693680	NA-NA	NA	0-773	1	NA-NA	NA
FJ693679	NA-NA	NA	0-773	1	NA-NA	NA
FJ693678	NA-NA	NA	0-773	1	NA-NA	NA
FJ693677	NA-NA	NA	0-773	1	NA-NA	NA
FJ693676	NA-NA	NA	0-773	1	NA-NA	NA
FJ693675	NA-NA	NA	0-773	1	NA-NA	NA
FJ693674	NA-NA	NA	0-773	1	NA-NA	NA
FJ693673	NA-NA	NA	0-776	1	NA-NA	NA
FJ693672	NA-NA	NA	0-773	1	NA-NA	NA
FJ693671	NA-NA	NA	0-773	1	NA-NA	NA
FJ693670	NA-NA	NA	0-770	1	NA-NA	NA
FJ693669	NA-NA	NA	0-779	1	NA-NA	NA
FJ693668	NA-NA	NA	0-777	1	NA-NA	NA
FJ693667	NA-NA	NA	0-795	1	NA-NA	NA
FJ693666	NA-NA	NA	0-774	1	NA-NA	NA
FJ693665	NA-NA	NA	0-771	1	NA-NA	NA
FJ693664	NA-NA	NA	0-792	1	NA-NA	NA
FJ693663	NA-NA	NA	0-779	1	NA-NA	NA
FJ693662	NA-NA	NA	0-777	1	NA-NA	NA
FJ693661	NA-NA	NA	0-740	1	NA-NA	NA
FJ693660	NA-NA	NA	0-795	1	NA-NA	NA
FJ693659	NA-NA	NA	0-779	1	NA-NA	NA
FJ693658	NA-NA	NA	0-779	1	NA-NA	NA
FJ693657	NA-NA	NA	0-795	1	NA-NA	NA
FJ693656	NA-NA	NA	0-790	1	NA-NA	NA
FJ693655	NA-NA	NA	0-774	1	NA-NA	NA
FJ693654	NA-NA	NA	0-791	1	NA-NA	NA
FJ693653	NA-NA	NA	0-763	1	NA-NA	NA
FJ402983	14-2378	1	2314-3850	1	3842-6110	1
FJ227127	NA-NA	NA	NA-NA	NA	0-837	1
FJ227126	NA-NA	NA	NA-NA	NA	0-837	1
FJ227125	NA-NA	NA	NA-NA	NA	0-837	1
FJ227124	NA-NA	NA	NA-NA	NA	0-837	1
FJ227121	2-1178	1	NA-NA	NA	NA-NA	NA
FJ227120	2-1178	1	NA-NA	NA	NA-NA	NA
FJ605169	NA-NA	NA	0-772	1	NA-NA	NA
FJ605168	NA-NA	NA	0-770	1	NA-NA	NA
FJ605167	NA-NA	NA	0-726	1	NA-NA	NA
FJ605166	NA-NA	NA	0-766	1	NA-NA	NA
FJ605165	NA-NA	NA	0-775	1	NA-NA	NA
FJ605164	NA-NA	NA	0-775	1	NA-NA	NA
FJ605163	NA-NA	NA	0-784	1	NA-NA	NA
FJ605162	NA-NA	NA	0-744	1	NA-NA	NA
FJ605161	NA-NA	NA	0-778	1	NA-NA	NA
FJ605160	NA-NA	NA	0-777	1	NA-NA	NA
FJ605159	NA-NA	NA	0-761	1	NA-NA	NA
FJ605158	NA-NA	NA	0-784	1	NA-NA	NA
FJ605157	NA-NA	NA	0-769	1	NA-NA	NA
FJ605156	NA-NA	NA	0-778	1	NA-NA	NA
FJ605155	NA-NA	NA	0-792	1	NA-NA	NA
AF474921	NA-NA	NA	NA-NA	NA	0-199	1
AF474920	NA-NA	NA	NA-NA	NA	0-179	1
AF474919	NA-NA	NA	NA-NA	NA	0-179	1
AF474918	NA-NA	NA	NA-NA	NA	0-179	1
AF474917	NA-NA	NA	NA-NA	NA	0-179	1
AF474916	NA-NA	NA	NA-NA	NA	0-179	1
AF474915	NA-NA	NA	NA-NA	NA	0-179	1
AF474914	NA-NA	NA	NA-NA	NA	0-179	1
AF474913	NA-NA	NA	NA-NA	NA	0-179	1
AF474912	NA-NA	NA	NA-NA	NA	0-179	1
AF474911	NA-NA	NA	NA-NA	NA	0-179	1
AF474910	NA-NA	NA	NA-NA	NA	0-179	1
AF474909	NA-NA	NA	NA-NA	NA	0-179	1
AF474908	NA-NA	NA	NA-NA	NA	0-179	1
AF474907	NA-NA	NA	NA-NA	NA	0-179	1
AF474906	NA-NA	NA	NA-NA	NA	0-179	1
AF474905	NA-NA	NA	NA-NA	NA	0-179	1
AF474904	NA-NA	NA	NA-NA	NA	0-179	1
AF474903	NA-NA	NA	NA-NA	NA	0-179	1
AF474902	NA-NA	NA	NA-NA	NA	0-179	1
AF474901	NA-NA	NA	NA-NA	NA	0-179	1
AF474900	NA-NA	NA	NA-NA	NA	0-179	1
EF195478	2-167	1	NA-NA	NA	NA-NA	NA
EF195477	2-167	1	NA-NA	NA	NA-NA	NA
EF195476	2-146	1	NA-NA	NA	NA-NA	NA
EF195475	2-146	1	NA-NA	NA	NA-NA	NA
EF195474	2-149	1	NA-NA	NA	NA-NA	NA
EF195473	0-176	1	NA-NA	NA	NA-NA	NA
EF195472	2-167	1	NA-NA	NA	NA-NA	NA
EF195471	2-149	1	NA-NA	NA	NA-NA	NA
EF195470	2-149	1	NA-NA	NA	NA-NA	NA
EF195469	2-170	1	NA-NA	NA	NA-NA	NA
EF195468	2-170	1	NA-NA	NA	NA-NA	NA
EF195467	2-170	1	NA-NA	NA	NA-NA	NA
EF195466	2-170	1	NA-NA	NA	NA-NA	NA
EF195465	2-170	1	NA-NA	NA	NA-NA	NA
EF195464	2-170	1	NA-NA	NA	NA-NA	NA
EF195463	2-170	1	NA-NA	NA	NA-NA	NA
EF195462	2-149	1	NA-NA	NA	NA-NA	NA
EF195461	2-149	1	NA-NA	NA	NA-NA	NA
EF195460	2-167	1	NA-NA	NA	NA-NA	NA
EF195459	2-167	1	NA-NA	NA	NA-NA	NA
EF195458	2-194	1	NA-NA	NA	NA-NA	NA
EF195457	2-149	1	NA-NA	NA	NA-NA	NA
EF195456	2-149	1	NA-NA	NA	NA-NA	NA
EF195455	0-149	1	NA-NA	NA	NA-NA	NA
EF195454	2-146	1	NA-NA	NA	NA-NA	NA
EF195453	2-146	1	NA-NA	NA	NA-NA	NA
EF195452	2-149	1	NA-NA	NA	NA-NA	NA
EF195451	2-167	1	NA-NA	NA	NA-NA	NA
EF195450	2-170	1	NA-NA	NA	NA-NA	NA
EF195449	2-188	1	NA-NA	NA	NA-NA	NA
EF195448	2-167	1	NA-NA	NA	NA-NA	NA
EF195447	2-188	1	NA-NA	NA	NA-NA	NA
EF195446	2-188	1	NA-NA	NA	NA-NA	NA
EF195445	2-167	1	NA-NA	NA	NA-NA	NA
EF195444	2-149	1	NA-NA	NA	NA-NA	NA
EF195443	2-188	1	NA-NA	NA	NA-NA	NA
EF195442	2-188	1	NA-NA	NA	NA-NA	NA
EF195441	2-194	1	NA-NA	NA	NA-NA	NA
EF195440	2-194	1	NA-NA	NA	NA-NA	NA
EF195439	2-194	1	NA-NA	NA	NA-NA	NA
EF195438	2-167	1	NA-NA	NA	NA-NA	NA
EF195437	2-194	1	NA-NA	NA	NA-NA	NA
EF195436	2-149	1	NA-NA	NA	NA-NA	NA
EF195435	2-146	1	NA-NA	NA	NA-NA	NA
EF195434	2-146	1	NA-NA	NA	NA-NA	NA
EF195433	2-146	1	NA-NA	NA	NA-NA	NA
EF195432	2-146	1	NA-NA	NA	NA-NA	NA
EF195431	2-146	1	NA-NA	NA	NA-NA	NA
EF195430	2-146	1	NA-NA	NA	NA-NA	NA
EF195429	2-167	1	NA-NA	NA	NA-NA	NA
EF195428	2-167	1	NA-NA	NA	NA-NA	NA
EF195427	0-167	1	NA-NA	NA	NA-NA	NA
EF195426	2-167	1	NA-NA	NA	NA-NA	NA
EF195425	2-167	1	NA-NA	NA	NA-NA	NA
EF195424	2-167	1	NA-NA	NA	NA-NA	NA
EF195423	0-149	1	NA-NA	NA	NA-NA	NA
EF195422	2-188	1	NA-NA	NA	NA-NA	NA
EF195421	2-188	1	NA-NA	NA	NA-NA	NA
EF195420	2-188	1	NA-NA	NA	NA-NA	NA
EF195419	2-188	1	NA-NA	NA	NA-NA	NA
EF195418	0-149	1	NA-NA	NA	NA-NA	NA
EF195417	0-149	1	NA-NA	NA	NA-NA	NA
EF195416	0-149	1	NA-NA	NA	NA-NA	NA
EF195415	0-149	1	NA-NA	NA	NA-NA	NA
EF195414	0-149	1	NA-NA	NA	NA-NA	NA
EF195413	0-149	1	NA-NA	NA	NA-NA	NA
EF195412	0-149	1	NA-NA	NA	NA-NA	NA
EF195411	2-170	1	NA-NA	NA	NA-NA	NA
EF195410	2-170	1	NA-NA	NA	NA-NA	NA
EF195409	2-170	1	NA-NA	NA	NA-NA	NA
EF195408	2-170	1	NA-NA	NA	NA-NA	NA
EF195407	2-170	1	NA-NA	NA	NA-NA	NA
EF195406	2-170	1	NA-NA	NA	NA-NA	NA
EF195405	2-170	1	NA-NA	NA	NA-NA	NA
EF195404	2-170	1	NA-NA	NA	NA-NA	NA
EF195403	2-170	1	NA-NA	NA	NA-NA	NA
EF195402	2-167	1	NA-NA	NA	NA-NA	NA
EF195401	2-167	1	NA-NA	NA	NA-NA	NA
EF195400	2-167	1	NA-NA	NA	NA-NA	NA
EF195399	2-149	1	NA-NA	NA	NA-NA	NA
EF195398	2-188	1	NA-NA	NA	NA-NA	NA
EF195397	2-188	1	NA-NA	NA	NA-NA	NA
EF195396	2-188	1	NA-NA	NA	NA-NA	NA
EF195395	2-188	1	NA-NA	NA	NA-NA	NA
EF195394	2-149	1	NA-NA	NA	NA-NA	NA
EF195393	2-149	1	NA-NA	NA	NA-NA	NA
EF195392	2-188	1	NA-NA	NA	NA-NA	NA
EF195391	2-188	1	NA-NA	NA	NA-NA	NA
EF195390	2-188	1	NA-NA	NA	NA-NA	NA
EF195389	2-149	1	NA-NA	NA	NA-NA	NA
EF195388	2-149	1	NA-NA	NA	NA-NA	NA
EF195387	2-149	1	NA-NA	NA	NA-NA	NA
EF195386	2-149	1	NA-NA	NA	NA-NA	NA
EF195385	2-149	1	NA-NA	NA	NA-NA	NA
EF490428	2-266	1	NA-NA	NA	NA-NA	NA
EF490427	0-270	1	NA-NA	NA	NA-NA	NA
EF490426	0-269	1	NA-NA	NA	NA-NA	NA
EF490425	0-267	1	NA-NA	NA	NA-NA	NA
EF519313	NA-NA	NA	NA-NA	NA	0-348	1
EF519312	NA-NA	NA	NA-NA	NA	0-351	1
AF290509	1-246	1	NA-NA	NA	NA-NA	NA
AF290508	1-246	1	NA-NA	NA	NA-NA	NA
AF290507	1-246	1	NA-NA	NA	NA-NA	NA
AF290506	1-246	1	NA-NA	NA	NA-NA	NA
AF290505	1-246	1	NA-NA	NA	NA-NA	NA
AF290504	1-246	1	NA-NA	NA	NA-NA	NA
AF292079	NA-NA	NA	NA-NA	NA	1-568	1
AF248738	NA-NA	NA	0-636	1	628-3004	1
KX266908	51-2637	1	2588-4163	1	4155-6441	1
KX266907	51-2637	1	2588-4163	1	4155-6441	1
KX266906	51-2637	1	2588-4163	1	4155-6441	1
KX266905	51-2637	1	2588-4163	1	4155-6441	1
KX266904	51-2637	1	2588-4163	1	4155-6441	1
KX266903	51-2637	1	2588-4163	1	4155-6441	1
KX266902	51-2637	1	2588-4163	1	4155-6441	1
KX266901	51-2637	1	2588-4163	1	4155-6441	1
AY027809	2-289	1	NA-NA	NA	NA-NA	NA
AF257229	NA-NA	NA	NA-NA	NA	1-445	1
AF257228	NA-NA	NA	NA-NA	NA	0-411	1
AF257227	NA-NA	NA	NA-NA	NA	1-1153	1
AF257225	NA-NA	NA	NA-NA	NA	2-563	1
AF257224	NA-NA	NA	NA-NA	NA	2-365	1
AF257223	NA-NA	NA	NA-NA	NA	1-1153	1
AF257222	NA-NA	NA	NA-NA	NA	2-563	1
AF257221	NA-NA	NA	NA-NA	NA	0-345	1
KM083104	NA-NA	NA	NA-NA	NA	0-508	1
KM083103	NA-NA	NA	2-299	1	NA-NA	NA
DQ990461	1-246	1	NA-NA	NA	NA-NA	NA
DQ990460	NA-NA	NA	NA-NA	NA	0-348	1
EF100670	NA-NA	NA	NA-NA	NA	0-347	1
DQ887692	NA-NA	NA	NA-NA	NA	1-325	1
DQ887691	NA-NA	NA	NA-NA	NA	1-325	1
DQ887690	NA-NA	NA	NA-NA	NA	1-325	1
DQ887689	NA-NA	NA	NA-NA	NA	1-325	1
DQ887688	NA-NA	NA	NA-NA	NA	1-325	1
DQ788612	NA-NA	NA	NA-NA	NA	0-348	1
DQ788611	NA-NA	NA	NA-NA	NA	0-348	1
DQ788610	NA-NA	NA	NA-NA	NA	0-348	1
DQ788609	NA-NA	NA	NA-NA	NA	0-348	1
DQ788608	NA-NA	NA	NA-NA	NA	0-348	1
DQ788607	NA-NA	NA	NA-NA	NA	0-348	1
DQ788606	NA-NA	NA	NA-NA	NA	0-348	1
DQ788605	NA-NA	NA	NA-NA	NA	0-348	1
DQ788604	NA-NA	NA	NA-NA	NA	0-348	1
DQ788603	NA-NA	NA	NA-NA	NA	0-348	1
DQ788602	NA-NA	NA	NA-NA	NA	0-348	1
DQ788601	NA-NA	NA	NA-NA	NA	0-348	1
DQ788600	NA-NA	NA	NA-NA	NA	0-348	1
DQ788599	NA-NA	NA	NA-NA	NA	0-348	1
DQ788598	NA-NA	NA	NA-NA	NA	0-348	1
DQ788597	NA-NA	NA	NA-NA	NA	0-348	1
DQ788596	NA-NA	NA	NA-NA	NA	0-348	1
DQ788595	NA-NA	NA	NA-NA	NA	0-348	1
DQ788594	NA-NA	NA	NA-NA	NA	0-348	1
DQ788593	NA-NA	NA	NA-NA	NA	0-348	1
DQ788592	NA-NA	NA	NA-NA	NA	0-348	1
DQ788591	NA-NA	NA	NA-NA	NA	0-348	1
DQ788590	NA-NA	NA	NA-NA	NA	0-348	1
DQ659100	NA-NA	NA	NA-NA	NA	0-413	1
DQ381388	NA-NA	NA	0-575	1	NA-NA	NA
DQ381382	NA-NA	NA	0-597	1	NA-NA	NA
DQ381361	NA-NA	NA	NA-NA	NA	2-526	1
AY007590	NA-NA	NA	NA-NA	NA	0-348	1
AY007589	NA-NA	NA	NA-NA	NA	0-348	1
AY007587	NA-NA	NA	NA-NA	NA	0-348	1
AY007586	NA-NA	NA	NA-NA	NA	0-348	1
AY007584	NA-NA	NA	NA-NA	NA	0-348	1
AY007583	NA-NA	NA	NA-NA	NA	0-348	1
AY007582	NA-NA	NA	NA-NA	NA	0-348	1
AY007581	NA-NA	NA	NA-NA	NA	0-348	1
AY007580	NA-NA	NA	NA-NA	NA	0-348	1
AY007579	NA-NA	NA	NA-NA	NA	0-348	1
AY007578	NA-NA	NA	NA-NA	NA	0-348	1
AY007591	NA-NA	NA	NA-NA	NA	0-348	1
AY007588	NA-NA	NA	NA-NA	NA	0-348	1
AY007585	NA-NA	NA	NA-NA	NA	0-348	1
AY007577	NA-NA	NA	NA-NA	NA	0-348	1
KU973899	NA-NA	NA	NA-NA	NA	0-449	1
KU973898	NA-NA	NA	NA-NA	NA	0-444	1
KU973897	NA-NA	NA	NA-NA	NA	0-449	1
KU973896	NA-NA	NA	NA-NA	NA	0-449	1
KU973895	NA-NA	NA	NA-NA	NA	0-449	1
KU973894	NA-NA	NA	NA-NA	NA	0-449	1
KU764486	91-2641	1	2571-4086	1	4078-6562	1
KU764485	91-2641	1	2571-4086	1	4078-6559	1
KU764484	91-2641	1	2571-4086	1	4078-6559	1
JF414802	21-3441	1	3422-4982	1	5006-7238	1
KX290465	NA-NA	NA	651-7407	1	NA-NA	NA
JQ045383	NA-NA	NA	NA-NA	NA	0-449	1
JQ045382	NA-NA	NA	NA-NA	NA	0-449	1
KF211475	85-2848	1	2793-4335	1	4327-6691	1
KF211474	NA-NA	NA	NA-NA	NA	0-348	1
KF211473	NA-NA	NA	NA-NA	NA	0-348	1
KF211472	NA-NA	NA	NA-NA	NA	0-348	1
KF211471	NA-NA	NA	NA-NA	NA	0-348	1
KF211470	NA-NA	NA	NA-NA	NA	0-348	1
KF211469	NA-NA	NA	NA-NA	NA	0-348	1
KF211468	NA-NA	NA	NA-NA	NA	0-348	1
KF211467	NA-NA	NA	NA-NA	NA	0-348	1
KF211465	NA-NA	NA	NA-NA	NA	0-348	1
KF211464	NA-NA	NA	NA-NA	NA	0-348	1
KF211463	NA-NA	NA	NA-NA	NA	0-348	1
KF211462	NA-NA	NA	NA-NA	NA	0-348	1
KF211461	NA-NA	NA	NA-NA	NA	0-348	1
KF211460	NA-NA	NA	NA-NA	NA	0-348	1
KT355320	NA-NA	NA	0-846	1	NA-NA	NA
KT355319	NA-NA	NA	0-795	1	NA-NA	NA
KT355318	NA-NA	NA	0-828	1	NA-NA	NA
KT355317	NA-NA	NA	0-822	1	NA-NA	NA
KT355316	NA-NA	NA	0-780	1	NA-NA	NA
KT355315	NA-NA	NA	0-840	1	NA-NA	NA
KT355314	NA-NA	NA	0-846	1	NA-NA	NA
KT355313	NA-NA	NA	0-867	1	NA-NA	NA
KT355312	NA-NA	NA	2-837	1	NA-NA	NA
KT355311	NA-NA	NA	0-867	1	NA-NA	NA
KT355310	NA-NA	NA	0-867	1	NA-NA	NA
KT355309	NA-NA	NA	0-858	1	NA-NA	NA
KT355308	NA-NA	NA	0-864	1	NA-NA	NA
KT355307	NA-NA	NA	0-852	1	NA-NA	NA
KT355306	NA-NA	NA	0-873	1	NA-NA	NA
KT355305	NA-NA	NA	0-867	1	NA-NA	NA
KT355304	NA-NA	NA	0-864	1	NA-NA	NA
KT355302	NA-NA	NA	2-891	1	NA-NA	NA
KT355299	NA-NA	NA	0-864	1	NA-NA	NA
KT355298	NA-NA	NA	0-897	1	NA-NA	NA
KT355297	NA-NA	NA	0-870	1	NA-NA	NA
KT355296	NA-NA	NA	0-879	1	NA-NA	NA
KT355295	NA-NA	NA	1-920	1	NA-NA	NA
KT355293	NA-NA	NA	0-786	1	NA-NA	NA
KT355291	NA-NA	NA	0-657	1	NA-NA	NA
KT355289	NA-NA	NA	0-618	1	NA-NA	NA
KT355288	NA-NA	NA	0-657	1	NA-NA	NA
KT355287	NA-NA	NA	0-666	1	NA-NA	NA
KT355285	NA-NA	NA	0-654	1	NA-NA	NA
KT355284	NA-NA	NA	0-627	1	NA-NA	NA
KT355283	NA-NA	NA	0-678	1	NA-NA	NA
KT355282	NA-NA	NA	0-621	1	NA-NA	NA
KT355281	NA-NA	NA	0-663	1	NA-NA	NA
KT355280	NA-NA	NA	0-678	1	NA-NA	NA
KT355277	NA-NA	NA	0-657	1	NA-NA	NA
KT355276	NA-NA	NA	0-660	1	NA-NA	NA
KT355275	NA-NA	NA	0-591	1	NA-NA	NA
KT355274	NA-NA	NA	0-570	1	NA-NA	NA
KT355273	NA-NA	NA	0-663	1	NA-NA	NA
KT355272	NA-NA	NA	0-678	1	NA-NA	NA
KT355271	NA-NA	NA	0-654	1	NA-NA	NA
LN879482	44-2594	1	2548-4114	1	4106-6386	1
KP982872	44-2473	1	2473-3982	1	3926-6272	1
KT224358	2-2366	1	2302-3838	1	3830-6068	1
AF056197	NA-NA	NA	NA-NA	NA	0-2451	1
KU318568	NA-NA	NA	2-101	1	93-452	1
KU318567	NA-NA	NA	2-101	1	93-452	1
KU318566	NA-NA	NA	2-101	1	93-452	1
KU318565	NA-NA	NA	2-101	1	93-452	1
KU318564	NA-NA	NA	2-101	1	93-455	1
KU318563	NA-NA	NA	2-101	1	93-455	1
KU318562	NA-NA	NA	2-101	1	93-455	1
KU318561	NA-NA	NA	2-101	1	93-455	1
KU318560	NA-NA	NA	2-101	1	93-455	1
KU318559	NA-NA	NA	2-101	1	93-455	1
KU318558	NA-NA	NA	2-101	1	93-455	1
KU318557	NA-NA	NA	2-101	1	93-455	1
KU318556	NA-NA	NA	2-101	1	93-455	1
KU318555	NA-NA	NA	2-101	1	93-455	1
KU318554	NA-NA	NA	2-101	1	93-452	1
KU318553	NA-NA	NA	2-101	1	93-452	1
KU318552	NA-NA	NA	2-101	1	93-452	1
KU318551	NA-NA	NA	2-101	1	93-452	1
KU318550	NA-NA	NA	2-101	1	93-452	1
KU318549	NA-NA	NA	2-101	1	93-452	1
KU318548	NA-NA	NA	2-101	1	93-452	1
KU318547	NA-NA	NA	2-101	1	93-452	1
KU318546	NA-NA	NA	2-101	1	93-452	1
KU318545	NA-NA	NA	2-101	1	93-452	1
KU318544	NA-NA	NA	2-101	1	93-452	1
KU318543	NA-NA	NA	2-101	1	93-452	1
KU318542	NA-NA	NA	2-101	1	93-452	1
KU318541	NA-NA	NA	2-101	1	93-452	1
KU318540	NA-NA	NA	2-101	1	93-452	1
KU318539	NA-NA	NA	2-101	1	93-452	1
KU318538	NA-NA	NA	2-101	1	93-455	1
KU318537	NA-NA	NA	2-101	1	93-455	1
KU318536	NA-NA	NA	2-101	1	93-455	1
KU318535	NA-NA	NA	2-101	1	93-452	1
KU318534	NA-NA	NA	2-101	1	93-455	1
KU318533	NA-NA	NA	2-101	1	93-455	1
KU318532	NA-NA	NA	2-101	1	93-455	1
KU318531	NA-NA	NA	2-101	1	93-455	1
KU318530	NA-NA	NA	2-101	1	93-455	1
KU318529	NA-NA	NA	2-101	1	93-455	1
KU318528	NA-NA	NA	2-101	1	93-455	1
KU318527	NA-NA	NA	2-101	1	93-455	1
KU318526	NA-NA	NA	2-101	1	93-455	1
KU318525	NA-NA	NA	2-101	1	93-455	1
KU318524	NA-NA	NA	2-101	1	93-455	1
KU318523	NA-NA	NA	2-101	1	93-455	1
KU318522	NA-NA	NA	2-101	1	93-455	1
KU318521	NA-NA	NA	2-101	1	93-455	1
KU318520	NA-NA	NA	2-101	1	93-455	1
KU318519	NA-NA	NA	2-101	1	93-455	1
KU318518	NA-NA	NA	2-101	1	93-455	1
KU318517	NA-NA	NA	2-101	1	93-455	1
KU318516	NA-NA	NA	2-101	1	93-455	1
KU318515	NA-NA	NA	2-101	1	93-455	1
KU318514	NA-NA	NA	2-101	1	93-455	1
KU318513	NA-NA	NA	2-101	1	93-455	1
KU318512	NA-NA	NA	2-101	1	93-455	1
KU318511	NA-NA	NA	2-101	1	93-455	1
KU318510	NA-NA	NA	2-101	1	93-455	1
KU318509	NA-NA	NA	2-101	1	93-455	1
KU318508	NA-NA	NA	2-101	1	93-455	1
KU318507	NA-NA	NA	2-101	1	93-455	1
KU318506	NA-NA	NA	2-101	1	93-455	1
KU318505	NA-NA	NA	2-101	1	93-455	1
KU318504	NA-NA	NA	2-101	1	93-455	1
KU318503	NA-NA	NA	2-101	1	93-461	1
KU318502	NA-NA	NA	2-101	1	93-461	1
KU318501	NA-NA	NA	2-101	1	93-461	1
KU318500	NA-NA	NA	2-101	1	93-461	1
KU318499	NA-NA	NA	2-101	1	93-461	1
KU318498	NA-NA	NA	2-101	1	93-461	1
KU318497	NA-NA	NA	2-101	1	93-455	1
KU318496	NA-NA	NA	2-101	1	93-455	1
KU318495	NA-NA	NA	2-101	1	93-455	1
KU318494	NA-NA	NA	2-101	1	93-455	1
KU318493	NA-NA	NA	2-101	1	93-455	1
KU318492	NA-NA	NA	2-101	1	93-455	1
KU318491	NA-NA	NA	2-101	1	93-455	1
KU318490	NA-NA	NA	2-101	1	93-455	1
KU318489	NA-NA	NA	2-101	1	93-455	1
KU318488	NA-NA	NA	2-101	1	93-455	1
KU318487	NA-NA	NA	2-101	1	93-455	1
KU318486	NA-NA	NA	2-101	1	93-455	1
KU318485	NA-NA	NA	2-101	1	93-455	1
KU318484	NA-NA	NA	2-101	1	93-455	1
KU318483	NA-NA	NA	2-101	1	93-455	1
KU318482	NA-NA	NA	2-101	1	93-455	1
KU318481	NA-NA	NA	2-101	1	93-455	1
KU318480	NA-NA	NA	2-101	1	93-455	1
KU318479	NA-NA	NA	2-101	1	93-455	1
KU318478	NA-NA	NA	2-101	1	93-455	1
KU318477	NA-NA	NA	2-101	1	93-455	1
KU318476	NA-NA	NA	2-101	1	93-455	1
KU318475	NA-NA	NA	2-101	1	93-455	1
KU318474	NA-NA	NA	2-101	1	93-455	1
KU318473	NA-NA	NA	2-101	1	93-455	1
KU318472	NA-NA	NA	2-101	1	93-455	1
KU318471	NA-NA	NA	2-101	1	93-455	1
KU318470	NA-NA	NA	2-101	1	93-455	1
KU318469	NA-NA	NA	2-101	1	93-455	1
KU318468	NA-NA	NA	2-101	1	93-455	1
KU318467	NA-NA	NA	2-101	1	93-455	1
KU318466	NA-NA	NA	2-101	1	93-455	1
KU318465	NA-NA	NA	2-101	1	93-455	1
KU318464	NA-NA	NA	2-101	1	93-455	1
KU318463	NA-NA	NA	2-101	1	93-455	1
KU318462	NA-NA	NA	2-101	1	93-455	1
KU318461	NA-NA	NA	2-101	1	93-455	1
KU318460	NA-NA	NA	2-101	1	93-455	1
KU318459	NA-NA	NA	2-101	1	93-455	1
KU318458	NA-NA	NA	2-101	1	93-455	1
KU318457	NA-NA	NA	2-101	1	93-455	1
KU318456	NA-NA	NA	2-101	1	93-455	1
KU318455	NA-NA	NA	2-101	1	93-455	1
KU318454	NA-NA	NA	2-101	1	93-455	1
KU508616	NA-NA	NA	NA-NA	NA	1-340	1
KU508615	NA-NA	NA	NA-NA	NA	2-305	1
KU508614	NA-NA	NA	NA-NA	NA	1-337	1
KU508613	NA-NA	NA	NA-NA	NA	1-112	1
KU508612	NA-NA	NA	NA-NA	NA	0-289	1
KU508611	NA-NA	NA	NA-NA	NA	0-355	1
KU508610	NA-NA	NA	NA-NA	NA	0-348	1
KU508609	NA-NA	NA	NA-NA	NA	0-348	1
KU508608	NA-NA	NA	NA-NA	NA	2-341	1
KU508607	NA-NA	NA	NA-NA	NA	1-271	1
KT749774	NA-NA	NA	NA-NA	NA	0-447	1
KT749773	NA-NA	NA	NA-NA	NA	0-447	1
KT749772	NA-NA	NA	NA-NA	NA	0-447	1
KT749771	NA-NA	NA	NA-NA	NA	0-447	1
KT749770	NA-NA	NA	NA-NA	NA	0-447	1
KT749769	NA-NA	NA	NA-NA	NA	0-447	1
KT749768	NA-NA	NA	NA-NA	NA	0-447	1
KT749767	NA-NA	NA	NA-NA	NA	0-447	1
KT749766	NA-NA	NA	NA-NA	NA	0-447	1
KT749765	NA-NA	NA	NA-NA	NA	0-447	1
KT749764	NA-NA	NA	NA-NA	NA	0-447	1
KT749763	NA-NA	NA	NA-NA	NA	0-447	1
KT749762	NA-NA	NA	NA-NA	NA	0-447	1
KT749761	NA-NA	NA	NA-NA	NA	0-447	1
KT598687	NA-NA	NA	1-367	1	NA-NA	NA
KT598686	NA-NA	NA	1-286	1	NA-NA	NA
KT598685	NA-NA	NA	1-355	1	NA-NA	NA
KT598684	NA-NA	NA	1-346	1	NA-NA	NA
KT598683	NA-NA	NA	1-367	1	NA-NA	NA
KT598682	NA-NA	NA	1-378	1	NA-NA	NA
KT598681	NA-NA	NA	1-367	1	NA-NA	NA
KT598680	NA-NA	NA	1-286	1	NA-NA	NA
KT598679	NA-NA	NA	1-286	1	NA-NA	NA
KT598678	NA-NA	NA	1-286	1	NA-NA	NA
KT598677	NA-NA	NA	1-367	1	NA-NA	NA
KT598676	NA-NA	NA	1-367	1	NA-NA	NA
KT598675	NA-NA	NA	1-367	1	NA-NA	NA
KT598674	NA-NA	NA	1-367	1	NA-NA	NA
KT598673	NA-NA	NA	1-367	1	NA-NA	NA
KT598672	NA-NA	NA	1-367	1	NA-NA	NA
KT598671	NA-NA	NA	1-367	1	NA-NA	NA
KT598670	NA-NA	NA	1-286	1	NA-NA	NA
KT598669	NA-NA	NA	1-286	1	NA-NA	NA
KT598668	NA-NA	NA	1-385	1	NA-NA	NA
KT598667	NA-NA	NA	1-304	1	NA-NA	NA
KT598666	NA-NA	NA	1-397	1	NA-NA	NA
KT598665	NA-NA	NA	1-307	1	NA-NA	NA
KU318321	NA-NA	NA	NA-NA	NA	3872-5885	1
KU318320	NA-NA	NA	27-3867	1	3889-5902	1
KU318319	NA-NA	NA	12-3852	1	3874-5890	1
KU318318	NA-NA	NA	28-3871	1	3893-5894	1
KU318317	NA-NA	NA	67-3907	1	3929-5954	1
KU318316	NA-NA	NA	NA-NA	NA	3883-5884	1
KU318315	NA-NA	NA	NA-NA	NA	3880-5881	1
KJ496050	NA-NA	NA	0-282	1	NA-NA	NA
KJ496049	NA-NA	NA	0-291	1	NA-NA	NA
KJ496048	NA-NA	NA	0-291	1	NA-NA	NA
KJ496047	NA-NA	NA	0-289	1	NA-NA	NA
KJ496046	NA-NA	NA	0-291	1	NA-NA	NA
KJ496045	NA-NA	NA	0-276	1	NA-NA	NA
KJ496044	NA-NA	NA	0-276	1	NA-NA	NA
KJ496043	NA-NA	NA	0-303	1	NA-NA	NA
KJ496042	NA-NA	NA	0-291	1	NA-NA	NA
KJ496041	NA-NA	NA	0-291	1	NA-NA	NA
KJ496040	NA-NA	NA	0-285	1	NA-NA	NA
KJ496039	NA-NA	NA	0-291	1	NA-NA	NA
KJ496038	NA-NA	NA	0-291	1	NA-NA	NA
KJ496037	NA-NA	NA	0-291	1	NA-NA	NA
KJ496036	NA-NA	NA	0-288	1	NA-NA	NA
KJ496034	NA-NA	NA	0-291	1	NA-NA	NA
KJ496033	NA-NA	NA	0-291	1	NA-NA	NA
KJ496032	NA-NA	NA	0-291	1	NA-NA	NA
KJ496031	NA-NA	NA	0-291	1	NA-NA	NA
KJ496030	NA-NA	NA	0-291	1	NA-NA	NA
KJ496029	NA-NA	NA	0-291	1	NA-NA	NA
KJ496028	NA-NA	NA	0-285	1	NA-NA	NA
KJ496027	NA-NA	NA	0-282	1	NA-NA	NA
KJ496026	NA-NA	NA	0-282	1	NA-NA	NA
KJ496025	NA-NA	NA	0-291	1	NA-NA	NA
KJ496024	NA-NA	NA	0-285	1	NA-NA	NA
KJ496023	NA-NA	NA	0-291	1	NA-NA	NA
KJ496022	NA-NA	NA	0-282	1	NA-NA	NA
KJ496021	NA-NA	NA	2-290	1	NA-NA	NA
KJ496020	NA-NA	NA	0-291	1	NA-NA	NA
KJ496019	NA-NA	NA	0-282	1	NA-NA	NA
KJ496018	NA-NA	NA	0-291	1	NA-NA	NA
KJ496017	NA-NA	NA	0-282	1	NA-NA	NA
KJ496016	NA-NA	NA	0-291	1	NA-NA	NA
KJ496015	NA-NA	NA	0-282	1	NA-NA	NA
KJ496014	NA-NA	NA	0-234	1	NA-NA	NA
KJ496013	NA-NA	NA	0-261	1	NA-NA	NA
KJ496012	NA-NA	NA	0-282	1	NA-NA	NA
KJ496011	NA-NA	NA	0-282	1	NA-NA	NA
KJ496010	NA-NA	NA	0-252	1	NA-NA	NA
KJ496009	NA-NA	NA	0-285	1	NA-NA	NA
KJ496008	NA-NA	NA	0-291	1	NA-NA	NA
KJ496007	NA-NA	NA	0-291	1	NA-NA	NA
KJ496006	NA-NA	NA	0-297	1	NA-NA	NA
KJ496005	NA-NA	NA	0-291	1	NA-NA	NA
KJ496004	NA-NA	NA	0-285	1	NA-NA	NA
KJ496003	NA-NA	NA	0-291	1	NA-NA	NA
KJ496002	NA-NA	NA	0-262	1	NA-NA	NA
KJ496001	NA-NA	NA	1-1534	1	1478-3779	1
KJ496000	NA-NA	NA	0-1224	1	NA-NA	NA
KJ495999	NA-NA	NA	1-763	1	566-3020	1
KJ495998	NA-NA	NA	0-743	1	NA-NA	NA
KJ495997	NA-NA	NA	0-701	1	NA-NA	NA
KJ495996	NA-NA	NA	1-721	1	704-2912	1
KJ495995	NA-NA	NA	0-701	1	NA-NA	NA
KJ495994	NA-NA	NA	1-763	1	566-3017	1
KJ495993	NA-NA	NA	1-721	1	713-3221	1
KJ495992	NA-NA	NA	NA-NA	NA	0-2385	1
KJ495991	NA-NA	NA	1-763	1	566-3020	1
KJ495990	NA-NA	NA	0-702	1	NA-NA	NA
KJ495989	NA-NA	NA	0-735	1	NA-NA	NA
KJ495988	NA-NA	NA	0-747	1	NA-NA	NA
KJ495987	NA-NA	NA	2-857	1	801-3165	1
KJ495986	25-2500	1	2454-3963	1	3955-6202	1
KT386338	NA-NA	NA	0-210	1	NA-NA	NA
KT386337	NA-NA	NA	0-245	1	NA-NA	NA
KT386336	NA-NA	NA	0-311	1	NA-NA	NA
KT386335	NA-NA	NA	0-308	1	NA-NA	NA
KT386334	NA-NA	NA	0-302	1	NA-NA	NA
KT386333	NA-NA	NA	0-330	1	NA-NA	NA
KT386332	NA-NA	NA	0-317	1	NA-NA	NA
KT386331	NA-NA	NA	0-308	1	NA-NA	NA
KT386330	NA-NA	NA	0-308	1	NA-NA	NA
KT386329	NA-NA	NA	0-325	1	NA-NA	NA
KT386328	NA-NA	NA	0-367	1	NA-NA	NA
KT386327	NA-NA	NA	0-326	1	NA-NA	NA
KT440878	NA-NA	NA	0-349	1	NA-NA	NA
KT440871	NA-NA	NA	0-349	1	NA-NA	NA
KT440870	NA-NA	NA	0-349	1	NA-NA	NA
KT440869	NA-NA	NA	0-349	1	NA-NA	NA
KT440867	NA-NA	NA	0-349	1	NA-NA	NA
KT440866	NA-NA	NA	0-349	1	NA-NA	NA
KT440865	NA-NA	NA	0-349	1	NA-NA	NA
KT440864	NA-NA	NA	0-349	1	NA-NA	NA
KT440863	NA-NA	NA	0-349	1	NA-NA	NA
KT440862	NA-NA	NA	0-349	1	NA-NA	NA
KT440859	NA-NA	NA	0-349	1	NA-NA	NA
KT440858	NA-NA	NA	0-349	1	NA-NA	NA
KT440877	NA-NA	NA	0-337	1	NA-NA	NA
KT440876	NA-NA	NA	0-336	1	NA-NA	NA
KT440875	NA-NA	NA	0-336	1	NA-NA	NA
KT440874	NA-NA	NA	0-336	1	NA-NA	NA
KT440873	NA-NA	NA	0-336	1	NA-NA	NA
KT440872	NA-NA	NA	0-336	1	NA-NA	NA
KT440868	NA-NA	NA	0-336	1	NA-NA	NA
KT440861	NA-NA	NA	0-336	1	NA-NA	NA
KT440860	NA-NA	NA	0-336	1	NA-NA	NA
KT440857	NA-NA	NA	0-336	1	NA-NA	NA
KT376419	NA-NA	NA	0-282	1	NA-NA	NA
KT376418	NA-NA	NA	0-340	1	NA-NA	NA
KT376417	NA-NA	NA	0-364	1	NA-NA	NA
KT376416	NA-NA	NA	0-312	1	NA-NA	NA
KT376415	NA-NA	NA	0-364	1	NA-NA	NA
KT376414	NA-NA	NA	0-359	1	NA-NA	NA
KT376413	NA-NA	NA	0-363	1	NA-NA	NA
KT376412	NA-NA	NA	0-363	1	NA-NA	NA
KT376411	NA-NA	NA	0-384	1	NA-NA	NA
KT355326	NA-NA	NA	NA-NA	NA	0-786	1
KT355325	NA-NA	NA	NA-NA	NA	0-729	1
KT355324	NA-NA	NA	NA-NA	NA	0-798	1
KT355323	NA-NA	NA	NA-NA	NA	0-537	1
KT355322	NA-NA	NA	NA-NA	NA	0-759	1
KT003291	NA-NA	NA	NA-NA	NA	747-2025	1
LC009661	NA-NA	NA	NA-NA	NA	2-359	1
LC009660	NA-NA	NA	NA-NA	NA	2-359	1
LC009659	NA-NA	NA	NA-NA	NA	2-362	1
LC009658	NA-NA	NA	NA-NA	NA	2-362	1
LC009657	NA-NA	NA	NA-NA	NA	2-362	1
LC009656	NA-NA	NA	NA-NA	NA	2-362	1
LC009655	NA-NA	NA	NA-NA	NA	2-362	1
LC009654	NA-NA	NA	NA-NA	NA	2-362	1
LC009653	NA-NA	NA	NA-NA	NA	2-362	1
LC009652	NA-NA	NA	NA-NA	NA	2-362	1
LC009651	NA-NA	NA	NA-NA	NA	2-362	1
LC009650	NA-NA	NA	NA-NA	NA	0-362	1
LC009649	NA-NA	NA	NA-NA	NA	2-362	1
LC009648	NA-NA	NA	NA-NA	NA	2-362	1
LC009647	NA-NA	NA	NA-NA	NA	2-362	1
LC009646	NA-NA	NA	NA-NA	NA	2-362	1
LC009645	NA-NA	NA	NA-NA	NA	2-362	1
LC009644	NA-NA	NA	NA-NA	NA	2-362	1
LC009643	NA-NA	NA	NA-NA	NA	2-362	1
LC009642	NA-NA	NA	NA-NA	NA	2-362	1
LC009641	NA-NA	NA	NA-NA	NA	2-362	1
LC009640	NA-NA	NA	NA-NA	NA	2-362	1
LC009639	NA-NA	NA	NA-NA	NA	2-362	1
LC009638	NA-NA	NA	NA-NA	NA	2-362	1
LC009637	NA-NA	NA	NA-NA	NA	2-362	1
LC009636	NA-NA	NA	NA-NA	NA	2-362	1
KT892967	0-504	1	NA-NA	NA	NA-NA	NA
KT892965	0-813	1	NA-NA	NA	NA-NA	NA
KT892963	NA-NA	NA	NA-NA	NA	0-534	1
KT892960	NA-NA	NA	NA-NA	NA	0-2064	1
KT892956	NA-NA	NA	NA-NA	NA	0-1536	1
KT892966	NA-NA	NA	0-1398	1	NA-NA	NA
KT892964	NA-NA	NA	0-1536	1	NA-NA	NA
KT892962	NA-NA	NA	0-501	1	NA-NA	NA
KT892961	NA-NA	NA	0-1536	1	NA-NA	NA
KT892959	NA-NA	NA	0-723	1	NA-NA	NA
KT892958	NA-NA	NA	0-1536	1	NA-NA	NA
KT892957	NA-NA	NA	0-1194	1	NA-NA	NA
KT892955	NA-NA	NA	0-915	1	NA-NA	NA
KT892954	NA-NA	NA	0-1800	1	NA-NA	NA
KT892953	NA-NA	NA	0-1221	1	NA-NA	NA
KT852446	NA-NA	NA	NA-NA	NA	NA-NA	NA
KT852439	NA-NA	NA	NA-NA	NA	NA-NA	NA
KT852437	NA-NA	NA	NA-NA	NA	NA-NA	NA
KT852436	NA-NA	NA	0-235	-1	NA-NA	NA
KT852435	NA-NA	NA	NA-NA	NA	NA-NA	NA
KT852434	NA-NA	NA	NA-NA	NA	NA-NA	NA
KT852433	NA-NA	NA	NA-NA	NA	NA-NA	NA
KT852432	NA-NA	NA	NA-NA	NA	NA-NA	NA
KT852431	NA-NA	NA	NA-NA	NA	NA-NA	NA
KT852430	NA-NA	NA	NA-NA	NA	NA-NA	NA
KT852429	NA-NA	NA	NA-NA	NA	NA-NA	NA
KT852428	NA-NA	NA	NA-NA	NA	NA-NA	NA
KT852427	NA-NA	NA	NA-NA	NA	NA-NA	NA
KT852426	NA-NA	NA	NA-NA	NA	NA-NA	NA
KT852425	NA-NA	NA	NA-NA	NA	NA-NA	NA
KT852424	NA-NA	NA	NA-NA	NA	NA-NA	NA
KT852423	NA-NA	NA	NA-NA	NA	NA-NA	NA
KT852422	NA-NA	NA	NA-NA	NA	NA-NA	NA
KT852421	NA-NA	NA	NA-NA	NA	NA-NA	NA
KT852420	NA-NA	NA	NA-NA	NA	NA-NA	NA
KT852419	NA-NA	NA	NA-NA	NA	NA-NA	NA
KT852418	NA-NA	NA	NA-NA	NA	NA-NA	NA
KT852417	NA-NA	NA	NA-NA	NA	NA-NA	NA
KT852416	NA-NA	NA	0-201	-1	NA-NA	NA
KT852415	NA-NA	NA	NA-NA	NA	NA-NA	NA
KT852414	NA-NA	NA	NA-NA	NA	NA-NA	NA
KT852413	NA-NA	NA	NA-NA	NA	NA-NA	NA
KT852412	NA-NA	NA	NA-NA	NA	NA-NA	NA
KT852411	NA-NA	NA	NA-NA	NA	NA-NA	NA
KT852410	NA-NA	NA	NA-NA	NA	NA-NA	NA
KT852409	NA-NA	NA	NA-NA	NA	NA-NA	NA
KT852408	NA-NA	NA	NA-NA	NA	NA-NA	NA
KT852407	NA-NA	NA	NA-NA	NA	NA-NA	NA
KT852406	NA-NA	NA	NA-NA	NA	NA-NA	NA
KT852405	NA-NA	NA	NA-NA	NA	NA-NA	NA
KT852404	NA-NA	NA	NA-NA	NA	NA-NA	NA
KT852403	NA-NA	NA	0-248	-1	NA-NA	NA
KT852402	NA-NA	NA	NA-NA	NA	NA-NA	NA
KT852401	NA-NA	NA	NA-NA	NA	NA-NA	NA
KT852400	NA-NA	NA	NA-NA	NA	NA-NA	NA
KT852399	NA-NA	NA	NA-NA	NA	NA-NA	NA
KT852398	NA-NA	NA	0-212	-1	NA-NA	NA
KT852397	NA-NA	NA	NA-NA	NA	NA-NA	NA
KT852396	NA-NA	NA	NA-NA	NA	NA-NA	NA
KT852395	NA-NA	NA	NA-NA	NA	NA-NA	NA
KT852394	NA-NA	NA	NA-NA	NA	NA-NA	NA
KT852393	NA-NA	NA	NA-NA	NA	NA-NA	NA
KT852392	NA-NA	NA	0-245	-1	NA-NA	NA
KT852391	NA-NA	NA	NA-NA	NA	NA-NA	NA
KT852390	NA-NA	NA	NA-NA	NA	NA-NA	NA
KT852389	NA-NA	NA	NA-NA	NA	NA-NA	NA
KT852388	NA-NA	NA	NA-NA	NA	NA-NA	NA
KT852387	NA-NA	NA	NA-NA	NA	NA-NA	NA
KT852386	NA-NA	NA	0-239	-1	NA-NA	NA
KT852385	NA-NA	NA	0-242	-1	NA-NA	NA
KT852384	NA-NA	NA	0-207	-1	NA-NA	NA
KT852383	NA-NA	NA	0-236	-1	NA-NA	NA
KT852382	NA-NA	NA	0-245	-1	NA-NA	NA
KT852381	NA-NA	NA	0-245	-1	NA-NA	NA
KT852380	NA-NA	NA	0-245	-1	NA-NA	NA
KT852445	NA-NA	NA	0-212	1	NA-NA	NA
KT852444	NA-NA	NA	2-206	1	NA-NA	NA
KT852443	NA-NA	NA	2-273	1	NA-NA	NA
KT852442	NA-NA	NA	0-309	1	NA-NA	NA
KT852441	NA-NA	NA	2-387	1	NA-NA	NA
KT852440	NA-NA	NA	0-326	1	NA-NA	NA
KT852438	NA-NA	NA	NA-NA	NA	NA-NA	NA
KT852448	NA-NA	NA	NA-NA	NA	NA-NA	NA
KT852447	NA-NA	NA	NA-NA	NA	2-145	1
KT599601	NA-NA	NA	0-309	1	NA-NA	NA
KT599600	NA-NA	NA	0-309	1	NA-NA	NA
KT599599	NA-NA	NA	0-309	1	NA-NA	NA
KT599598	NA-NA	NA	0-312	1	NA-NA	NA
KT599597	NA-NA	NA	0-309	1	NA-NA	NA
KT599596	NA-NA	NA	0-312	1	NA-NA	NA
KT599595	NA-NA	NA	0-312	1	NA-NA	NA
KT599594	NA-NA	NA	0-312	1	NA-NA	NA
KT599593	NA-NA	NA	0-312	1	NA-NA	NA
KT599592	NA-NA	NA	0-312	1	NA-NA	NA
KT599591	NA-NA	NA	0-312	1	NA-NA	NA
KT599590	NA-NA	NA	0-312	1	NA-NA	NA
KT599589	NA-NA	NA	0-312	1	NA-NA	NA
KT599588	NA-NA	NA	0-312	1	NA-NA	NA
KT599587	NA-NA	NA	0-312	1	NA-NA	NA
KT599586	NA-NA	NA	0-312	1	NA-NA	NA
KT599585	NA-NA	NA	0-312	1	NA-NA	NA
KT599584	NA-NA	NA	0-312	1	NA-NA	NA
KT599583	NA-NA	NA	0-312	1	NA-NA	NA
KT599582	NA-NA	NA	0-312	1	NA-NA	NA
KT599581	NA-NA	NA	0-282	1	NA-NA	NA
KT599580	NA-NA	NA	0-282	1	NA-NA	NA
KT599579	NA-NA	NA	0-282	1	NA-NA	NA
KT599578	NA-NA	NA	0-282	1	NA-NA	NA
KT599577	NA-NA	NA	0-288	1	NA-NA	NA
KT599576	NA-NA	NA	0-288	1	NA-NA	NA
KT599575	NA-NA	NA	0-288	1	NA-NA	NA
KT599574	NA-NA	NA	0-288	1	NA-NA	NA
KT599573	NA-NA	NA	0-300	1	NA-NA	NA
KT599572	NA-NA	NA	0-294	1	NA-NA	NA
KT599571	NA-NA	NA	0-288	1	NA-NA	NA
KT599570	NA-NA	NA	0-288	1	NA-NA	NA
KT599569	NA-NA	NA	0-288	1	NA-NA	NA
KT599568	NA-NA	NA	0-288	1	NA-NA	NA
KT599567	NA-NA	NA	0-288	1	NA-NA	NA
KT599566	NA-NA	NA	0-288	1	NA-NA	NA
KT599565	NA-NA	NA	0-288	1	NA-NA	NA
KT599564	NA-NA	NA	0-288	1	NA-NA	NA
KT599563	NA-NA	NA	0-288	1	NA-NA	NA
KT599562	NA-NA	NA	0-288	1	NA-NA	NA
KT599561	NA-NA	NA	0-306	1	NA-NA	NA
KP747601	NA-NA	NA	NA-NA	NA	1-342	1
KP747600	NA-NA	NA	NA-NA	NA	1-342	1
KP747599	NA-NA	NA	NA-NA	NA	1-342	1
KP747598	NA-NA	NA	NA-NA	NA	1-342	1
KP747597	NA-NA	NA	NA-NA	NA	1-342	1
KP747596	NA-NA	NA	NA-NA	NA	1-342	1
KP747595	NA-NA	NA	NA-NA	NA	1-342	1
KP747594	NA-NA	NA	NA-NA	NA	1-342	1
KP747593	NA-NA	NA	NA-NA	NA	1-342	1
KP747592	NA-NA	NA	NA-NA	NA	1-342	1
KP747591	NA-NA	NA	NA-NA	NA	1-342	1
KP747590	NA-NA	NA	NA-NA	NA	1-342	1
KP747589	NA-NA	NA	NA-NA	NA	1-342	1
KP747588	0-297	1	NA-NA	NA	NA-NA	NA
KP747587	0-297	1	NA-NA	NA	NA-NA	NA
KP747586	0-297	1	NA-NA	NA	NA-NA	NA
KP747585	0-298	1	NA-NA	NA	NA-NA	NA
KP747584	0-297	1	NA-NA	NA	NA-NA	NA
KP747583	0-297	1	NA-NA	NA	NA-NA	NA
KP747582	0-297	1	NA-NA	NA	NA-NA	NA
KP747581	0-297	1	NA-NA	NA	NA-NA	NA
KP747580	0-297	1	NA-NA	NA	NA-NA	NA
KP747579	0-297	1	NA-NA	NA	NA-NA	NA
KP747578	0-297	1	NA-NA	NA	NA-NA	NA
KP747577	0-297	1	NA-NA	NA	NA-NA	NA
KP747576	0-297	1	NA-NA	NA	NA-NA	NA
KP747575	0-297	1	NA-NA	NA	NA-NA	NA
KP747574	52-2620	1	2559-4092	1	4075-6283	1
KP747573	45-2520	1	2399-3983	1	3975-6258	1
KM401565	38-2699	1	2653-4222	1	4211-6446	1
KT159913	NA-NA	NA	0-336	1	NA-NA	NA
KT159911	NA-NA	NA	0-378	1	NA-NA	NA
KT159910	NA-NA	NA	0-378	1	NA-NA	NA
KT159909	NA-NA	NA	0-378	1	NA-NA	NA
KT159908	NA-NA	NA	0-378	1	NA-NA	NA
KT159907	NA-NA	NA	0-285	1	NA-NA	NA
KT159906	NA-NA	NA	0-285	1	NA-NA	NA
KT965675	NA-NA	NA	1-391	1	NA-NA	NA
KT965674	NA-NA	NA	1-391	1	NA-NA	NA
KT008050	NA-NA	NA	1-388	1	NA-NA	NA
KT003283	NA-NA	NA	0-717	1	709-1676	1
KT894920	NA-NA	NA	0-369	1	NA-NA	NA
KT894919	NA-NA	NA	0-360	1	NA-NA	NA
KT894918	NA-NA	NA	1-367	1	NA-NA	NA
KT894917	NA-NA	NA	0-369	1	NA-NA	NA
KT894916	NA-NA	NA	0-302	1	NA-NA	NA
KT894915	NA-NA	NA	2-368	1	NA-NA	NA
KT894914	NA-NA	NA	0-381	1	NA-NA	NA
KT894913	NA-NA	NA	0-330	1	NA-NA	NA
KT894912	NA-NA	NA	0-378	1	NA-NA	NA
KT894911	NA-NA	NA	0-381	1	NA-NA	NA
KT894910	NA-NA	NA	2-323	1	NA-NA	NA
KT894909	NA-NA	NA	0-357	1	NA-NA	NA
KT894908	NA-NA	NA	0-381	1	NA-NA	NA
KT894907	NA-NA	NA	1-300	1	NA-NA	NA
KT894906	NA-NA	NA	0-387	1	NA-NA	NA
KT894905	NA-NA	NA	2-368	1	NA-NA	NA
KT894904	NA-NA	NA	0-369	1	NA-NA	NA
KT894903	NA-NA	NA	2-350	1	NA-NA	NA
KT894902	NA-NA	NA	0-353	1	NA-NA	NA
KT894901	NA-NA	NA	0-381	1	NA-NA	NA
KT894900	NA-NA	NA	0-381	1	NA-NA	NA
KT894899	NA-NA	NA	1-337	1	NA-NA	NA
KT894898	NA-NA	NA	0-381	1	NA-NA	NA
KT894897	NA-NA	NA	0-378	1	NA-NA	NA
KT894896	NA-NA	NA	0-381	1	NA-NA	NA
KT894895	NA-NA	NA	0-381	1	NA-NA	NA
KT894894	NA-NA	NA	0-381	1	NA-NA	NA
KT894893	NA-NA	NA	0-381	1	NA-NA	NA
KT894892	NA-NA	NA	0-381	1	NA-NA	NA
KT894891	NA-NA	NA	2-368	1	NA-NA	NA
KT894890	NA-NA	NA	2-368	1	NA-NA	NA
KT894889	NA-NA	NA	0-381	1	NA-NA	NA
KT894888	NA-NA	NA	2-368	1	NA-NA	NA
KT894887	NA-NA	NA	0-381	1	NA-NA	NA
KT894886	NA-NA	NA	0-348	1	NA-NA	NA
KT894885	NA-NA	NA	1-361	1	NA-NA	NA
KT894884	NA-NA	NA	0-366	1	NA-NA	NA
KT894883	NA-NA	NA	0-381	1	NA-NA	NA
KT894882	NA-NA	NA	0-378	1	NA-NA	NA
KT894881	NA-NA	NA	2-288	1	NA-NA	NA
KT894880	NA-NA	NA	1-324	1	NA-NA	NA
KT894879	NA-NA	NA	1-325	1	NA-NA	NA
KT894878	NA-NA	NA	0-381	1	NA-NA	NA
KT894877	NA-NA	NA	0-373	1	NA-NA	NA
KT894876	NA-NA	NA	1-343	1	NA-NA	NA
KT894875	NA-NA	NA	0-387	1	NA-NA	NA
KT894874	NA-NA	NA	0-381	1	NA-NA	NA
KP008372	NA-NA	NA	NA-NA	NA	0-888	1
KR364729	1-219	1	NA-NA	NA	NA-NA	NA
KR364728	1-219	1	NA-NA	NA	NA-NA	NA
KR364727	1-220	1	NA-NA	NA	NA-NA	NA
LC047787	37-2491	1	2445-3954	1	3898-6211	1
LC047788	29-2480	1	2434-3943	1	3887-6122	1
LC047789	0-2451	1	2405-3914	1	3858-6081	1
LC047801	23-2474	1	2428-3937	1	3881-6104	1
LC047800	6-2340	1	2297-3812	1	3801-6018	1
LC047799	18-2469	1	2423-3932	1	3876-6099	1
LC047798	11-2345	1	2302-3817	1	3755-6050	1
LC047797	47-2501	1	2455-3964	1	3908-6203	1
LC047796	32-2486	1	2440-3949	1	3893-6212	1
LC047795	29-2480	1	2434-3943	1	3887-6110	1
LC047794	133-2584	1	2538-4047	1	3991-6214	1
LC047793	26-2552	1	2548-4024	1	4007-6221	1
LC047792	29-2480	1	2434-3943	1	3887-6116	1
LC047791	28-2479	1	2433-3942	1	3886-6118	1
LC047790	16-2350	1	2307-3822	1	3760-6040	1
KR052479	NA-NA	NA	0-270	1	295-2455	1
KR013276	NA-NA	NA	0-362	1	NA-NA	NA
KR013275	NA-NA	NA	0-362	1	NA-NA	NA
KR013274	NA-NA	NA	0-362	1	NA-NA	NA
KR013273	NA-NA	NA	0-362	1	NA-NA	NA
KR013272	NA-NA	NA	0-362	1	NA-NA	NA
KR013271	NA-NA	NA	0-362	1	NA-NA	NA
KR013270	NA-NA	NA	0-362	1	NA-NA	NA
KR013269	NA-NA	NA	0-362	1	NA-NA	NA
KR013268	NA-NA	NA	0-362	1	NA-NA	NA
KR013267	NA-NA	NA	0-362	1	NA-NA	NA
KR013266	NA-NA	NA	0-362	1	NA-NA	NA
KR013265	NA-NA	NA	0-362	1	NA-NA	NA
KR013264	NA-NA	NA	0-362	1	NA-NA	NA
KR013263	NA-NA	NA	0-362	1	NA-NA	NA
KR013262	NA-NA	NA	0-362	1	NA-NA	NA
KR013261	NA-NA	NA	0-362	1	NA-NA	NA
KR013260	NA-NA	NA	0-362	1	NA-NA	NA
KR013259	NA-NA	NA	0-362	1	NA-NA	NA
KR013258	NA-NA	NA	0-362	1	NA-NA	NA
KR013257	NA-NA	NA	0-362	1	NA-NA	NA
KR013256	NA-NA	NA	0-362	1	NA-NA	NA
KR013255	NA-NA	NA	0-362	1	NA-NA	NA
KR013254	NA-NA	NA	0-362	1	NA-NA	NA
KR013253	NA-NA	NA	0-362	1	NA-NA	NA
KR013252	NA-NA	NA	0-362	1	NA-NA	NA
KR013251	NA-NA	NA	0-362	1	NA-NA	NA
KR013250	NA-NA	NA	0-362	1	NA-NA	NA
KR013249	NA-NA	NA	0-362	1	NA-NA	NA
KP942593	NA-NA	NA	NA-NA	NA	0-2361	1
KP942592	NA-NA	NA	NA-NA	NA	0-2361	1
KP942591	NA-NA	NA	NA-NA	NA	0-2361	1
KP942590	NA-NA	NA	NA-NA	NA	0-2361	1
KP942589	NA-NA	NA	NA-NA	NA	0-2361	1
KP942588	NA-NA	NA	NA-NA	NA	0-2361	1
KP942587	NA-NA	NA	NA-NA	NA	0-2361	1
KP942586	NA-NA	NA	NA-NA	NA	0-2361	1
KP942585	NA-NA	NA	NA-NA	NA	0-2361	1
KP942584	NA-NA	NA	NA-NA	NA	0-2361	1
KP942583	NA-NA	NA	NA-NA	NA	0-2361	1
KP942582	NA-NA	NA	NA-NA	NA	0-2361	1
KR007588	NA-NA	NA	1-376	1	NA-NA	NA
KR007587	NA-NA	NA	1-376	1	NA-NA	NA
KR007586	NA-NA	NA	1-376	1	NA-NA	NA
KR007585	NA-NA	NA	1-376	1	NA-NA	NA
KM408171	NA-NA	NA	NA-NA	NA	0-422	1
KM408170	NA-NA	NA	NA-NA	NA	0-270	1
KM269070	NA-NA	NA	NA-NA	NA	0-306	1
KM269069	NA-NA	NA	NA-NA	NA	0-353	1
KM269068	NA-NA	NA	NA-NA	NA	0-356	1
KM269067	NA-NA	NA	NA-NA	NA	0-408	1
KM269066	NA-NA	NA	NA-NA	NA	0-322	1
KM269065	NA-NA	NA	NA-NA	NA	0-343	1
KM269064	NA-NA	NA	NA-NA	NA	0-357	1
KM269063	NA-NA	NA	NA-NA	NA	0-357	1
KM269062	NA-NA	NA	NA-NA	NA	0-357	1
KM269061	NA-NA	NA	NA-NA	NA	0-357	1
KM269060	NA-NA	NA	NA-NA	NA	0-357	1
KM269059	NA-NA	NA	NA-NA	NA	0-357	1
KM269058	NA-NA	NA	NA-NA	NA	0-350	1
KM269057	NA-NA	NA	NA-NA	NA	0-347	1
KM269056	NA-NA	NA	NA-NA	NA	0-347	1
KM269055	NA-NA	NA	NA-NA	NA	0-345	1
KM269054	NA-NA	NA	NA-NA	NA	0-357	1
KM269053	NA-NA	NA	NA-NA	NA	0-357	1
KM269052	NA-NA	NA	NA-NA	NA	0-357	1
KM269051	NA-NA	NA	NA-NA	NA	0-357	1
KM269050	NA-NA	NA	NA-NA	NA	0-350	1
KM269049	NA-NA	NA	NA-NA	NA	0-357	1
KM269048	NA-NA	NA	NA-NA	NA	0-351	1
KM269047	NA-NA	NA	NA-NA	NA	0-357	1
KM269046	NA-NA	NA	NA-NA	NA	0-357	1
KM269045	NA-NA	NA	NA-NA	NA	0-357	1
KM269044	NA-NA	NA	NA-NA	NA	0-357	1
KM269043	NA-NA	NA	NA-NA	NA	0-357	1
KM269042	NA-NA	NA	NA-NA	NA	0-357	1
KM269041	NA-NA	NA	NA-NA	NA	0-341	1
KM269040	NA-NA	NA	NA-NA	NA	0-349	1
KM269039	NA-NA	NA	NA-NA	NA	0-357	1
KC294577	NA-NA	NA	NA-NA	NA	1-340	1
KC294576	NA-NA	NA	NA-NA	NA	1-340	1
KP242038	0-2343	1	2279-3815	1	3807-6045	1
KP843564	NA-NA	NA	0-404	1	NA-NA	NA
KP843563	NA-NA	NA	0-404	1	NA-NA	NA
KP843562	NA-NA	NA	0-404	1	NA-NA	NA
KP843561	NA-NA	NA	0-404	1	NA-NA	NA
KP843560	NA-NA	NA	0-404	1	NA-NA	NA
KP843559	NA-NA	NA	0-404	1	NA-NA	NA
KP843558	NA-NA	NA	0-404	1	NA-NA	NA
KR007771	NA-NA	NA	0-237	1	229-718	1
KR007770	NA-NA	NA	0-237	1	229-724	1
KR007769	NA-NA	NA	0-255	1	247-739	1
KR007768	NA-NA	NA	0-255	1	247-739	1
KR007767	NA-NA	NA	0-249	1	241-733	1
KR007766	NA-NA	NA	0-249	1	241-733	1
KR007765	NA-NA	NA	0-237	1	229-733	1
KR007764	NA-NA	NA	0-237	1	229-697	1
KR007763	NA-NA	NA	0-237	1	229-637	1
KR007762	NA-NA	NA	0-228	1	220-715	1
KR007761	NA-NA	NA	0-237	1	229-736	1
KR007760	NA-NA	NA	0-237	1	229-694	1
KR007759	NA-NA	NA	0-237	1	229-742	1
KR007758	NA-NA	NA	0-222	1	214-712	1
KR007757	NA-NA	NA	0-225	1	217-649	1
KR007756	NA-NA	NA	0-255	1	247-583	1
KR007755	NA-NA	NA	0-285	1	277-730	1
KR007754	NA-NA	NA	0-225	1	217-703	1
KR007753	NA-NA	NA	0-225	1	217-713	1
KP862744	82-2863	1	2802-4350	1	4342-6691	1
KM272967	NA-NA	NA	NA-NA	NA	1-428	1
KM272966	NA-NA	NA	NA-NA	NA	0-440	1
KM272965	NA-NA	NA	NA-NA	NA	0-439	1
KM272964	NA-NA	NA	NA-NA	NA	0-449	1
KM272963	NA-NA	NA	NA-NA	NA	0-449	1
KM272962	NA-NA	NA	NA-NA	NA	0-449	1
KM272961	NA-NA	NA	NA-NA	NA	0-442	1
KM272960	NA-NA	NA	NA-NA	NA	0-449	1
KM272959	NA-NA	NA	NA-NA	NA	1-438	1
KM272958	NA-NA	NA	NA-NA	NA	0-449	1
KM272957	NA-NA	NA	NA-NA	NA	0-449	1
KM272956	NA-NA	NA	NA-NA	NA	0-419	1
KM272955	NA-NA	NA	NA-NA	NA	0-449	1
KM272954	NA-NA	NA	NA-NA	NA	0-439	1
KM272953	NA-NA	NA	NA-NA	NA	0-439	1
KM272952	NA-NA	NA	NA-NA	NA	0-439	1
KM272969	NA-NA	NA	2-388	1	NA-NA	NA
KM272968	NA-NA	NA	0-399	1	NA-NA	NA
KM254169	NA-NA	NA	0-305	1	NA-NA	NA
KM254168	NA-NA	NA	0-302	1	NA-NA	NA
KM254167	0-1890	1	1889-2266	1	NA-NA	NA
KM254166	0-2256	1	2255-3779	1	3798-5084	1
KR868724	42-2517	1	2471-3980	1	3972-6234	1
KR868723	42-2517	1	2471-3980	1	3972-6270	1
KR868722	42-2517	1	2471-3980	1	3972-6270	1
KR868721	42-2517	1	2471-3980	1	3972-6270	1
KP759770	47-2476	1	2476-3985	1	3977-6260	1
LC009678	NA-NA	NA	NA-NA	NA	0-618	1
LC009677	NA-NA	NA	1-645	1	NA-NA	NA
LC009676	NA-NA	NA	1-645	1	NA-NA	NA
LC009675	NA-NA	NA	1-645	1	NA-NA	NA
LC009674	NA-NA	NA	1-645	1	NA-NA	NA
LC009673	NA-NA	NA	1-645	1	NA-NA	NA
LC009672	NA-NA	NA	1-645	1	NA-NA	NA
LC009671	NA-NA	NA	1-645	1	NA-NA	NA
LC009670	NA-NA	NA	1-645	1	NA-NA	NA
LC009669	NA-NA	NA	1-645	1	NA-NA	NA
LC009668	NA-NA	NA	1-645	1	NA-NA	NA
LC009667	NA-NA	NA	1-645	1	NA-NA	NA
LC009666	NA-NA	NA	1-645	1	NA-NA	NA
LC009665	NA-NA	NA	1-645	1	NA-NA	NA
LC009664	NA-NA	NA	NA-NA	NA	2-362	1
LC009663	NA-NA	NA	NA-NA	NA	2-362	1
LC009662	NA-NA	NA	NA-NA	NA	2-362	1
LC009684	NA-NA	NA	NA-NA	NA	0-618	1
LC009683	NA-NA	NA	NA-NA	NA	0-618	1
LC009682	NA-NA	NA	NA-NA	NA	0-618	1
LC009681	NA-NA	NA	NA-NA	NA	0-618	1
LC009680	NA-NA	NA	NA-NA	NA	0-618	1
LC009679	NA-NA	NA	NA-NA	NA	0-618	1
KJ807529	NA-NA	NA	0-433	1	NA-NA	NA
KJ807528	NA-NA	NA	0-433	1	NA-NA	NA
KJ807527	NA-NA	NA	0-433	1	NA-NA	NA
KJ807526	NA-NA	NA	0-433	1	NA-NA	NA
KJ807525	NA-NA	NA	0-433	1	NA-NA	NA
KJ807524	NA-NA	NA	0-433	1	NA-NA	NA
KJ807523	NA-NA	NA	0-433	1	NA-NA	NA
KJ807522	NA-NA	NA	0-433	1	NA-NA	NA
KJ807521	NA-NA	NA	0-433	1	NA-NA	NA
KJ807520	NA-NA	NA	0-433	1	NA-NA	NA
KJ807519	NA-NA	NA	0-433	1	NA-NA	NA
KJ807518	NA-NA	NA	0-433	1	NA-NA	NA
KJ807517	NA-NA	NA	0-433	1	NA-NA	NA
KJ807516	NA-NA	NA	0-433	1	NA-NA	NA
KJ807515	NA-NA	NA	0-433	1	NA-NA	NA
KJ807514	NA-NA	NA	0-407	1	NA-NA	NA
KJ807513	NA-NA	NA	0-407	1	NA-NA	NA
KJ807512	NA-NA	NA	0-407	1	NA-NA	NA
KJ807511	NA-NA	NA	0-407	1	NA-NA	NA
KJ807510	NA-NA	NA	0-408	1	NA-NA	NA
KJ807509	NA-NA	NA	0-409	1	NA-NA	NA
KJ807508	NA-NA	NA	0-409	1	NA-NA	NA
KJ807507	NA-NA	NA	0-409	1	NA-NA	NA
KJ807506	NA-NA	NA	0-409	1	NA-NA	NA
KJ807505	NA-NA	NA	0-409	1	NA-NA	NA
KJ807504	NA-NA	NA	0-409	1	NA-NA	NA
KJ807503	NA-NA	NA	0-409	1	NA-NA	NA
KJ807502	NA-NA	NA	0-409	1	NA-NA	NA
KJ807501	NA-NA	NA	0-409	1	NA-NA	NA
KJ807500	NA-NA	NA	0-409	1	NA-NA	NA
KJ807499	NA-NA	NA	0-409	1	NA-NA	NA
KJ807498	NA-NA	NA	0-409	1	NA-NA	NA
KJ807497	NA-NA	NA	0-409	1	NA-NA	NA
KJ807496	NA-NA	NA	0-409	1	NA-NA	NA
KJ807495	NA-NA	NA	0-409	1	NA-NA	NA
KJ807494	NA-NA	NA	0-409	1	NA-NA	NA
KJ807493	NA-NA	NA	0-409	1	NA-NA	NA
KJ807492	NA-NA	NA	0-409	1	NA-NA	NA
KJ807491	NA-NA	NA	0-409	1	NA-NA	NA
KJ807490	NA-NA	NA	0-409	1	NA-NA	NA
KJ807489	NA-NA	NA	0-409	1	NA-NA	NA
KJ807488	NA-NA	NA	0-408	1	NA-NA	NA
KJ807487	NA-NA	NA	0-409	1	NA-NA	NA
KJ807486	NA-NA	NA	2-408	1	NA-NA	NA
KJ807485	NA-NA	NA	2-408	1	NA-NA	NA
KJ807484	NA-NA	NA	2-408	1	NA-NA	NA
KJ807483	NA-NA	NA	2-408	1	NA-NA	NA
KJ807482	NA-NA	NA	2-408	1	NA-NA	NA
KJ807481	NA-NA	NA	2-408	1	NA-NA	NA
KJ807480	NA-NA	NA	2-408	1	NA-NA	NA
KJ807479	NA-NA	NA	2-408	1	NA-NA	NA
KJ807478	NA-NA	NA	2-408	1	NA-NA	NA
KJ807477	NA-NA	NA	2-408	1	NA-NA	NA
KJ807476	NA-NA	NA	2-408	1	NA-NA	NA
KJ777802	NA-NA	NA	0-439	1	NA-NA	NA
KJ777801	NA-NA	NA	0-439	1	NA-NA	NA
KJ777800	NA-NA	NA	0-415	1	NA-NA	NA
KJ656124	1-2668	1	2604-4191	1	4180-6400	1
KJ476856	NA-NA	NA	NA-NA	NA	0-1353	1
KJ476855	NA-NA	NA	NA-NA	NA	0-1353	1
KJ476854	NA-NA	NA	NA-NA	NA	0-1128	1
KJ476853	NA-NA	NA	NA-NA	NA	0-1137	1
KJ476852	NA-NA	NA	NA-NA	NA	0-1143	1
KJ476851	NA-NA	NA	NA-NA	NA	0-1137	1
KJ476850	NA-NA	NA	NA-NA	NA	0-1131	1
KJ476849	NA-NA	NA	NA-NA	NA	0-1131	1
KJ476848	NA-NA	NA	NA-NA	NA	0-1131	1
KJ476847	NA-NA	NA	NA-NA	NA	0-1347	1
KJ476846	NA-NA	NA	NA-NA	NA	0-1347	1
KJ476845	NA-NA	NA	NA-NA	NA	0-1131	1
KJ476844	NA-NA	NA	NA-NA	NA	0-1131	1
KJ476843	NA-NA	NA	NA-NA	NA	0-1131	1
KJ476842	NA-NA	NA	NA-NA	NA	0-1131	1
KJ476841	NA-NA	NA	NA-NA	NA	0-1131	1
KJ476840	NA-NA	NA	NA-NA	NA	0-1131	1
KJ476839	NA-NA	NA	NA-NA	NA	0-1152	1
KJ476838	NA-NA	NA	2-668	1	612-2934	1
KJ476837	NA-NA	NA	2-668	1	612-2934	1
KJ476836	NA-NA	NA	2-668	1	612-2928	1
KJ476835	NA-NA	NA	2-668	1	612-2928	1
KJ476834	NA-NA	NA	2-668	1	612-2928	1
KJ476833	NA-NA	NA	1-733	1	677-3014	1
KJ476832	NA-NA	NA	0-747	1	691-3007	1
KJ935470	NA-NA	NA	NA-NA	NA	0-449	1
KJ935469	NA-NA	NA	NA-NA	NA	0-449	1
KJ935468	NA-NA	NA	NA-NA	NA	0-449	1
KJ935467	NA-NA	NA	NA-NA	NA	0-449	1
KJ935466	NA-NA	NA	NA-NA	NA	0-449	1
KJ935465	NA-NA	NA	NA-NA	NA	0-449	1
KR057184	NA-NA	NA	1-376	1	NA-NA	NA
KP663426	19-2845	1	2859-4344	1	4174-6946	1
JX624774	12-3375	1	3365-4910	1	4926-7110	1
KF668570	NA-NA	NA	0-759	1	751-3136	1
JX624785	NA-NA	NA	1-391	1	NA-NA	NA
JX624784	NA-NA	NA	1-391	1	NA-NA	NA
JX624783	NA-NA	NA	1-391	1	NA-NA	NA
JX624782	NA-NA	NA	1-391	1	NA-NA	NA
JX624781	NA-NA	NA	1-391	1	NA-NA	NA
JX624780	NA-NA	NA	1-391	1	NA-NA	NA
JX624779	NA-NA	NA	1-391	1	NA-NA	NA
JX624778	NA-NA	NA	1-391	1	NA-NA	NA
JX624777	NA-NA	NA	1-391	1	NA-NA	NA
JX624776	NA-NA	NA	1-391	1	NA-NA	NA
JX624775	NA-NA	NA	1-391	1	NA-NA	NA
JX624773	NA-NA	NA	1-391	1	NA-NA	NA
KP636526	NA-NA	NA	NA-NA	NA	0-313	1
KP636525	NA-NA	NA	NA-NA	NA	0-319	1
KP636524	NA-NA	NA	NA-NA	NA	0-319	1
KP636523	NA-NA	NA	NA-NA	NA	0-319	1
KP636522	NA-NA	NA	NA-NA	NA	0-319	1
KP636521	NA-NA	NA	NA-NA	NA	0-319	1
KP636520	NA-NA	NA	NA-NA	NA	0-319	1
KP264970	140-2260	1	2260-3766	1	3755-6011	1
KP064302	NA-NA	NA	NA-NA	NA	2-357	1
KP064301	NA-NA	NA	1-370	1	NA-NA	NA
KP064300	NA-NA	NA	1-370	1	NA-NA	NA
KP064299	NA-NA	NA	1-370	1	NA-NA	NA
KP064298	NA-NA	NA	1-370	1	NA-NA	NA
KP064297	NA-NA	NA	NA-NA	NA	1-374	1
KP064296	NA-NA	NA	NA-NA	NA	1-387	1
KP064295	NA-NA	NA	NA-NA	NA	1-409	1
KP064294	NA-NA	NA	NA-NA	NA	1-409	1
KP064293	NA-NA	NA	NA-NA	NA	1-409	1
KP064292	NA-NA	NA	NA-NA	NA	1-409	1
KP064291	NA-NA	NA	NA-NA	NA	1-409	1
KP064290	NA-NA	NA	NA-NA	NA	1-409	1
KP064289	NA-NA	NA	NA-NA	NA	1-409	1
KP064288	NA-NA	NA	NA-NA	NA	1-409	1
KP064287	NA-NA	NA	NA-NA	NA	1-409	1
KP064286	NA-NA	NA	NA-NA	NA	1-409	1
KR187182	NA-NA	NA	1-220	1	NA-NA	NA
KR187181	NA-NA	NA	1-220	1	NA-NA	NA
KR187180	NA-NA	NA	1-220	1	NA-NA	NA
KR187179	NA-NA	NA	1-220	1	NA-NA	NA
KR187178	NA-NA	NA	1-220	1	NA-NA	NA
KR187177	NA-NA	NA	1-220	1	NA-NA	NA
KR187176	NA-NA	NA	1-220	1	NA-NA	NA
KR187175	NA-NA	NA	1-220	1	NA-NA	NA
KR187174	NA-NA	NA	1-220	1	NA-NA	NA
KR187173	NA-NA	NA	1-220	1	NA-NA	NA
KR187172	NA-NA	NA	1-220	1	NA-NA	NA
KR187171	NA-NA	NA	1-220	1	NA-NA	NA
KR187170	NA-NA	NA	1-220	1	NA-NA	NA
KR187169	NA-NA	NA	1-220	1	NA-NA	NA
KR187168	NA-NA	NA	1-220	1	NA-NA	NA
KR187167	NA-NA	NA	1-220	1	NA-NA	NA
KR187166	NA-NA	NA	1-220	1	NA-NA	NA
KR187165	NA-NA	NA	1-220	1	NA-NA	NA
KR187164	NA-NA	NA	1-220	1	NA-NA	NA
KR187163	NA-NA	NA	1-220	1	NA-NA	NA
KR187162	NA-NA	NA	1-220	1	NA-NA	NA
KR187161	NA-NA	NA	1-220	1	NA-NA	NA
KR187160	NA-NA	NA	1-220	1	NA-NA	NA
KR187159	NA-NA	NA	1-220	1	NA-NA	NA
KR187158	NA-NA	NA	1-220	1	NA-NA	NA
KR187157	NA-NA	NA	1-220	1	NA-NA	NA
KR187156	NA-NA	NA	1-220	1	NA-NA	NA
KR187155	NA-NA	NA	1-220	1	NA-NA	NA
KR187154	NA-NA	NA	1-220	1	NA-NA	NA
KR187153	NA-NA	NA	1-220	1	NA-NA	NA
KR187152	NA-NA	NA	1-220	1	NA-NA	NA
KR187151	NA-NA	NA	1-220	1	NA-NA	NA
KR187150	NA-NA	NA	1-220	1	NA-NA	NA
KR187149	NA-NA	NA	1-220	1	NA-NA	NA
KR187148	NA-NA	NA	1-220	1	NA-NA	NA
KR187147	NA-NA	NA	1-220	1	NA-NA	NA
KR187146	NA-NA	NA	1-220	1	NA-NA	NA
KR187144	NA-NA	NA	1-220	1	NA-NA	NA
KR187143	NA-NA	NA	1-220	1	NA-NA	NA
KR187142	NA-NA	NA	1-220	1	NA-NA	NA
KR187141	NA-NA	NA	1-220	1	NA-NA	NA
KR187140	NA-NA	NA	1-220	1	NA-NA	NA
KR187139	NA-NA	NA	1-220	1	NA-NA	NA
KR187138	NA-NA	NA	1-220	1	NA-NA	NA
KR187137	NA-NA	NA	1-220	1	NA-NA	NA
KR187136	NA-NA	NA	1-220	1	NA-NA	NA
KR187135	NA-NA	NA	1-220	1	NA-NA	NA
KR187134	NA-NA	NA	1-220	1	NA-NA	NA
KR187133	NA-NA	NA	1-220	1	NA-NA	NA
KR187132	NA-NA	NA	1-220	1	NA-NA	NA
KR187131	NA-NA	NA	1-220	1	NA-NA	NA
KR187130	NA-NA	NA	1-220	1	NA-NA	NA
KR187129	NA-NA	NA	1-220	1	NA-NA	NA
KR187128	NA-NA	NA	1-220	1	NA-NA	NA
KR187127	NA-NA	NA	1-220	1	NA-NA	NA
KR187126	NA-NA	NA	1-220	1	NA-NA	NA
KR187125	NA-NA	NA	1-220	1	NA-NA	NA
KR187124	NA-NA	NA	1-220	1	NA-NA	NA
KR187123	NA-NA	NA	1-220	1	NA-NA	NA
KR187122	NA-NA	NA	1-220	1	NA-NA	NA
KR187121	NA-NA	NA	1-220	1	NA-NA	NA
KR187120	NA-NA	NA	1-220	1	NA-NA	NA
KR187119	NA-NA	NA	1-220	1	NA-NA	NA
KR187118	NA-NA	NA	1-220	1	NA-NA	NA
KR187117	NA-NA	NA	1-220	1	NA-NA	NA
KR187116	NA-NA	NA	1-220	1	NA-NA	NA
KR187115	NA-NA	NA	1-220	1	NA-NA	NA
KR187114	NA-NA	NA	1-220	1	NA-NA	NA
KR187113	NA-NA	NA	1-220	1	NA-NA	NA
KR187112	NA-NA	NA	1-220	1	NA-NA	NA
KR138670	NA-NA	NA	1-220	1	NA-NA	NA
KR138669	NA-NA	NA	1-220	1	NA-NA	NA
KR138668	NA-NA	NA	1-220	1	NA-NA	NA
KR138667	NA-NA	NA	1-220	1	NA-NA	NA
KR138666	NA-NA	NA	1-220	1	NA-NA	NA
KR138665	NA-NA	NA	1-220	1	NA-NA	NA
KR138664	NA-NA	NA	1-220	1	NA-NA	NA
KR138663	NA-NA	NA	1-220	1	NA-NA	NA
KR138662	NA-NA	NA	1-220	1	NA-NA	NA
KR138661	NA-NA	NA	1-220	1	NA-NA	NA
KR138660	NA-NA	NA	1-220	1	NA-NA	NA
KR138659	NA-NA	NA	1-220	1	NA-NA	NA
KR138658	NA-NA	NA	1-220	1	NA-NA	NA
KR138657	NA-NA	NA	1-220	1	NA-NA	NA
KR138656	NA-NA	NA	1-220	1	NA-NA	NA
KR138655	NA-NA	NA	1-220	1	NA-NA	NA
KR138654	NA-NA	NA	1-220	1	NA-NA	NA
KR138653	NA-NA	NA	1-220	1	NA-NA	NA
KR138652	NA-NA	NA	1-220	1	NA-NA	NA
KR138651	NA-NA	NA	1-220	1	NA-NA	NA
KR138650	NA-NA	NA	1-220	1	NA-NA	NA
KR138649	NA-NA	NA	1-220	1	NA-NA	NA
KR138647	NA-NA	NA	1-220	1	NA-NA	NA
KR138646	NA-NA	NA	1-220	1	NA-NA	NA
KR138645	NA-NA	NA	1-220	1	NA-NA	NA
KR138644	NA-NA	NA	1-220	1	NA-NA	NA
KR138643	NA-NA	NA	1-220	1	NA-NA	NA
KR138642	NA-NA	NA	1-220	1	NA-NA	NA
KR138641	NA-NA	NA	1-220	1	NA-NA	NA
KR138640	NA-NA	NA	1-220	1	NA-NA	NA
KR138639	NA-NA	NA	1-220	1	NA-NA	NA
KR138638	NA-NA	NA	1-220	1	NA-NA	NA
KR138637	NA-NA	NA	1-220	1	NA-NA	NA
KR138636	NA-NA	NA	1-220	1	NA-NA	NA
KR138635	NA-NA	NA	1-220	1	NA-NA	NA
KR138634	NA-NA	NA	1-220	1	NA-NA	NA
KR138633	NA-NA	NA	1-220	1	NA-NA	NA
KR138632	NA-NA	NA	1-220	1	NA-NA	NA
KR138631	NA-NA	NA	1-220	1	NA-NA	NA
KR138630	NA-NA	NA	1-220	1	NA-NA	NA
KR138629	NA-NA	NA	1-220	1	NA-NA	NA
KR138628	NA-NA	NA	1-220	1	NA-NA	NA
KR138627	NA-NA	NA	1-220	1	NA-NA	NA
KR138626	NA-NA	NA	1-220	1	NA-NA	NA
KR138625	NA-NA	NA	1-220	1	NA-NA	NA
KR138624	NA-NA	NA	1-220	1	NA-NA	NA
KR138623	NA-NA	NA	1-220	1	NA-NA	NA
KR138622	NA-NA	NA	1-220	1	NA-NA	NA
KR138621	NA-NA	NA	1-220	1	NA-NA	NA
KR138619	NA-NA	NA	1-220	1	NA-NA	NA
KR138618	NA-NA	NA	1-220	1	NA-NA	NA
KR138617	NA-NA	NA	1-220	1	NA-NA	NA
KR138616	NA-NA	NA	1-220	1	NA-NA	NA
KR138615	NA-NA	NA	1-220	1	NA-NA	NA
KR138614	NA-NA	NA	1-220	1	NA-NA	NA
KR138613	NA-NA	NA	1-220	1	NA-NA	NA
KR138612	NA-NA	NA	1-220	1	NA-NA	NA
KR138611	NA-NA	NA	1-220	1	NA-NA	NA
KR138610	NA-NA	NA	1-220	1	NA-NA	NA
KR138609	NA-NA	NA	1-220	1	NA-NA	NA
KR138608	NA-NA	NA	1-220	1	NA-NA	NA
KR138607	NA-NA	NA	1-220	1	NA-NA	NA
KR138606	NA-NA	NA	1-220	1	NA-NA	NA
KR138605	NA-NA	NA	1-220	1	NA-NA	NA
KR138604	NA-NA	NA	1-220	1	NA-NA	NA
KR138603	NA-NA	NA	1-220	1	NA-NA	NA
KR138602	NA-NA	NA	1-220	1	NA-NA	NA
KR138601	NA-NA	NA	1-220	1	NA-NA	NA
KR138600	NA-NA	NA	1-220	1	NA-NA	NA
KR138599	NA-NA	NA	1-220	1	NA-NA	NA
KR138598	NA-NA	NA	1-220	1	NA-NA	NA
KR138597	NA-NA	NA	1-220	1	NA-NA	NA
KR138596	NA-NA	NA	1-220	1	NA-NA	NA
KR138595	NA-NA	NA	1-220	1	NA-NA	NA
KJ395358	NA-NA	NA	1-364	1	NA-NA	NA
KJ395357	NA-NA	NA	1-364	1	NA-NA	NA
KJ395356	NA-NA	NA	1-364	1	NA-NA	NA
KJ395355	NA-NA	NA	1-364	1	NA-NA	NA
KJ395354	NA-NA	NA	1-364	1	NA-NA	NA
KJ395353	NA-NA	NA	1-364	1	NA-NA	NA
KJ395352	NA-NA	NA	1-364	1	NA-NA	NA
KJ395351	NA-NA	NA	1-364	1	NA-NA	NA
KJ395350	NA-NA	NA	1-364	1	NA-NA	NA
KC137249	NA-NA	NA	NA-NA	NA	2-348	1
KC137248	NA-NA	NA	NA-NA	NA	2-348	1
KC137247	NA-NA	NA	NA-NA	NA	2-348	1
KC137246	NA-NA	NA	NA-NA	NA	2-348	1
KC137245	NA-NA	NA	NA-NA	NA	2-348	1
KC137244	NA-NA	NA	NA-NA	NA	2-348	1
KC137243	NA-NA	NA	NA-NA	NA	2-348	1
KC137242	NA-NA	NA	NA-NA	NA	2-348	1
KC137241	NA-NA	NA	NA-NA	NA	2-264	1
KC137240	NA-NA	NA	NA-NA	NA	2-348	1
KC137239	NA-NA	NA	NA-NA	NA	2-348	1
KC137238	NA-NA	NA	NA-NA	NA	2-348	1
KC137237	NA-NA	NA	NA-NA	NA	2-348	1
JX548301	2-622	1	NA-NA	NA	NA-NA	NA
JX083371	NA-NA	NA	0-883	1	NA-NA	NA
JX083370	NA-NA	NA	0-883	1	NA-NA	NA
JX083369	NA-NA	NA	0-883	1	NA-NA	NA
JX083368	NA-NA	NA	0-883	1	NA-NA	NA
JX083367	NA-NA	NA	0-883	1	NA-NA	NA
JX083366	NA-NA	NA	0-883	1	NA-NA	NA
JX083365	NA-NA	NA	0-883	1	NA-NA	NA
JX083364	NA-NA	NA	0-250	1	NA-NA	NA
JX083363	NA-NA	NA	0-250	1	NA-NA	NA
JX083362	NA-NA	NA	0-250	1	NA-NA	NA
JX083361	NA-NA	NA	0-250	1	NA-NA	NA
JX083360	NA-NA	NA	0-250	1	NA-NA	NA
JX083359	NA-NA	NA	0-250	1	NA-NA	NA
JX083358	NA-NA	NA	0-250	1	NA-NA	NA
JX083357	NA-NA	NA	0-250	1	NA-NA	NA
JX083356	NA-NA	NA	0-250	1	NA-NA	NA
JX083355	NA-NA	NA	0-250	1	NA-NA	NA
JX083354	NA-NA	NA	0-250	1	NA-NA	NA
JX083353	NA-NA	NA	0-365	1	NA-NA	NA
JX083352	NA-NA	NA	0-254	1	NA-NA	NA
JX083351	NA-NA	NA	0-254	1	NA-NA	NA
JX083350	NA-NA	NA	0-254	1	NA-NA	NA
JX083349	NA-NA	NA	0-254	1	NA-NA	NA
JX083348	NA-NA	NA	0-254	1	NA-NA	NA
JX083347	NA-NA	NA	0-254	1	NA-NA	NA
JX083346	NA-NA	NA	0-254	1	NA-NA	NA
JX083345	NA-NA	NA	0-254	1	NA-NA	NA
JX083344	NA-NA	NA	0-254	1	NA-NA	NA
JX083343	NA-NA	NA	0-254	1	NA-NA	NA
JX083342	NA-NA	NA	0-254	1	NA-NA	NA
JX083341	NA-NA	NA	0-254	1	NA-NA	NA
KP258663	NA-NA	NA	2-255	1	NA-NA	NA
KP258662	NA-NA	NA	2-255	1	NA-NA	NA
KP258661	NA-NA	NA	1-268	1	NA-NA	NA
KP258660	NA-NA	NA	0-254	1	NA-NA	NA
KP404152	NA-NA	NA	NA-NA	NA	0-2478	1
KP404151	NA-NA	NA	NA-NA	NA	0-2475	1
KP404150	45-2715	1	2666-4202	1	4014-6489	1
KP404149	45-2715	1	2666-4202	1	4014-6519	1
KP208781	NA-NA	NA	NA-NA	NA	0-447	1
KP208780	NA-NA	NA	NA-NA	NA	0-447	1
KP208157	NA-NA	NA	NA-NA	NA	0-348	1
KJ650567	NA-NA	NA	2-281	1	273-770	1
KJ650566	NA-NA	NA	2-299	1	291-785	1
KJ650565	NA-NA	NA	0-285	1	277-717	1
KJ650564	NA-NA	NA	0-282	1	274-763	1
KJ650563	NA-NA	NA	0-285	1	277-767	1
KJ650562	NA-NA	NA	2-284	1	276-768	1
KJ650561	NA-NA	NA	2-272	1	264-751	1
KP143825	NA-NA	NA	1-377	1	NA-NA	NA
KP143824	NA-NA	NA	1-377	1	NA-NA	NA
KP143823	NA-NA	NA	2-336	1	NA-NA	NA
KP143822	NA-NA	NA	2-336	1	NA-NA	NA
KP143821	NA-NA	NA	2-336	1	NA-NA	NA
KP143820	NA-NA	NA	2-336	1	NA-NA	NA
KP143819	NA-NA	NA	2-336	1	NA-NA	NA
KP143818	NA-NA	NA	2-336	1	NA-NA	NA
KP143817	NA-NA	NA	2-336	1	NA-NA	NA
KP143816	NA-NA	NA	2-336	1	NA-NA	NA
KP143815	NA-NA	NA	2-336	1	NA-NA	NA
KP143814	NA-NA	NA	2-336	1	NA-NA	NA
KP143813	NA-NA	NA	2-336	1	NA-NA	NA
KP143812	NA-NA	NA	2-336	1	NA-NA	NA
KP143811	NA-NA	NA	2-336	1	NA-NA	NA
KP143810	NA-NA	NA	2-336	1	NA-NA	NA
KP143809	NA-NA	NA	2-336	1	NA-NA	NA
KP143808	NA-NA	NA	2-336	1	NA-NA	NA
KP143807	NA-NA	NA	2-336	1	NA-NA	NA
KP143806	NA-NA	NA	2-336	1	NA-NA	NA
KP143805	NA-NA	NA	2-336	1	NA-NA	NA
KP143804	NA-NA	NA	2-336	1	NA-NA	NA
KP143803	NA-NA	NA	2-336	1	NA-NA	NA
KP143802	NA-NA	NA	2-336	1	NA-NA	NA
KP143801	NA-NA	NA	2-336	1	NA-NA	NA
KP143800	NA-NA	NA	2-336	1	NA-NA	NA
KP143799	NA-NA	NA	2-336	1	NA-NA	NA
KP143798	NA-NA	NA	2-336	1	NA-NA	NA
KP143797	NA-NA	NA	2-336	1	NA-NA	NA
KP143796	NA-NA	NA	2-336	1	NA-NA	NA
KP143795	NA-NA	NA	2-336	1	NA-NA	NA
KP143794	NA-NA	NA	2-336	1	NA-NA	NA
KP143793	NA-NA	NA	2-336	1	NA-NA	NA
KP143792	NA-NA	NA	2-336	1	NA-NA	NA
KP143791	NA-NA	NA	2-336	1	NA-NA	NA
KP143790	NA-NA	NA	2-336	1	NA-NA	NA
KP143789	NA-NA	NA	2-336	1	NA-NA	NA
KP143788	NA-NA	NA	1-345	1	NA-NA	NA
KP143787	NA-NA	NA	1-345	1	NA-NA	NA
KP143786	NA-NA	NA	1-345	1	NA-NA	NA
KP143785	NA-NA	NA	1-345	1	NA-NA	NA
KP143784	NA-NA	NA	1-345	1	NA-NA	NA
KP143783	NA-NA	NA	1-345	1	NA-NA	NA
KP143782	NA-NA	NA	1-345	1	NA-NA	NA
KP143781	NA-NA	NA	1-345	1	NA-NA	NA
KP143780	NA-NA	NA	1-345	1	NA-NA	NA
KP143779	NA-NA	NA	1-345	1	NA-NA	NA
KP143778	NA-NA	NA	1-345	1	NA-NA	NA
KP143777	NA-NA	NA	1-345	1	NA-NA	NA
KP143776	NA-NA	NA	1-345	1	NA-NA	NA
KP143775	NA-NA	NA	1-345	1	NA-NA	NA
KP143774	NA-NA	NA	1-345	1	NA-NA	NA
KP143773	NA-NA	NA	1-345	1	NA-NA	NA
KP143772	NA-NA	NA	1-345	1	NA-NA	NA
KP090043	2-217	1	NA-NA	NA	NA-NA	NA
KP090042	1-220	1	NA-NA	NA	NA-NA	NA
KP090041	1-229	1	NA-NA	NA	NA-NA	NA
KP090040	2-230	1	NA-NA	NA	NA-NA	NA
KP090039	1-221	1	NA-NA	NA	NA-NA	NA
KP090038	1-228	1	NA-NA	NA	NA-NA	NA
KP090037	1-246	1	NA-NA	NA	NA-NA	NA
KP090036	1-231	1	NA-NA	NA	NA-NA	NA
KP090035	0-233	1	NA-NA	NA	NA-NA	NA
KP015067	NA-NA	NA	NA-NA	NA	0-424	1
KP015066	NA-NA	NA	NA-NA	NA	0-439	1
KP015065	NA-NA	NA	NA-NA	NA	1-423	1
KP015064	NA-NA	NA	NA-NA	NA	1-423	1
KP015063	NA-NA	NA	NA-NA	NA	0-426	1
KP015062	NA-NA	NA	NA-NA	NA	0-426	1
KP015061	NA-NA	NA	NA-NA	NA	0-423	1
KP015060	NA-NA	NA	NA-NA	NA	2-445	1
KP015059	NA-NA	NA	NA-NA	NA	2-436	1
KM514349	NA-NA	NA	NA-NA	NA	1-409	1
KM514348	NA-NA	NA	NA-NA	NA	1-409	1
KM514347	NA-NA	NA	NA-NA	NA	1-409	1
KM514346	NA-NA	NA	NA-NA	NA	1-409	1
KM514345	NA-NA	NA	NA-NA	NA	1-409	1
KM514344	NA-NA	NA	NA-NA	NA	1-409	1
KM514343	NA-NA	NA	NA-NA	NA	1-409	1
KM514342	NA-NA	NA	NA-NA	NA	1-409	1
KM514341	NA-NA	NA	NA-NA	NA	1-409	1
KM514340	NA-NA	NA	NA-NA	NA	1-409	1
KM514339	NA-NA	NA	NA-NA	NA	1-409	1
KM514338	NA-NA	NA	NA-NA	NA	1-409	1
KM514337	NA-NA	NA	NA-NA	NA	1-409	1
KM514336	NA-NA	NA	NA-NA	NA	1-409	1
KM514335	NA-NA	NA	NA-NA	NA	1-409	1
KM514334	NA-NA	NA	NA-NA	NA	1-409	1
KM514333	NA-NA	NA	NA-NA	NA	1-409	1
KM514332	NA-NA	NA	NA-NA	NA	1-409	1
KM514331	NA-NA	NA	NA-NA	NA	1-409	1
KM514330	NA-NA	NA	NA-NA	NA	1-409	1
KM514329	NA-NA	NA	NA-NA	NA	1-409	1
KM514328	NA-NA	NA	NA-NA	NA	1-409	1
KM514327	NA-NA	NA	NA-NA	NA	1-409	1
KM514326	NA-NA	NA	NA-NA	NA	1-409	1
KM514325	NA-NA	NA	NA-NA	NA	1-409	1
KM514324	NA-NA	NA	NA-NA	NA	1-409	1
KM514323	NA-NA	NA	NA-NA	NA	1-409	1
KM514322	NA-NA	NA	NA-NA	NA	1-409	1
KM514321	NA-NA	NA	NA-NA	NA	1-409	1
KM514320	NA-NA	NA	NA-NA	NA	1-409	1
KM514319	NA-NA	NA	NA-NA	NA	1-409	1
KM985703	NA-NA	NA	NA-NA	NA	2911-4948	1
KM985702	NA-NA	NA	NA-NA	NA	2914-4951	1
KM985701	NA-NA	NA	0-855	1	874-2896	1
KM985700	NA-NA	NA	0-855	1	874-2911	1
KM985699	NA-NA	NA	0-855	1	874-2896	1
KM985698	NA-NA	NA	0-855	1	874-2908	1
KM985697	NA-NA	NA	0-855	1	874-2908	1
KM985696	NA-NA	NA	0-855	1	874-2908	1
KM985695	NA-NA	NA	0-855	1	NA-NA	NA
KM985694	NA-NA	NA	0-855	1	874-2914	1
KM985693	NA-NA	NA	0-855	1	874-2911	1
KM985692	NA-NA	NA	0-855	1	874-2896	1
KM985691	NA-NA	NA	0-855	1	874-2899	1
KM985690	NA-NA	NA	0-855	1	874-2896	1
KJ533370	NA-NA	NA	0-357	1	NA-NA	NA
KJ533369	NA-NA	NA	0-354	1	NA-NA	NA
KJ533368	NA-NA	NA	0-384	1	NA-NA	NA
KJ533367	NA-NA	NA	0-384	1	NA-NA	NA
KJ533366	NA-NA	NA	0-384	1	NA-NA	NA
KJ533365	NA-NA	NA	0-384	1	NA-NA	NA
KJ533364	NA-NA	NA	0-369	1	NA-NA	NA
KJ533363	NA-NA	NA	0-384	1	NA-NA	NA
KJ533362	NA-NA	NA	0-384	1	NA-NA	NA
KJ533361	NA-NA	NA	0-369	1	NA-NA	NA
KJ533360	NA-NA	NA	0-369	1	NA-NA	NA
KJ533359	NA-NA	NA	0-378	1	NA-NA	NA
KJ533358	NA-NA	NA	0-378	1	NA-NA	NA
KJ533357	NA-NA	NA	0-345	1	NA-NA	NA
KJ533356	NA-NA	NA	0-384	1	NA-NA	NA
KJ533355	NA-NA	NA	0-384	1	NA-NA	NA
KJ533354	NA-NA	NA	0-357	1	NA-NA	NA
KJ533353	NA-NA	NA	0-384	1	NA-NA	NA
KJ533352	NA-NA	NA	0-384	1	NA-NA	NA
KJ533351	NA-NA	NA	0-384	1	NA-NA	NA
KJ533350	NA-NA	NA	0-369	1	NA-NA	NA
KJ533349	NA-NA	NA	0-384	1	NA-NA	NA
KJ533348	NA-NA	NA	0-384	1	NA-NA	NA
KJ533347	NA-NA	NA	0-396	1	NA-NA	NA
KJ533346	NA-NA	NA	0-384	1	NA-NA	NA
KJ533345	NA-NA	NA	0-384	1	NA-NA	NA
KJ533344	NA-NA	NA	0-378	1	NA-NA	NA
KJ533343	NA-NA	NA	0-384	1	NA-NA	NA
KJ533342	NA-NA	NA	0-384	1	NA-NA	NA
KJ533341	NA-NA	NA	0-384	1	NA-NA	NA
KM923916	NA-NA	NA	NA-NA	NA	0-447	1
KM923915	NA-NA	NA	NA-NA	NA	0-447	1
KM923914	NA-NA	NA	NA-NA	NA	0-447	1
KM923913	NA-NA	NA	NA-NA	NA	0-447	1
KM923912	NA-NA	NA	NA-NA	NA	0-447	1
KM923911	NA-NA	NA	NA-NA	NA	0-447	1
KM981736	NA-NA	NA	2-101	1	93-719	1
KM981735	NA-NA	NA	2-101	1	93-719	1
KM981734	NA-NA	NA	2-101	1	93-719	1
KM981733	NA-NA	NA	2-101	1	93-719	1
KM981732	NA-NA	NA	2-101	1	93-719	1
KM981731	NA-NA	NA	2-101	1	93-719	1
KM981730	NA-NA	NA	2-101	1	93-719	1
KM981729	NA-NA	NA	2-101	1	93-719	1
KM981728	NA-NA	NA	2-101	1	93-719	1
KM981727	NA-NA	NA	2-101	1	93-719	1
KM981726	NA-NA	NA	2-101	1	93-719	1
KM981725	NA-NA	NA	2-101	1	93-719	1
KM981724	NA-NA	NA	2-101	1	93-716	1
KM981723	NA-NA	NA	2-101	1	93-716	1
KM981722	NA-NA	NA	2-101	1	93-716	1
KM981721	NA-NA	NA	2-101	1	93-716	1
KM981720	NA-NA	NA	2-101	1	93-716	1
KM981719	NA-NA	NA	2-101	1	93-716	1
KM981718	NA-NA	NA	2-101	1	93-716	1
KM981717	NA-NA	NA	2-101	1	93-716	1
KM981716	NA-NA	NA	2-101	1	93-716	1
KM981715	NA-NA	NA	2-101	1	93-716	1
KM981714	NA-NA	NA	2-101	1	93-719	1
KM981713	NA-NA	NA	2-101	1	93-719	1
KM981712	NA-NA	NA	2-101	1	93-719	1
KM981711	NA-NA	NA	2-101	1	93-719	1
KM822598	NA-NA	NA	NA-NA	NA	2-630	1
KM822597	NA-NA	NA	NA-NA	NA	2-630	1
KM822596	NA-NA	NA	NA-NA	NA	2-630	1
KM822595	NA-NA	NA	NA-NA	NA	2-630	1
KM822594	NA-NA	NA	NA-NA	NA	2-630	1
KM822593	0-2454	1	2408-3917	1	3861-6171	1
KJ173710	NA-NA	NA	1-391	1	NA-NA	NA
KJ173709	NA-NA	NA	1-391	1	NA-NA	NA
KJ173708	NA-NA	NA	1-391	1	NA-NA	NA
KJ173707	NA-NA	NA	1-391	1	NA-NA	NA
KJ173706	NA-NA	NA	1-391	1	NA-NA	NA
KJ173705	NA-NA	NA	1-391	1	NA-NA	NA
KJ173704	NA-NA	NA	1-391	1	NA-NA	NA
KC790418	NA-NA	NA	0-296	1	NA-NA	NA
KC790417	NA-NA	NA	0-296	1	NA-NA	NA
KC790416	NA-NA	NA	0-296	1	NA-NA	NA
KC790415	NA-NA	NA	0-296	1	NA-NA	NA
KC790414	NA-NA	NA	0-293	1	NA-NA	NA
KP162261	NA-NA	NA	NA-NA	NA	0-381	1
KP162260	NA-NA	NA	NA-NA	NA	0-381	1
KP162259	NA-NA	NA	NA-NA	NA	0-381	1
KP162258	NA-NA	NA	NA-NA	NA	0-381	1
KP162257	NA-NA	NA	NA-NA	NA	0-381	1
KP162256	NA-NA	NA	NA-NA	NA	0-381	1
KP162255	NA-NA	NA	NA-NA	NA	0-381	1
KP162254	0-218	1	NA-NA	NA	NA-NA	NA
KP162253	0-216	1	NA-NA	NA	NA-NA	NA
KP162252	0-216	1	NA-NA	NA	NA-NA	NA
KP162251	0-216	1	NA-NA	NA	NA-NA	NA
KP162250	0-216	1	NA-NA	NA	NA-NA	NA
KP162249	0-216	1	NA-NA	NA	NA-NA	NA
KP162248	0-216	1	NA-NA	NA	NA-NA	NA
KM875548	NA-NA	NA	2-653	1	NA-NA	NA
KJ920197	6-2667	1	2621-4190	1	4179-6456	1
KJ920196	2-2663	1	2617-4186	1	4175-6452	1
AB914706	NA-NA	NA	NA-NA	NA	0-2319	1
AB914705	NA-NA	NA	NA-NA	NA	0-2321	1
AB914577	NA-NA	NA	NA-NA	NA	78-1136	1
AB914576	NA-NA	NA	NA-NA	NA	78-1119	1
AB914575	NA-NA	NA	NA-NA	NA	72-1071	1
AB914574	NA-NA	NA	NA-NA	NA	72-1086	1
AB914573	NA-NA	NA	NA-NA	NA	78-1119	1
AB914572	NA-NA	NA	NA-NA	NA	79-1120	1
AB914571	NA-NA	NA	NA-NA	NA	78-1119	1
AB914570	NA-NA	NA	NA-NA	NA	78-1119	1
AB914569	NA-NA	NA	NA-NA	NA	78-1119	1
AB914568	NA-NA	NA	NA-NA	NA	78-1119	1
AB914567	NA-NA	NA	NA-NA	NA	78-1117	1
JX840471	NA-NA	NA	0-253	1	NA-NA	NA
JX840470	NA-NA	NA	0-253	1	NA-NA	NA
JX840469	NA-NA	NA	0-253	1	NA-NA	NA
JX840468	NA-NA	NA	0-253	1	NA-NA	NA
KM587711	NA-NA	NA	0-1099	-1	NA-NA	NA
KM459014	NA-NA	NA	NA-NA	NA	0-399	1
KM459013	NA-NA	NA	NA-NA	NA	0-417	1
KM017743	30-2775	1	2789-4262	1	4254-6699	1
KM017742	29-2834	1	2848-4321	1	4313-6761	1
KM017741	54-2601	1	2612-4151	1	4122-6477	1
KJ571486	0-2208	1	2162-3671	1	3615-5994	1
KJ571485	NA-NA	NA	0-381	1	NA-NA	NA
KJ571484	NA-NA	NA	0-363	1	NA-NA	NA
KJ571483	NA-NA	NA	0-363	1	NA-NA	NA
KJ571482	NA-NA	NA	0-363	1	NA-NA	NA
KJ571481	NA-NA	NA	0-381	1	NA-NA	NA
KJ571480	NA-NA	NA	0-363	1	NA-NA	NA
KJ571479	NA-NA	NA	0-381	1	NA-NA	NA
KJ571478	NA-NA	NA	0-363	1	NA-NA	NA
KJ571477	NA-NA	NA	0-363	1	NA-NA	NA
KJ571476	NA-NA	NA	0-363	1	NA-NA	NA
KJ571475	NA-NA	NA	0-363	1	NA-NA	NA
KJ571474	NA-NA	NA	0-363	1	NA-NA	NA
KJ571473	NA-NA	NA	0-360	1	NA-NA	NA
KJ571472	NA-NA	NA	0-363	1	NA-NA	NA
KJ571471	NA-NA	NA	0-363	1	NA-NA	NA
KJ571470	NA-NA	NA	0-360	1	NA-NA	NA
KJ571469	NA-NA	NA	0-363	1	NA-NA	NA
KJ571468	NA-NA	NA	0-363	1	NA-NA	NA
KJ571467	NA-NA	NA	0-363	1	NA-NA	NA
KJ571466	NA-NA	NA	0-363	1	NA-NA	NA
KJ571465	NA-NA	NA	0-363	1	NA-NA	NA
KJ571464	NA-NA	NA	0-363	1	NA-NA	NA
KJ571463	NA-NA	NA	0-363	1	NA-NA	NA
KJ571462	NA-NA	NA	0-363	1	NA-NA	NA
KJ571461	NA-NA	NA	0-363	1	NA-NA	NA
KJ571460	NA-NA	NA	0-363	1	NA-NA	NA
KJ571459	NA-NA	NA	0-363	1	NA-NA	NA
KJ571458	NA-NA	NA	0-363	1	NA-NA	NA
KJ571457	NA-NA	NA	0-363	1	NA-NA	NA
KJ571456	NA-NA	NA	0-363	1	NA-NA	NA
KJ571455	NA-NA	NA	0-363	1	NA-NA	NA
KJ571454	NA-NA	NA	0-363	1	NA-NA	NA
KJ571453	NA-NA	NA	0-363	1	NA-NA	NA
KJ571452	NA-NA	NA	0-363	1	NA-NA	NA
KJ571451	NA-NA	NA	0-363	1	NA-NA	NA
KJ571450	NA-NA	NA	0-363	1	NA-NA	NA
KJ571449	NA-NA	NA	0-360	1	NA-NA	NA
KJ571448	NA-NA	NA	0-363	1	NA-NA	NA
KJ571447	NA-NA	NA	0-363	1	NA-NA	NA
KJ571446	NA-NA	NA	0-363	1	NA-NA	NA
KJ571445	NA-NA	NA	0-360	1	NA-NA	NA
KJ571444	NA-NA	NA	0-363	1	NA-NA	NA
KJ571443	NA-NA	NA	0-363	1	NA-NA	NA
KJ571442	NA-NA	NA	0-363	1	NA-NA	NA
KJ571441	NA-NA	NA	0-363	1	NA-NA	NA
KJ571440	NA-NA	NA	0-363	1	NA-NA	NA
KJ571439	NA-NA	NA	0-363	1	NA-NA	NA
KJ571438	NA-NA	NA	0-363	1	NA-NA	NA
KJ571437	NA-NA	NA	0-363	1	NA-NA	NA
KJ571436	NA-NA	NA	0-363	1	NA-NA	NA
KJ571435	NA-NA	NA	0-369	1	NA-NA	NA
KJ571434	NA-NA	NA	0-369	1	NA-NA	NA
KJ571433	NA-NA	NA	0-369	1	NA-NA	NA
KJ571432	NA-NA	NA	0-369	1	NA-NA	NA
KJ571431	NA-NA	NA	0-381	1	NA-NA	NA
KJ571430	NA-NA	NA	0-381	1	NA-NA	NA
KJ571429	NA-NA	NA	0-381	1	NA-NA	NA
KJ571428	NA-NA	NA	0-381	1	NA-NA	NA
KJ571427	NA-NA	NA	0-381	1	NA-NA	NA
KJ571426	NA-NA	NA	0-381	1	NA-NA	NA
KJ571425	NA-NA	NA	0-381	1	NA-NA	NA
KJ571424	NA-NA	NA	0-381	1	NA-NA	NA
KJ571423	NA-NA	NA	0-381	1	NA-NA	NA
KJ571422	NA-NA	NA	0-381	1	NA-NA	NA
KJ571421	NA-NA	NA	0-381	1	NA-NA	NA
KJ571420	NA-NA	NA	0-381	1	NA-NA	NA
KJ571419	NA-NA	NA	0-381	1	NA-NA	NA
KJ571418	NA-NA	NA	0-381	1	NA-NA	NA
KJ571417	NA-NA	NA	0-381	1	NA-NA	NA
KJ571416	NA-NA	NA	0-378	1	NA-NA	NA
KJ571415	NA-NA	NA	0-396	1	NA-NA	NA
KJ571414	NA-NA	NA	0-381	1	NA-NA	NA
KJ571413	NA-NA	NA	0-381	1	NA-NA	NA
KJ571412	NA-NA	NA	0-381	1	NA-NA	NA
KJ571411	NA-NA	NA	0-381	1	NA-NA	NA
KJ571410	NA-NA	NA	0-378	1	NA-NA	NA
KJ571409	NA-NA	NA	0-381	1	NA-NA	NA
KJ571408	NA-NA	NA	0-381	1	NA-NA	NA
KJ571407	NA-NA	NA	0-381	1	NA-NA	NA
KJ571406	NA-NA	NA	0-381	1	NA-NA	NA
KJ571405	NA-NA	NA	0-381	1	NA-NA	NA
KJ571404	NA-NA	NA	0-381	1	NA-NA	NA
KJ571403	NA-NA	NA	0-381	1	NA-NA	NA
KJ571402	NA-NA	NA	0-381	1	NA-NA	NA
KJ571401	NA-NA	NA	0-381	1	NA-NA	NA
KJ571400	NA-NA	NA	0-381	1	NA-NA	NA
KJ571399	NA-NA	NA	0-381	1	NA-NA	NA
KJ571398	NA-NA	NA	0-378	1	NA-NA	NA
KJ571397	NA-NA	NA	0-378	1	NA-NA	NA
KJ571396	NA-NA	NA	0-381	1	NA-NA	NA
KJ571395	NA-NA	NA	0-378	1	NA-NA	NA
KJ571394	NA-NA	NA	0-378	1	NA-NA	NA
KJ571393	NA-NA	NA	0-381	1	NA-NA	NA
KJ571392	NA-NA	NA	0-378	1	NA-NA	NA
KJ571391	NA-NA	NA	0-381	1	NA-NA	NA
KJ571390	NA-NA	NA	0-381	1	NA-NA	NA
KJ571389	NA-NA	NA	0-381	1	NA-NA	NA
KJ571388	NA-NA	NA	0-381	1	NA-NA	NA
KJ571387	NA-NA	NA	0-381	1	NA-NA	NA
KJ571386	NA-NA	NA	0-381	1	NA-NA	NA
KJ571385	NA-NA	NA	0-381	1	NA-NA	NA
KJ571384	NA-NA	NA	0-381	1	NA-NA	NA
KJ571383	NA-NA	NA	0-381	1	NA-NA	NA
KJ571382	NA-NA	NA	0-381	1	NA-NA	NA
KJ571381	NA-NA	NA	0-381	1	NA-NA	NA
KJ571380	NA-NA	NA	0-381	1	NA-NA	NA
KJ571379	NA-NA	NA	0-381	1	NA-NA	NA
KJ571378	NA-NA	NA	0-381	1	NA-NA	NA
KJ571377	NA-NA	NA	0-381	1	NA-NA	NA
AB856999	NA-NA	NA	NA-NA	NA	0-372	1
AB856998	NA-NA	NA	NA-NA	NA	0-372	1
AB856997	NA-NA	NA	NA-NA	NA	0-372	1
AB856996	NA-NA	NA	NA-NA	NA	0-372	1
AB856995	NA-NA	NA	NA-NA	NA	0-372	1
AB856994	NA-NA	NA	NA-NA	NA	0-372	1
AB856993	NA-NA	NA	NA-NA	NA	0-372	1
AB856992	NA-NA	NA	NA-NA	NA	0-372	1
AB856991	NA-NA	NA	NA-NA	NA	0-378	1
AB856990	NA-NA	NA	NA-NA	NA	0-378	1
AB856989	NA-NA	NA	NA-NA	NA	0-372	1
AB856988	NA-NA	NA	NA-NA	NA	0-372	1
KM358468	38-2699	1	2653-4222	1	4211-6488	1
KJ020899	19-3445	1	3435-4986	1	5006-7244	1
KM211529	NA-NA	NA	0-410	1	NA-NA	NA
KM211528	NA-NA	NA	0-410	1	NA-NA	NA
KM211527	NA-NA	NA	0-410	1	NA-NA	NA
KM211526	NA-NA	NA	0-395	1	NA-NA	NA
KM211525	NA-NA	NA	0-410	1	NA-NA	NA
KM211524	NA-NA	NA	0-410	1	NA-NA	NA
KM211523	NA-NA	NA	2-406	1	NA-NA	NA
KM211522	NA-NA	NA	0-404	1	NA-NA	NA
KM211521	NA-NA	NA	0-409	1	NA-NA	NA
KM211520	NA-NA	NA	0-411	1	NA-NA	NA
KM212267	NA-NA	NA	0-210	1	NA-NA	NA
KF453630	NA-NA	NA	NA-NA	NA	0-291	1
KF453629	0-450	1	NA-NA	NA	NA-NA	NA
KF234579	NA-NA	NA	NA-NA	NA	1-1253	1
KF234578	NA-NA	NA	NA-NA	NA	1-1253	1
KF234577	NA-NA	NA	NA-NA	NA	1-1253	1
KM035759	51-2637	1	2588-4163	1	4155-6441	1
AB740325	NA-NA	NA	0-1498	1	NA-NA	NA
AB740324	NA-NA	NA	0-1468	1	NA-NA	NA
AB740323	NA-NA	NA	2-1497	1	NA-NA	NA
AB740322	NA-NA	NA	0-1495	1	NA-NA	NA
AB740321	NA-NA	NA	0-1495	1	NA-NA	NA
AB740320	NA-NA	NA	0-1492	1	NA-NA	NA
AB740319	NA-NA	NA	0-1492	1	NA-NA	NA
KF039913	53-2816	1	2755-4303	1	4295-6611	1
KF039912	55-2857	1	2796-4344	1	4336-6652	1
KF039911	54-2817	1	2756-4304	1	4296-6696	1
KF039910	53-2834	1	2773-4321	1	4313-6710	1
KF859964	43-2710	1	2664-4233	1	4036-6442	1
KC915035	NA-NA	NA	2-761	1	753-3069	1
KC915034	NA-NA	NA	0-741	1	733-3049	1
KJ729964	NA-NA	NA	NA-NA	NA	0-569	1
KJ729963	NA-NA	NA	NA-NA	NA	0-569	1
KJ729962	NA-NA	NA	NA-NA	NA	0-569	1
KJ729961	NA-NA	NA	NA-NA	NA	0-569	1
KJ729960	NA-NA	NA	0-394	1	NA-NA	NA
KJ729959	NA-NA	NA	0-360	1	NA-NA	NA
KJ729958	NA-NA	NA	0-384	1	NA-NA	NA
KJ729957	NA-NA	NA	0-369	1	NA-NA	NA
KJ652328	NA-NA	NA	2-293	1	NA-NA	NA
KJ652327	NA-NA	NA	2-293	1	NA-NA	NA
KJ652326	NA-NA	NA	2-284	1	NA-NA	NA
KJ652325	NA-NA	NA	2-296	1	NA-NA	NA
KJ652324	NA-NA	NA	2-296	1	NA-NA	NA
KJ652323	NA-NA	NA	2-296	1	NA-NA	NA
KJ652322	NA-NA	NA	0-276	1	NA-NA	NA
KJ652321	NA-NA	NA	2-296	1	NA-NA	NA
KJ621033	NA-NA	NA	NA-NA	NA	25-2242	1
KJ621032	NA-NA	NA	NA-NA	NA	25-2242	1
KJ621031	NA-NA	NA	NA-NA	NA	28-2245	1
KJ621030	NA-NA	NA	NA-NA	NA	27-2244	1
KJ621029	NA-NA	NA	0-834	1	858-3075	1
KJ621028	NA-NA	NA	NA-NA	NA	26-2243	1
KJ621027	NA-NA	NA	NA-NA	NA	27-2244	1
KJ620980	41-2438	1	2392-3901	1	3845-6161	1
KJ620979	41-2438	1	2392-3901	1	3845-6161	1
AB769874	NA-NA	NA	0-257	1	NA-NA	NA
AB769873	NA-NA	NA	0-257	1	NA-NA	NA
AB769872	NA-NA	NA	0-257	1	NA-NA	NA
AB769871	NA-NA	NA	0-254	1	NA-NA	NA
AB769870	NA-NA	NA	0-257	1	NA-NA	NA
AB769869	NA-NA	NA	0-257	1	NA-NA	NA
AB769868	NA-NA	NA	0-257	1	NA-NA	NA
AB769867	NA-NA	NA	0-257	1	NA-NA	NA
AB769866	NA-NA	NA	0-257	1	NA-NA	NA
AB769865	NA-NA	NA	0-257	1	NA-NA	NA
AB769864	NA-NA	NA	0-257	1	NA-NA	NA
KF597282	NA-NA	NA	0-541	1	NA-NA	NA
KF597281	NA-NA	NA	0-717	1	NA-NA	NA
KF597280	NA-NA	NA	0-717	1	NA-NA	NA
KF374704	30-2775	1	2717-4262	1	4254-6699	1
KJ633799	NA-NA	NA	0-326	1	NA-NA	NA
KJ633798	NA-NA	NA	0-336	1	NA-NA	NA
KJ633797	NA-NA	NA	0-332	1	NA-NA	NA
KJ633796	NA-NA	NA	0-336	1	NA-NA	NA
KJ633795	NA-NA	NA	0-336	1	NA-NA	NA
KJ633794	NA-NA	NA	0-336	1	NA-NA	NA
KJ633793	NA-NA	NA	2-336	1	NA-NA	NA
KJ633792	NA-NA	NA	0-336	1	NA-NA	NA
KJ633791	NA-NA	NA	2-338	1	NA-NA	NA
KJ633790	NA-NA	NA	2-286	1	NA-NA	NA
KJ596489	NA-NA	NA	0-356	1	NA-NA	NA
KF753807	21-3363	1	3353-4901	1	4916-7097	1
KF753806	21-3363	1	3353-4901	1	4916-7097	1
KF753805	21-3363	1	3353-4901	1	4916-7097	1
KF753804	21-3363	1	3353-4901	1	4916-7097	1
KF668452	NA-NA	NA	0-303	1	241-779	1
KF668451	NA-NA	NA	0-294	1	286-725	1
KF668450	NA-NA	NA	0-303	1	241-767	1
KF668449	NA-NA	NA	0-297	1	241-740	1
KF668448	NA-NA	NA	0-297	1	241-743	1
KF668447	NA-NA	NA	0-297	1	241-743	1
KF668446	NA-NA	NA	0-297	1	241-743	1
KF668445	NA-NA	NA	0-294	1	286-725	1
KF668444	NA-NA	NA	0-297	1	241-743	1
HM630273	NA-NA	NA	NA-NA	NA	1-373	1
HM630272	NA-NA	NA	NA-NA	NA	1-373	1
HM630271	NA-NA	NA	NA-NA	NA	1-373	1
HM630265	NA-NA	NA	NA-NA	NA	1-373	1
HM630264	NA-NA	NA	NA-NA	NA	1-373	1
HM630263	NA-NA	NA	NA-NA	NA	1-373	1
HM630261	NA-NA	NA	NA-NA	NA	1-373	1
HM630260	NA-NA	NA	NA-NA	NA	1-373	1
KF736885	NA-NA	NA	0-576	1	NA-NA	NA
KF736884	NA-NA	NA	0-576	1	NA-NA	NA
KF736883	NA-NA	NA	0-579	1	NA-NA	NA
KF736882	NA-NA	NA	0-579	1	NA-NA	NA
KF736881	NA-NA	NA	0-575	1	NA-NA	NA
KF736880	NA-NA	NA	0-576	1	NA-NA	NA
KF736879	NA-NA	NA	0-579	1	NA-NA	NA
KF736878	NA-NA	NA	0-579	1	NA-NA	NA
KF736877	NA-NA	NA	0-566	1	NA-NA	NA
KF736876	NA-NA	NA	0-566	1	NA-NA	NA
KF736875	NA-NA	NA	0-575	1	NA-NA	NA
KF736874	NA-NA	NA	0-576	1	NA-NA	NA
KF736873	NA-NA	NA	0-572	1	NA-NA	NA
KF736872	NA-NA	NA	0-577	1	NA-NA	NA
KF736871	NA-NA	NA	0-580	1	NA-NA	NA
KF736870	NA-NA	NA	0-571	1	NA-NA	NA
KF736869	NA-NA	NA	0-579	1	NA-NA	NA
KF736868	NA-NA	NA	0-579	1	NA-NA	NA
KF736867	NA-NA	NA	0-577	1	NA-NA	NA
KF736866	NA-NA	NA	0-577	1	NA-NA	NA
KF736865	NA-NA	NA	0-578	1	NA-NA	NA
KF736864	NA-NA	NA	0-575	1	NA-NA	NA
KF736863	NA-NA	NA	0-572	1	NA-NA	NA
KF736862	NA-NA	NA	0-572	1	NA-NA	NA
KF736861	NA-NA	NA	0-572	1	NA-NA	NA
KF736860	NA-NA	NA	0-572	1	NA-NA	NA
KF736859	NA-NA	NA	0-572	1	NA-NA	NA
KF736858	NA-NA	NA	0-572	1	NA-NA	NA
KF736857	NA-NA	NA	0-572	1	NA-NA	NA
KF736856	NA-NA	NA	0-572	1	NA-NA	NA
KF736855	NA-NA	NA	0-572	1	NA-NA	NA
KF736854	NA-NA	NA	0-570	1	NA-NA	NA
KF736853	NA-NA	NA	0-572	1	NA-NA	NA
KF736852	NA-NA	NA	0-574	1	NA-NA	NA
KC967120	NA-NA	NA	0-572	1	NA-NA	NA
KC967119	NA-NA	NA	0-573	1	NA-NA	NA
KC967118	NA-NA	NA	0-569	1	NA-NA	NA
KC967117	NA-NA	NA	0-580	1	NA-NA	NA
KC967116	NA-NA	NA	0-579	1	NA-NA	NA
KC967115	NA-NA	NA	0-554	1	NA-NA	NA
KC967114	NA-NA	NA	0-572	1	NA-NA	NA
KC967113	NA-NA	NA	1-571	1	NA-NA	NA
KC967112	NA-NA	NA	0-569	1	NA-NA	NA
KC967111	NA-NA	NA	0-572	1	NA-NA	NA
KC967110	NA-NA	NA	0-572	1	NA-NA	NA
KC967109	NA-NA	NA	0-569	1	NA-NA	NA
KC967108	NA-NA	NA	0-572	1	NA-NA	NA
KC967107	NA-NA	NA	0-572	1	NA-NA	NA
KC967106	NA-NA	NA	0-572	1	NA-NA	NA
KC967105	NA-NA	NA	0-572	1	NA-NA	NA
KC967104	NA-NA	NA	2-571	1	NA-NA	NA
KC967103	NA-NA	NA	1-570	1	NA-NA	NA
KC967102	NA-NA	NA	0-579	1	NA-NA	NA
KC967101	NA-NA	NA	2-575	1	NA-NA	NA
KC967100	NA-NA	NA	1-570	1	NA-NA	NA
KF920601	NA-NA	NA	1-709	-1	NA-NA	NA
KF211429	NA-NA	NA	NA-NA	NA	1-376	1
KF211428	NA-NA	NA	NA-NA	NA	1-376	1
KF211427	NA-NA	NA	NA-NA	NA	1-376	1
KC593414	NA-NA	NA	0-330	1	NA-NA	NA
KC593413	NA-NA	NA	0-330	1	NA-NA	NA
KC593412	NA-NA	NA	0-330	1	NA-NA	NA
KC593411	NA-NA	NA	0-330	1	NA-NA	NA
KC593410	NA-NA	NA	0-330	1	NA-NA	NA
KC593409	NA-NA	NA	0-330	1	NA-NA	NA
KC593408	NA-NA	NA	0-330	1	NA-NA	NA
KC593407	NA-NA	NA	0-330	1	NA-NA	NA
KC593406	NA-NA	NA	0-330	1	NA-NA	NA
KC593405	NA-NA	NA	0-330	1	NA-NA	NA
KC593404	NA-NA	NA	0-330	1	NA-NA	NA
KC593403	NA-NA	NA	0-330	1	NA-NA	NA
KC593401	NA-NA	NA	0-327	1	NA-NA	NA
KC593400	NA-NA	NA	0-327	1	NA-NA	NA
KC593399	NA-NA	NA	0-327	1	NA-NA	NA
KC593398	NA-NA	NA	0-327	1	NA-NA	NA
KC593397	NA-NA	NA	0-327	1	NA-NA	NA
KC593396	NA-NA	NA	0-327	1	NA-NA	NA
KC593395	NA-NA	NA	0-327	1	NA-NA	NA
KC593394	NA-NA	NA	0-327	1	NA-NA	NA
KC593393	NA-NA	NA	0-327	1	NA-NA	NA
KC593392	NA-NA	NA	0-327	1	NA-NA	NA
KC593391	NA-NA	NA	0-327	1	NA-NA	NA
KC593390	NA-NA	NA	0-327	1	NA-NA	NA
KC593389	NA-NA	NA	0-327	1	NA-NA	NA
KC593388	NA-NA	NA	0-327	1	NA-NA	NA
KC593387	NA-NA	NA	0-327	1	NA-NA	NA
JN635502	NA-NA	NA	0-362	1	NA-NA	NA
KF663754	NA-NA	NA	NA-NA	NA	0-237	1
KF663753	NA-NA	NA	NA-NA	NA	0-237	1
KF417713	NA-NA	NA	0-612	1	604-2872	1
KF420154	NA-NA	NA	NA-NA	NA	0-594	1
KF420153	NA-NA	NA	NA-NA	NA	0-590	1
KF420152	NA-NA	NA	NA-NA	NA	0-621	1
KF420151	NA-NA	NA	NA-NA	NA	0-578	1
KF420150	NA-NA	NA	NA-NA	NA	0-586	1
KF420149	NA-NA	NA	NA-NA	NA	0-632	1
KF420148	NA-NA	NA	NA-NA	NA	0-685	1
KF420147	NA-NA	NA	NA-NA	NA	2-652	1
KF420146	NA-NA	NA	NA-NA	NA	0-669	1
KF420145	NA-NA	NA	NA-NA	NA	1-668	1
KF420144	NA-NA	NA	NA-NA	NA	0-673	1
KF420143	NA-NA	NA	NA-NA	NA	0-630	1
KF420142	NA-NA	NA	NA-NA	NA	0-628	1
KF420141	NA-NA	NA	NA-NA	NA	0-597	1
KF420140	NA-NA	NA	NA-NA	NA	0-597	1
KF420139	NA-NA	NA	NA-NA	NA	0-645	1
KF420138	NA-NA	NA	NA-NA	NA	0-634	1
KF420137	NA-NA	NA	NA-NA	NA	0-643	1
KF420136	NA-NA	NA	NA-NA	NA	0-604	1
KF420135	NA-NA	NA	NA-NA	NA	0-623	1
KF420134	NA-NA	NA	NA-NA	NA	0-604	1
KF420133	NA-NA	NA	NA-NA	NA	0-544	1
KF420132	NA-NA	NA	NA-NA	NA	0-625	1
KF420131	NA-NA	NA	NA-NA	NA	0-652	1
KF420130	NA-NA	NA	NA-NA	NA	0-673	1
KF420129	NA-NA	NA	NA-NA	NA	0-648	1
JX083977	NA-NA	NA	NA-NA	NA	0-426	1
JX083976	NA-NA	NA	NA-NA	NA	0-426	1
JX083975	NA-NA	NA	NA-NA	NA	0-426	1
JX083974	NA-NA	NA	NA-NA	NA	0-426	1
JX083973	NA-NA	NA	NA-NA	NA	0-426	1
JX083972	NA-NA	NA	NA-NA	NA	0-426	1
JX083971	NA-NA	NA	NA-NA	NA	0-426	1
JX083970	NA-NA	NA	NA-NA	NA	0-426	1
KC999716	NA-NA	NA	0-321	1	NA-NA	NA
KC999715	NA-NA	NA	0-321	1	NA-NA	NA
KC999714	NA-NA	NA	0-321	1	NA-NA	NA
KC999713	NA-NA	NA	0-321	1	NA-NA	NA
KC999712	NA-NA	NA	0-321	1	NA-NA	NA
KC999711	NA-NA	NA	0-321	1	NA-NA	NA
KC999710	NA-NA	NA	0-321	1	NA-NA	NA
KC999709	NA-NA	NA	0-321	1	NA-NA	NA
KC999708	NA-NA	NA	0-321	1	NA-NA	NA
KC999707	NA-NA	NA	0-234	1	NA-NA	NA
KC999706	NA-NA	NA	0-276	1	NA-NA	NA
KC999705	NA-NA	NA	0-321	1	NA-NA	NA
KC999704	NA-NA	NA	0-321	1	NA-NA	NA
KC999703	NA-NA	NA	0-321	1	NA-NA	NA
KC999702	NA-NA	NA	0-321	1	NA-NA	NA
KC999701	NA-NA	NA	0-321	1	NA-NA	NA
KC999700	NA-NA	NA	0-321	1	NA-NA	NA
KC999699	NA-NA	NA	0-321	1	NA-NA	NA
KC999698	NA-NA	NA	0-321	1	NA-NA	NA
KC999697	NA-NA	NA	0-321	1	NA-NA	NA
KC999696	NA-NA	NA	0-321	1	NA-NA	NA
KC999695	NA-NA	NA	0-321	1	NA-NA	NA
KC999694	NA-NA	NA	0-321	1	NA-NA	NA
KC999693	NA-NA	NA	0-321	1	NA-NA	NA
KC999692	NA-NA	NA	0-321	1	NA-NA	NA
KC999691	NA-NA	NA	0-321	1	NA-NA	NA
KC999690	NA-NA	NA	0-321	1	NA-NA	NA
JX878484	NA-NA	NA	0-370	1	NA-NA	NA
JX878483	NA-NA	NA	0-370	1	NA-NA	NA
JX878482	NA-NA	NA	0-370	1	NA-NA	NA
JX878481	NA-NA	NA	0-370	1	NA-NA	NA
JX878480	NA-NA	NA	0-370	1	NA-NA	NA
JX878479	NA-NA	NA	0-370	1	NA-NA	NA
KF499111	29-2774	1	2716-4261	1	4253-6698	1
KC692437	NA-NA	NA	0-323	1	NA-NA	NA
KC692436	NA-NA	NA	0-323	1	NA-NA	NA
KC692435	NA-NA	NA	0-326	1	NA-NA	NA
KC692434	NA-NA	NA	0-326	1	NA-NA	NA
KC692433	NA-NA	NA	0-326	1	NA-NA	NA
KC692432	NA-NA	NA	0-326	1	NA-NA	NA
KC692431	NA-NA	NA	0-326	1	NA-NA	NA
KF157967	0-1707	1	1646-3194	1	3006-5538	1
KF156808	NA-NA	NA	NA-NA	NA	0-438	1
KF156807	NA-NA	NA	NA-NA	NA	0-438	1
KF156806	NA-NA	NA	NA-NA	NA	0-435	1
KF156805	NA-NA	NA	NA-NA	NA	0-450	1
KF156804	NA-NA	NA	NA-NA	NA	0-402	1
KF233994	52-2590	1	2592-4164	1	4156-6427	1
KF512009	NA-NA	NA	NA-NA	NA	0-390	1
AB829252	14-2378	1	2314-3850	1	3842-6080	1
AB823732	14-2378	1	2314-3850	1	3842-6113	1
AB823731	14-2378	1	2314-3850	1	3842-6113	1
KF155291	NA-NA	NA	0-759	1	751-1407	1
KF155290	NA-NA	NA	0-759	1	751-1407	1
KF155289	NA-NA	NA	0-759	1	751-1407	1
KF155288	NA-NA	NA	0-759	1	751-1407	1
JQ673585	NA-NA	NA	0-433	1	NA-NA	NA
JQ673584	NA-NA	NA	0-433	1	NA-NA	NA
JQ673583	NA-NA	NA	0-409	1	NA-NA	NA
JQ673582	NA-NA	NA	0-409	1	NA-NA	NA
JQ673581	NA-NA	NA	0-409	1	NA-NA	NA
JQ673580	NA-NA	NA	0-409	1	NA-NA	NA
JQ673579	NA-NA	NA	0-409	1	NA-NA	NA
JQ673578	NA-NA	NA	0-409	1	NA-NA	NA
JQ673577	NA-NA	NA	0-409	1	NA-NA	NA
JQ673576	NA-NA	NA	0-409	1	NA-NA	NA
JQ673575	NA-NA	NA	0-409	1	NA-NA	NA
KC470089	NA-NA	NA	NA-NA	NA	0-627	1
KC470088	NA-NA	NA	NA-NA	NA	0-627	1
KC470087	NA-NA	NA	NA-NA	NA	0-627	1
KC470086	NA-NA	NA	NA-NA	NA	0-627	1
KC896126	NA-NA	NA	NA-NA	NA	0-450	1
KC896125	NA-NA	NA	NA-NA	NA	0-450	1
KC896124	NA-NA	NA	NA-NA	NA	0-447	1
KC896123	NA-NA	NA	NA-NA	NA	0-450	1
KC896122	NA-NA	NA	NA-NA	NA	0-450	1
KC896121	NA-NA	NA	NA-NA	NA	0-447	1
KC896120	NA-NA	NA	NA-NA	NA	0-450	1
KC896119	NA-NA	NA	NA-NA	NA	0-447	1
KC896118	NA-NA	NA	NA-NA	NA	0-435	1
KC896117	NA-NA	NA	NA-NA	NA	0-447	1
KC896116	NA-NA	NA	NA-NA	NA	0-454	1
KC896115	NA-NA	NA	NA-NA	NA	0-450	1
KC896114	NA-NA	NA	NA-NA	NA	0-450	1
KC896113	NA-NA	NA	NA-NA	NA	0-447	1
KC896112	NA-NA	NA	NA-NA	NA	0-450	1
KC896111	NA-NA	NA	NA-NA	NA	0-450	1
KC896110	NA-NA	NA	NA-NA	NA	0-450	1
KC896109	NA-NA	NA	NA-NA	NA	0-450	1
KC896108	NA-NA	NA	NA-NA	NA	0-450	1
KC896107	NA-NA	NA	NA-NA	NA	0-450	1
KC896106	NA-NA	NA	NA-NA	NA	0-450	1
KC896105	NA-NA	NA	NA-NA	NA	0-450	1
KC896104	NA-NA	NA	NA-NA	NA	0-450	1
KC896103	NA-NA	NA	NA-NA	NA	0-372	1
KC896102	NA-NA	NA	NA-NA	NA	0-450	1
KC896101	NA-NA	NA	NA-NA	NA	0-450	1
KC896100	NA-NA	NA	NA-NA	NA	0-400	1
KC896099	NA-NA	NA	NA-NA	NA	0-450	1
KC896098	NA-NA	NA	NA-NA	NA	0-450	1
KC896097	NA-NA	NA	NA-NA	NA	0-447	1
KC896096	NA-NA	NA	NA-NA	NA	0-450	1
KC896095	NA-NA	NA	NA-NA	NA	0-450	1
KC896094	NA-NA	NA	NA-NA	NA	0-450	1
KC896093	NA-NA	NA	NA-NA	NA	0-447	1
KC896092	NA-NA	NA	NA-NA	NA	0-450	1
KC896091	NA-NA	NA	NA-NA	NA	0-450	1
KC896090	NA-NA	NA	NA-NA	NA	0-450	1
KC896089	NA-NA	NA	NA-NA	NA	0-450	1
KC896088	NA-NA	NA	NA-NA	NA	0-450	1
KC896087	NA-NA	NA	NA-NA	NA	0-450	1
KC896086	NA-NA	NA	NA-NA	NA	0-450	1
KC618325	NA-NA	NA	NA-NA	NA	0-2217	1
KC618324	NA-NA	NA	NA-NA	NA	0-2217	1
KC618323	NA-NA	NA	NA-NA	NA	0-2217	1
KC811069	NA-NA	NA	NA-NA	NA	0-215	1
KC811068	NA-NA	NA	NA-NA	NA	1-328	1
KC811067	NA-NA	NA	NA-NA	NA	1-223	1
KC609001	0-1353	1	1349-2801	1	2787-5250	1
KC865608	NA-NA	NA	1-571	1	NA-NA	NA
KC855215	NA-NA	NA	2-552	1	NA-NA	NA
KC855214	NA-NA	NA	2-609	1	NA-NA	NA
KC878875	NA-NA	NA	1-332	1	NA-NA	NA
KC692365	1-2542	1	2553-4074	1	4063-6361	1
KC223582	NA-NA	NA	NA-NA	NA	0-348	1
JX087965	NA-NA	NA	0-591	1	583-2947	1
JX083291	NA-NA	NA	0-445	1	NA-NA	NA
JX083290	NA-NA	NA	0-445	1	NA-NA	NA
KC633180	NA-NA	NA	0-600	1	NA-NA	NA
KC633179	NA-NA	NA	0-600	1	NA-NA	NA
KC633178	NA-NA	NA	0-600	1	NA-NA	NA
JX863711	NA-NA	NA	2-384	1	NA-NA	NA
JX863710	NA-NA	NA	2-378	1	NA-NA	NA
JX863709	NA-NA	NA	1-376	1	NA-NA	NA
JX863708	NA-NA	NA	2-378	1	NA-NA	NA
JX863707	NA-NA	NA	0-382	1	NA-NA	NA
JX863706	NA-NA	NA	2-373	1	NA-NA	NA
JX863705	NA-NA	NA	1-386	1	NA-NA	NA
JX863704	NA-NA	NA	1-380	1	NA-NA	NA
JQ812611	NA-NA	NA	0-744	1	771-2991	1
AB757799	1-2706	1	NA-NA	NA	NA-NA	NA
AB757798	1-2724	1	NA-NA	NA	NA-NA	NA
AB757797	1-2706	1	NA-NA	NA	NA-NA	NA
AB757796	1-2733	1	NA-NA	NA	NA-NA	NA
AB757795	1-2703	1	NA-NA	NA	NA-NA	NA
AB757794	1-2727	1	NA-NA	NA	NA-NA	NA
JQ696856	NA-NA	NA	2-293	1	285-799	1
JQ696855	NA-NA	NA	2-293	1	285-799	1
JQ696854	NA-NA	NA	2-293	1	285-799	1
JQ696853	NA-NA	NA	2-299	1	291-799	1
JQ696852	NA-NA	NA	2-299	1	291-799	1
JQ696851	NA-NA	NA	2-299	1	291-799	1
JQ696850	NA-NA	NA	2-299	1	291-799	1
JQ696849	NA-NA	NA	2-299	1	291-799	1
JQ696848	NA-NA	NA	2-299	1	291-799	1
JQ696847	NA-NA	NA	2-299	1	291-799	1
JQ696846	NA-NA	NA	2-299	1	291-799	1
JQ696845	NA-NA	NA	2-299	1	291-799	1
JQ696844	NA-NA	NA	2-299	1	291-799	1
JQ696843	NA-NA	NA	2-299	1	291-799	1
JQ696842	NA-NA	NA	2-299	1	291-799	1
JQ696841	NA-NA	NA	2-299	1	291-799	1
JQ696840	NA-NA	NA	2-299	1	291-799	1
JQ696839	NA-NA	NA	2-299	1	291-799	1
JQ696838	NA-NA	NA	2-299	1	291-799	1
JQ696837	NA-NA	NA	2-299	1	291-799	1
JQ696836	NA-NA	NA	2-299	1	291-799	1
JQ696835	NA-NA	NA	2-299	1	291-799	1
JQ696834	NA-NA	NA	2-299	1	291-799	1
JQ696833	NA-NA	NA	2-299	1	291-799	1
JQ696832	NA-NA	NA	2-299	1	291-799	1
JQ696831	NA-NA	NA	2-299	1	291-799	1
JQ408747	NA-NA	NA	1-376	1	NA-NA	NA
JQ408746	NA-NA	NA	1-376	1	NA-NA	NA
JQ408745	NA-NA	NA	1-727	1	719-3173	1
JQ408744	NA-NA	NA	1-376	1	NA-NA	NA
JQ408743	NA-NA	NA	1-376	1	NA-NA	NA
JQ408742	NA-NA	NA	1-376	1	NA-NA	NA
JQ408741	NA-NA	NA	1-376	1	NA-NA	NA
JQ408740	NA-NA	NA	1-376	1	NA-NA	NA
JQ408739	NA-NA	NA	1-376	1	NA-NA	NA
JX561090	2-302	1	NA-NA	NA	NA-NA	NA
JX561089	2-302	1	NA-NA	NA	NA-NA	NA
JX561088	2-302	1	NA-NA	NA	NA-NA	NA
JX561087	2-302	1	NA-NA	NA	NA-NA	NA
JX561086	2-302	1	NA-NA	NA	NA-NA	NA
JX561085	2-302	1	NA-NA	NA	NA-NA	NA
JX561084	2-302	1	NA-NA	NA	NA-NA	NA
JX561083	2-302	1	NA-NA	NA	NA-NA	NA
JX561082	2-302	1	NA-NA	NA	NA-NA	NA
JX561081	2-302	1	NA-NA	NA	NA-NA	NA
JX561080	2-302	1	NA-NA	NA	NA-NA	NA
JX561079	2-302	1	NA-NA	NA	NA-NA	NA
JX561078	2-302	1	NA-NA	NA	NA-NA	NA
JX561077	2-302	1	NA-NA	NA	NA-NA	NA
JX561076	2-302	1	NA-NA	NA	NA-NA	NA
JX561075	2-302	1	NA-NA	NA	NA-NA	NA
JX561074	2-302	1	NA-NA	NA	NA-NA	NA
JX561073	2-302	1	NA-NA	NA	NA-NA	NA
JX561072	2-302	1	NA-NA	NA	NA-NA	NA
JX561071	2-302	1	NA-NA	NA	NA-NA	NA
JX561070	2-302	1	NA-NA	NA	NA-NA	NA
JX561069	2-302	1	NA-NA	NA	NA-NA	NA
JX561068	2-302	1	NA-NA	NA	NA-NA	NA
JX561067	2-302	1	NA-NA	NA	NA-NA	NA
JX561066	2-302	1	NA-NA	NA	NA-NA	NA
JX561065	2-302	1	NA-NA	NA	NA-NA	NA
JX561064	2-302	1	NA-NA	NA	NA-NA	NA
JX561063	2-302	1	NA-NA	NA	NA-NA	NA
JX561062	2-302	1	NA-NA	NA	NA-NA	NA
JX561061	2-302	1	NA-NA	NA	NA-NA	NA
JX561060	1-301	1	NA-NA	NA	NA-NA	NA
JX561059	2-302	1	NA-NA	NA	NA-NA	NA
JX561058	2-302	1	NA-NA	NA	NA-NA	NA
JX561057	2-302	1	NA-NA	NA	NA-NA	NA
JX561056	2-302	1	NA-NA	NA	NA-NA	NA
JX561055	2-302	1	NA-NA	NA	NA-NA	NA
JX561054	2-302	1	NA-NA	NA	NA-NA	NA
JX561053	2-302	1	NA-NA	NA	NA-NA	NA
JX561052	2-302	1	NA-NA	NA	NA-NA	NA
JX561051	2-302	1	NA-NA	NA	NA-NA	NA
JX561050	2-302	1	NA-NA	NA	NA-NA	NA
JX561049	2-302	1	NA-NA	NA	NA-NA	NA
JX561048	2-302	1	NA-NA	NA	NA-NA	NA
JX561047	2-302	1	NA-NA	NA	NA-NA	NA
JX561046	2-302	1	NA-NA	NA	NA-NA	NA
JX561045	2-302	1	NA-NA	NA	NA-NA	NA
JX561044	2-302	1	NA-NA	NA	NA-NA	NA
JX561043	2-302	1	NA-NA	NA	NA-NA	NA
JX561042	2-302	1	NA-NA	NA	NA-NA	NA
JX561041	2-302	1	NA-NA	NA	NA-NA	NA
JX561040	2-302	1	NA-NA	NA	NA-NA	NA
JX561039	2-302	1	NA-NA	NA	NA-NA	NA
JX561038	2-302	1	NA-NA	NA	NA-NA	NA
JX561037	2-302	1	NA-NA	NA	NA-NA	NA
JX561036	2-302	1	NA-NA	NA	NA-NA	NA
AB607963	1-246	1	NA-NA	NA	NA-NA	NA
AB607962	1-246	1	NA-NA	NA	NA-NA	NA
AB607961	1-246	1	NA-NA	NA	NA-NA	NA
AB607960	1-246	1	NA-NA	NA	NA-NA	NA
AB616688	NA-NA	NA	2-80	1	72-678	1
AB616687	NA-NA	NA	2-80	1	72-678	1
AB616686	NA-NA	NA	2-80	1	72-678	1
AB616685	NA-NA	NA	2-80	1	72-678	1
AB551388	1-246	1	NA-NA	NA	NA-NA	NA
AB551387	1-246	1	NA-NA	NA	NA-NA	NA
AB551386	1-246	1	NA-NA	NA	NA-NA	NA
AB551385	1-246	1	NA-NA	NA	NA-NA	NA
AB551384	1-246	1	NA-NA	NA	NA-NA	NA
AB551383	1-246	1	NA-NA	NA	NA-NA	NA
AB551382	1-246	1	NA-NA	NA	NA-NA	NA
AB551381	1-246	1	NA-NA	NA	NA-NA	NA
AB551380	NA-NA	NA	NA-NA	NA	0-678	1
AB551379	NA-NA	NA	NA-NA	NA	0-678	1
AB551378	NA-NA	NA	NA-NA	NA	1-682	1
AB551377	NA-NA	NA	NA-NA	NA	0-678	1
AB551376	NA-NA	NA	NA-NA	NA	1-659	1
AB551375	NA-NA	NA	NA-NA	NA	1-409	1
AB551374	NA-NA	NA	NA-NA	NA	1-409	1
AB551373	NA-NA	NA	NA-NA	NA	1-409	1
AB551372	NA-NA	NA	NA-NA	NA	1-406	1
AB551371	NA-NA	NA	NA-NA	NA	1-409	1
AB548405	NA-NA	NA	NA-NA	NA	1-409	1
AB548404	NA-NA	NA	NA-NA	NA	1-409	1
AB548403	NA-NA	NA	NA-NA	NA	1-409	1
AB548402	NA-NA	NA	NA-NA	NA	1-409	1
AB548401	NA-NA	NA	NA-NA	NA	1-409	1
AB548400	NA-NA	NA	NA-NA	NA	1-409	1
AB540662	NA-NA	NA	NA-NA	NA	1-409	1
AB518708	NA-NA	NA	NA-NA	NA	0-678	1
AB518707	NA-NA	NA	NA-NA	NA	0-678	1
KC342249	84-4374	1	NA-NA	NA	4366-6730	1
JX519282	NA-NA	NA	0-384	1	NA-NA	NA
JX519281	NA-NA	NA	0-384	1	NA-NA	NA
JX519280	NA-NA	NA	0-378	1	NA-NA	NA
JX519279	NA-NA	NA	0-384	1	NA-NA	NA
JX519278	NA-NA	NA	0-384	1	NA-NA	NA
JX519277	NA-NA	NA	0-369	1	NA-NA	NA
JX519276	NA-NA	NA	0-369	1	NA-NA	NA
JX519275	NA-NA	NA	0-378	1	NA-NA	NA
JX519274	NA-NA	NA	0-384	1	NA-NA	NA
JX519273	NA-NA	NA	0-384	1	NA-NA	NA
JX519272	NA-NA	NA	0-384	1	NA-NA	NA
JX519271	NA-NA	NA	0-384	1	NA-NA	NA
JX519270	NA-NA	NA	0-378	1	NA-NA	NA
JX519269	NA-NA	NA	0-378	1	NA-NA	NA
JX519268	NA-NA	NA	0-378	1	NA-NA	NA
JX232624	NA-NA	NA	0-410	1	NA-NA	NA
JN887820	0-2763	1	2702-4250	1	4242-6606	1
JX556693	100-2719	1	2682-4191	1	4036-6382	1
JX556692	21-2652	1	2588-4097	1	4089-6567	1
JX556690	47-2522	1	2473-3985	1	3929-6230	1
JX684072	NA-NA	NA	0-201	1	184-2392	1
JX684071	NA-NA	NA	0-39	1	31-2611	1
JX556691	30-2565	1	2522-4091	1	3894-6348	1
JF327667	2-83	1	22-1570	1	NA-NA	NA
JX083289	NA-NA	NA	0-783	1	775-1182	1
JX083288	NA-NA	NA	0-828	1	817-1396	1
JX083287	NA-NA	NA	NA-NA	NA	0-341	1
JX083286	NA-NA	NA	NA-NA	NA	0-341	1
JX083285	NA-NA	NA	NA-NA	NA	0-341	1
JX083284	NA-NA	NA	NA-NA	NA	0-341	1
JX083283	NA-NA	NA	NA-NA	NA	0-341	1
JX083282	NA-NA	NA	NA-NA	NA	0-341	1
JX083281	NA-NA	NA	NA-NA	NA	0-341	1
JX083280	NA-NA	NA	NA-NA	NA	0-341	1
JX083279	NA-NA	NA	NA-NA	NA	0-341	1
JX083278	NA-NA	NA	NA-NA	NA	0-341	1
JX083277	NA-NA	NA	NA-NA	NA	0-341	1
JX083276	NA-NA	NA	NA-NA	NA	0-341	1
JX083275	NA-NA	NA	NA-NA	NA	0-341	1
JX083274	NA-NA	NA	NA-NA	NA	0-341	1
JX083273	NA-NA	NA	NA-NA	NA	0-341	1
JX083272	NA-NA	NA	NA-NA	NA	0-341	1
JX083271	NA-NA	NA	NA-NA	NA	0-341	1
JX083270	NA-NA	NA	NA-NA	NA	0-341	1
JX083269	NA-NA	NA	NA-NA	NA	0-341	1
JX083268	NA-NA	NA	NA-NA	NA	0-341	1
JX083267	NA-NA	NA	NA-NA	NA	0-341	1
JX083266	NA-NA	NA	NA-NA	NA	0-341	1
JX083265	NA-NA	NA	NA-NA	NA	0-341	1
JX083264	NA-NA	NA	NA-NA	NA	0-341	1
JX083263	NA-NA	NA	NA-NA	NA	0-341	1
JX083262	NA-NA	NA	NA-NA	NA	0-341	1
JX083261	NA-NA	NA	NA-NA	NA	0-341	1
JX083260	NA-NA	NA	NA-NA	NA	0-341	1
JX083259	NA-NA	NA	NA-NA	NA	0-341	1
JX083258	NA-NA	NA	NA-NA	NA	0-341	1
JX083257	NA-NA	NA	NA-NA	NA	0-341	1
JX083256	NA-NA	NA	NA-NA	NA	0-341	1
JX083255	NA-NA	NA	NA-NA	NA	0-341	1
JX083254	NA-NA	NA	NA-NA	NA	0-341	1
JX083253	NA-NA	NA	NA-NA	NA	0-341	1
JX083252	NA-NA	NA	NA-NA	NA	0-341	1
JX083251	NA-NA	NA	NA-NA	NA	0-341	1
JX083250	NA-NA	NA	NA-NA	NA	0-341	1
JX083249	NA-NA	NA	NA-NA	NA	0-341	1
JX083248	NA-NA	NA	NA-NA	NA	0-341	1
JX083247	NA-NA	NA	NA-NA	NA	0-341	1
JX083246	NA-NA	NA	NA-NA	NA	0-341	1
JX083245	NA-NA	NA	NA-NA	NA	0-341	1
JX083244	NA-NA	NA	NA-NA	NA	0-341	1
JX083243	NA-NA	NA	NA-NA	NA	0-341	1
JX083242	NA-NA	NA	NA-NA	NA	0-341	1
JX083241	NA-NA	NA	NA-NA	NA	0-341	1
JX083240	NA-NA	NA	NA-NA	NA	0-341	1
JX083239	NA-NA	NA	NA-NA	NA	0-341	1
JQ946070	NA-NA	NA	0-365	1	NA-NA	NA
JQ692622	NA-NA	NA	0-854	1	NA-NA	NA
JQ692621	NA-NA	NA	0-854	1	NA-NA	NA
JQ692620	NA-NA	NA	0-854	1	NA-NA	NA
JQ692619	NA-NA	NA	0-256	1	NA-NA	NA
JQ692618	NA-NA	NA	0-256	1	NA-NA	NA
JQ692617	NA-NA	NA	0-256	1	NA-NA	NA
JQ692616	NA-NA	NA	0-256	1	NA-NA	NA
JQ692615	NA-NA	NA	0-256	1	NA-NA	NA
JQ692614	NA-NA	NA	0-256	1	NA-NA	NA
JQ692613	NA-NA	NA	0-256	1	NA-NA	NA
JQ692612	NA-NA	NA	0-256	1	NA-NA	NA
JQ692611	NA-NA	NA	0-256	1	NA-NA	NA
JQ692610	NA-NA	NA	0-256	1	NA-NA	NA
JQ307847	NA-NA	NA	NA-NA	NA	0-798	1
JQ307846	NA-NA	NA	NA-NA	NA	0-721	1
JX857870	14-2378	1	2314-3850	1	3842-6086	1
JX857869	40-2701	1	2643-4224	1	4213-6403	1
JX857868	36-2706	1	2567-4229	1	4218-6486	1
AB668582	NA-NA	NA	NA-NA	NA	1-366	1
AB646367	NA-NA	NA	0-606	1	NA-NA	NA
AB644411	0-151	1	NA-NA	NA	NA-NA	NA
AB644279	0-453	1	NA-NA	NA	NA-NA	NA
AB644278	1-367	1	NA-NA	NA	NA-NA	NA
AB644277	1-648	1	NA-NA	NA	NA-NA	NA
AB644276	0-497	1	NA-NA	NA	NA-NA	NA
AB643630	NA-NA	NA	NA-NA	NA	2-698	1
AB643629	NA-NA	NA	NA-NA	NA	1-680	1
AB643628	NA-NA	NA	NA-NA	NA	1-680	1
AB643627	NA-NA	NA	NA-NA	NA	2-696	1
AB643626	NA-NA	NA	NA-NA	NA	1-680	1
AB643625	NA-NA	NA	NA-NA	NA	1-680	1
AB643624	NA-NA	NA	NA-NA	NA	1-680	1
AB643623	NA-NA	NA	NA-NA	NA	1-680	1
AB643622	NA-NA	NA	NA-NA	NA	1-680	1
AB643621	NA-NA	NA	NA-NA	NA	1-680	1
AB643620	NA-NA	NA	NA-NA	NA	2-410	1
AB643619	NA-NA	NA	NA-NA	NA	2-410	1
AB643618	NA-NA	NA	NA-NA	NA	2-362	1
AB643617	NA-NA	NA	NA-NA	NA	2-362	1
AB643616	NA-NA	NA	NA-NA	NA	2-410	1
AB643615	NA-NA	NA	NA-NA	NA	2-410	1
AB643614	NA-NA	NA	NA-NA	NA	2-410	1
AB643613	NA-NA	NA	NA-NA	NA	2-410	1
AB643612	NA-NA	NA	NA-NA	NA	2-410	1
AB643611	NA-NA	NA	NA-NA	NA	2-410	1
AB643610	NA-NA	NA	NA-NA	NA	1-151	1
AB643609	NA-NA	NA	NA-NA	NA	1-151	1
AB643608	NA-NA	NA	NA-NA	NA	1-151	1
AB643607	NA-NA	NA	NA-NA	NA	1-151	1
AB643606	NA-NA	NA	NA-NA	NA	1-151	1
AB643605	NA-NA	NA	NA-NA	NA	1-172	1
AB643604	NA-NA	NA	NA-NA	NA	1-151	1
AB643603	NA-NA	NA	NA-NA	NA	1-151	1
AB643602	NA-NA	NA	NA-NA	NA	1-172	1
AB643601	NA-NA	NA	NA-NA	NA	1-151	1
AB643600	NA-NA	NA	NA-NA	NA	1-148	1
AB640836	NA-NA	NA	1-467	1	NA-NA	NA
AB640835	NA-NA	NA	1-467	1	NA-NA	NA
AB640834	NA-NA	NA	1-467	1	NA-NA	NA
AB640833	NA-NA	NA	1-467	1	NA-NA	NA
AB640832	NA-NA	NA	2-460	1	NA-NA	NA
AB640831	NA-NA	NA	1-467	1	NA-NA	NA
AB640830	NA-NA	NA	1-467	1	NA-NA	NA
AB640829	NA-NA	NA	1-467	1	NA-NA	NA
AB640828	NA-NA	NA	1-467	1	NA-NA	NA
AB640827	NA-NA	NA	1-467	1	NA-NA	NA
AB640826	NA-NA	NA	0-379	1	NA-NA	NA
AB640825	NA-NA	NA	0-380	1	NA-NA	NA
AB640824	NA-NA	NA	0-380	1	NA-NA	NA
AB640823	NA-NA	NA	0-380	1	NA-NA	NA
AB640822	NA-NA	NA	0-380	1	NA-NA	NA
AB640821	NA-NA	NA	0-380	1	NA-NA	NA
AB640820	NA-NA	NA	0-380	1	NA-NA	NA
AB640819	NA-NA	NA	0-380	1	NA-NA	NA
AB640818	NA-NA	NA	0-380	1	NA-NA	NA
AB640817	NA-NA	NA	0-380	1	NA-NA	NA
AB640816	0-453	1	NA-NA	NA	NA-NA	NA
AB640814	NA-NA	NA	0-606	1	NA-NA	NA
AB640813	NA-NA	NA	0-606	1	NA-NA	NA
AB640812	NA-NA	NA	2-605	1	NA-NA	NA
AB640811	NA-NA	NA	0-606	1	NA-NA	NA
AB640810	NA-NA	NA	0-606	1	NA-NA	NA
AB640809	NA-NA	NA	0-606	1	NA-NA	NA
AB640723	0-151	1	NA-NA	NA	NA-NA	NA
AB640722	0-152	1	NA-NA	NA	NA-NA	NA
AB640721	0-152	1	NA-NA	NA	NA-NA	NA
AB640720	0-152	1	NA-NA	NA	NA-NA	NA
AB640719	0-152	1	NA-NA	NA	NA-NA	NA
AB640718	0-152	1	NA-NA	NA	NA-NA	NA
AB640717	0-152	1	NA-NA	NA	NA-NA	NA
AB640716	0-152	1	NA-NA	NA	NA-NA	NA
AB640715	0-152	1	NA-NA	NA	NA-NA	NA
AB640714	1-367	1	NA-NA	NA	NA-NA	NA
AB640713	1-368	1	NA-NA	NA	NA-NA	NA
AB640712	1-367	1	NA-NA	NA	NA-NA	NA
AB640711	1-367	1	NA-NA	NA	NA-NA	NA
AB640710	1-367	1	NA-NA	NA	NA-NA	NA
AB640709	1-367	1	NA-NA	NA	NA-NA	NA
AB640708	1-367	1	NA-NA	NA	NA-NA	NA
AB640707	1-367	1	NA-NA	NA	NA-NA	NA
AB639829	0-453	1	NA-NA	NA	NA-NA	NA
AB639828	0-453	1	NA-NA	NA	NA-NA	NA
AB639827	0-453	1	NA-NA	NA	NA-NA	NA
AB639826	0-453	1	NA-NA	NA	NA-NA	NA
AB639825	0-453	1	NA-NA	NA	NA-NA	NA
AB639824	0-453	1	NA-NA	NA	NA-NA	NA
AB639823	0-453	1	NA-NA	NA	NA-NA	NA
AB639822	1-649	1	NA-NA	NA	NA-NA	NA
AB639821	1-648	1	NA-NA	NA	NA-NA	NA
AB639820	1-649	1	NA-NA	NA	NA-NA	NA
AB639819	1-649	1	NA-NA	NA	NA-NA	NA
AB639818	1-649	1	NA-NA	NA	NA-NA	NA
AB639817	1-649	1	NA-NA	NA	NA-NA	NA
AB639816	1-649	1	NA-NA	NA	NA-NA	NA
AB639815	1-649	1	NA-NA	NA	NA-NA	NA
AB639814	1-649	1	NA-NA	NA	NA-NA	NA
AB639813	1-649	1	NA-NA	NA	NA-NA	NA
AB639812	0-497	1	NA-NA	NA	NA-NA	NA
AB639811	0-497	1	NA-NA	NA	NA-NA	NA
AB639810	1-516	1	NA-NA	NA	NA-NA	NA
AB639809	0-497	1	NA-NA	NA	NA-NA	NA
AB639808	0-497	1	NA-NA	NA	NA-NA	NA
AB639807	0-497	1	NA-NA	NA	NA-NA	NA
AB639806	0-497	1	NA-NA	NA	NA-NA	NA
AB639805	0-497	1	NA-NA	NA	NA-NA	NA
AB638885	0-441	1	NA-NA	NA	NA-NA	NA
AB638884	0-441	1	NA-NA	NA	NA-NA	NA
AB638883	0-441	1	NA-NA	NA	NA-NA	NA
AB638882	0-441	1	NA-NA	NA	NA-NA	NA
AB638881	0-441	1	NA-NA	NA	NA-NA	NA
AB638880	0-441	1	NA-NA	NA	NA-NA	NA
AB638879	0-441	1	NA-NA	NA	NA-NA	NA
AB638878	1-364	1	NA-NA	NA	NA-NA	NA
AB638877	1-364	1	NA-NA	NA	NA-NA	NA
AB638876	1-364	1	NA-NA	NA	NA-NA	NA
AB638875	1-363	1	NA-NA	NA	NA-NA	NA
AB638874	1-364	1	NA-NA	NA	NA-NA	NA
AB638873	1-364	1	NA-NA	NA	NA-NA	NA
AB638872	1-364	1	NA-NA	NA	NA-NA	NA
AB638871	1-364	1	NA-NA	NA	NA-NA	NA
AB638870	1-364	1	NA-NA	NA	NA-NA	NA
AB638869	1-364	1	NA-NA	NA	NA-NA	NA
JX945882	NA-NA	NA	0-600	1	NA-NA	NA
JX945881	NA-NA	NA	0-600	1	NA-NA	NA
JX945880	NA-NA	NA	0-600	1	NA-NA	NA
JX945879	NA-NA	NA	0-600	1	NA-NA	NA
JX945878	NA-NA	NA	0-600	1	NA-NA	NA
JX945877	NA-NA	NA	0-600	1	NA-NA	NA
JX945876	NA-NA	NA	0-600	1	NA-NA	NA
JX945875	NA-NA	NA	0-600	1	NA-NA	NA
JX945874	NA-NA	NA	0-600	1	NA-NA	NA
JX945873	NA-NA	NA	0-600	1	NA-NA	NA
JX945872	NA-NA	NA	0-600	1	NA-NA	NA
JX945871	NA-NA	NA	0-600	1	NA-NA	NA
JX945870	NA-NA	NA	0-600	1	NA-NA	NA
JX945869	NA-NA	NA	0-600	1	NA-NA	NA
JX945868	NA-NA	NA	0-600	1	NA-NA	NA
JX945867	NA-NA	NA	NA-NA	NA	0-2217	1
JX945866	NA-NA	NA	NA-NA	NA	0-2217	1
JX945865	NA-NA	NA	NA-NA	NA	0-2217	1
JX945864	NA-NA	NA	NA-NA	NA	0-2217	1
JX945863	NA-NA	NA	NA-NA	NA	0-2217	1
JX945862	NA-NA	NA	NA-NA	NA	0-2217	1
JX945861	NA-NA	NA	NA-NA	NA	0-2217	1
JX945860	NA-NA	NA	NA-NA	NA	0-2217	1
JX945859	NA-NA	NA	NA-NA	NA	0-2217	1
JX945858	NA-NA	NA	NA-NA	NA	0-2217	1
JX945857	NA-NA	NA	NA-NA	NA	0-2217	1
JX945856	NA-NA	NA	NA-NA	NA	0-2217	1
JX945855	NA-NA	NA	NA-NA	NA	0-2217	1
JX945854	NA-NA	NA	NA-NA	NA	0-2217	1
JX945853	NA-NA	NA	NA-NA	NA	0-2217	1
FJ792842	NA-NA	NA	NA-NA	NA	0-2364	1
AB634860	NA-NA	NA	NA-NA	NA	1-334	1
AB634859	NA-NA	NA	0-407	1	NA-NA	NA
AB634858	NA-NA	NA	NA-NA	NA	1-294	1
AB634857	NA-NA	NA	NA-NA	NA	NA-NA	NA
AB634856	NA-NA	NA	NA-NA	NA	NA-NA	NA
AB518706	NA-NA	NA	NA-NA	NA	0-679	1
AB518705	NA-NA	NA	NA-NA	NA	2-410	1
AB518704	NA-NA	NA	NA-NA	NA	1-151	1
AB518703	NA-NA	NA	NA-NA	NA	NA-NA	NA
AB518702	NA-NA	NA	NA-NA	NA	NA-NA	NA
AB518701	1-367	1	NA-NA	NA	NA-NA	NA
AB518700	1-649	1	NA-NA	NA	NA-NA	NA
AB518699	0-441	1	NA-NA	NA	NA-NA	NA
AB518698	1-364	1	NA-NA	NA	NA-NA	NA
AB325804	0-2742	1	2742-4275	1	NA-NA	NA
AB308374	0-4296	1	NA-NA	NA	4288-6673	1
AB303403	NA-NA	NA	1-467	1	NA-NA	NA
AB303402	NA-NA	NA	0-380	1	NA-NA	NA
AB303401	NA-NA	NA	0-606	1	NA-NA	NA
AB303400	0-152	1	NA-NA	NA	NA-NA	NA
AB303399	1-346	1	NA-NA	NA	NA-NA	NA
AB303398	0-453	1	NA-NA	NA	NA-NA	NA
AB303397	1-649	1	NA-NA	NA	NA-NA	NA
AB303396	0-497	1	NA-NA	NA	NA-NA	NA
AB303395	0-441	1	NA-NA	NA	NA-NA	NA
AB303394	1-364	1	NA-NA	NA	NA-NA	NA
AB299405	NA-NA	NA	1-467	1	NA-NA	NA
AB299404	NA-NA	NA	0-380	1	NA-NA	NA
AB299403	NA-NA	NA	0-606	1	NA-NA	NA
AB299402	0-152	1	NA-NA	NA	NA-NA	NA
AB299401	1-367	1	NA-NA	NA	NA-NA	NA
AB299400	0-453	1	NA-NA	NA	NA-NA	NA
AB299399	1-649	1	NA-NA	NA	NA-NA	NA
AB299398	0-495	1	NA-NA	NA	NA-NA	NA
AB299397	0-441	1	NA-NA	NA	NA-NA	NA
AB299396	1-364	1	NA-NA	NA	NA-NA	NA
AB290149	NA-NA	NA	2-101	1	93-2478	1
AB327186	1-246	1	NA-NA	NA	NA-NA	NA
AB265678	NA-NA	NA	NA-NA	NA	1-475	1
AB264140	NA-NA	NA	2-79	1	72-644	1
AB264139	NA-NA	NA	NA-NA	NA	1-351	1
AB265679	NA-NA	NA	NA-NA	NA	0-435	1
AB264146	NA-NA	NA	NA-NA	NA	0-210	1
AB264145	NA-NA	NA	NA-NA	NA	0-210	1
AB264144	NA-NA	NA	NA-NA	NA	0-210	1
AB264143	NA-NA	NA	NA-NA	NA	0-675	1
AB264142	NA-NA	NA	NA-NA	NA	0-449	1
AB264141	NA-NA	NA	NA-NA	NA	0-190	1
AB243067	NA-NA	NA	0-275	1	NA-NA	NA
AB242160	NA-NA	NA	NA-NA	NA	0-449	1
AB242159	2-289	1	NA-NA	NA	NA-NA	NA
AB242158	2-289	1	NA-NA	NA	NA-NA	NA
AB241067	NA-NA	NA	NA-NA	NA	0-449	1
AB241066	NA-NA	NA	NA-NA	NA	0-449	1
AB241065	NA-NA	NA	NA-NA	NA	0-449	1
AB241064	NA-NA	NA	NA-NA	NA	0-449	1
AB037272	NA-NA	NA	NA-NA	NA	304-2635	1
AB031031	NA-NA	NA	NA-NA	NA	0-2337	1
AB031030	NA-NA	NA	NA-NA	NA	130-2467	1
AB013618	NA-NA	NA	NA-NA	NA	130-2467	1
JX439643	22-3745	1	3735-5286	1	5309-7505	1
JN705937	NA-NA	NA	0-266	1	NA-NA	NA
JX985730	NA-NA	NA	0-402	1	NA-NA	NA
JX985729	NA-NA	NA	0-399	1	NA-NA	NA
JX985728	NA-NA	NA	0-399	1	NA-NA	NA
JX985727	NA-NA	NA	0-396	1	NA-NA	NA
JX985726	NA-NA	NA	0-402	1	NA-NA	NA
JX985725	NA-NA	NA	0-402	1	NA-NA	NA
JX985724	NA-NA	NA	0-402	1	NA-NA	NA
JX985723	NA-NA	NA	0-399	1	NA-NA	NA
JX985722	NA-NA	NA	0-405	1	NA-NA	NA
JX985721	NA-NA	NA	0-396	1	NA-NA	NA
JX985720	NA-NA	NA	0-390	1	NA-NA	NA
JX985719	NA-NA	NA	0-396	1	NA-NA	NA
JX985718	NA-NA	NA	0-375	1	NA-NA	NA
JX985717	NA-NA	NA	0-399	1	NA-NA	NA
JX985716	NA-NA	NA	0-372	1	NA-NA	NA
JX985715	NA-NA	NA	0-372	1	NA-NA	NA
JX985714	NA-NA	NA	0-372	1	NA-NA	NA
JX985713	NA-NA	NA	0-399	1	NA-NA	NA
JX985712	NA-NA	NA	0-384	1	NA-NA	NA
JX985711	NA-NA	NA	0-390	1	NA-NA	NA
JX985710	NA-NA	NA	0-384	1	NA-NA	NA
JX985709	NA-NA	NA	0-390	1	NA-NA	NA
JX985708	NA-NA	NA	0-372	1	NA-NA	NA
JX985707	NA-NA	NA	0-405	1	NA-NA	NA
JX985706	NA-NA	NA	0-363	1	NA-NA	NA
JX985705	NA-NA	NA	0-384	1	NA-NA	NA
JX985704	NA-NA	NA	0-384	1	NA-NA	NA
JX985703	NA-NA	NA	0-366	1	NA-NA	NA
JX985702	NA-NA	NA	0-396	1	NA-NA	NA
JX985701	NA-NA	NA	0-375	1	NA-NA	NA
JX985700	NA-NA	NA	0-372	1	NA-NA	NA
JX985699	NA-NA	NA	0-399	1	NA-NA	NA
JX985698	NA-NA	NA	0-399	1	NA-NA	NA
JX985697	NA-NA	NA	0-390	1	NA-NA	NA
JX985696	NA-NA	NA	0-396	1	NA-NA	NA
JX985695	NA-NA	NA	0-363	1	NA-NA	NA
JX985694	NA-NA	NA	0-399	1	NA-NA	NA
JX985693	NA-NA	NA	0-411	1	NA-NA	NA
JX985692	NA-NA	NA	0-390	1	NA-NA	NA
JX985691	NA-NA	NA	0-393	1	NA-NA	NA
JX985690	NA-NA	NA	0-399	1	NA-NA	NA
JX985689	NA-NA	NA	0-360	1	NA-NA	NA
JX985688	NA-NA	NA	0-372	1	NA-NA	NA
JX985687	NA-NA	NA	0-375	1	NA-NA	NA
JX985686	NA-NA	NA	0-411	1	NA-NA	NA
JX985685	NA-NA	NA	0-357	1	NA-NA	NA
JX985684	NA-NA	NA	0-408	1	NA-NA	NA
JX985683	NA-NA	NA	0-399	1	NA-NA	NA
JX985682	NA-NA	NA	0-381	1	NA-NA	NA
JX985681	NA-NA	NA	0-345	1	NA-NA	NA
JX985680	NA-NA	NA	0-363	1	NA-NA	NA
JX985679	NA-NA	NA	0-396	1	NA-NA	NA
JX985678	NA-NA	NA	0-366	1	NA-NA	NA
JX985677	NA-NA	NA	0-390	1	NA-NA	NA
JX985676	NA-NA	NA	0-366	1	NA-NA	NA
JX985675	NA-NA	NA	0-360	1	NA-NA	NA
JX985674	NA-NA	NA	0-369	1	NA-NA	NA
JX985673	NA-NA	NA	0-396	1	NA-NA	NA
JX985672	NA-NA	NA	0-393	1	NA-NA	NA
JX985671	NA-NA	NA	0-399	1	NA-NA	NA
JX985670	NA-NA	NA	0-360	1	NA-NA	NA
JX985669	NA-NA	NA	0-402	1	NA-NA	NA
JX985668	NA-NA	NA	0-405	1	NA-NA	NA
JX985667	NA-NA	NA	0-402	1	NA-NA	NA
JX985666	NA-NA	NA	0-399	1	NA-NA	NA
JX985665	NA-NA	NA	0-405	1	NA-NA	NA
JX985664	NA-NA	NA	0-393	1	NA-NA	NA
JX985663	NA-NA	NA	0-405	1	NA-NA	NA
JX985662	NA-NA	NA	0-399	1	NA-NA	NA
JX985661	NA-NA	NA	0-402	1	NA-NA	NA
JX985660	NA-NA	NA	0-405	1	NA-NA	NA
JX985659	NA-NA	NA	0-402	1	NA-NA	NA
JX985658	NA-NA	NA	0-399	1	NA-NA	NA
JX985657	NA-NA	NA	0-399	1	NA-NA	NA
JX985656	NA-NA	NA	0-399	1	NA-NA	NA
JX985655	NA-NA	NA	0-399	1	NA-NA	NA
JX985654	NA-NA	NA	0-402	1	NA-NA	NA
JX985653	NA-NA	NA	0-396	1	NA-NA	NA
JX985652	NA-NA	NA	NA-NA	NA	0-2043	1
JX985651	NA-NA	NA	NA-NA	NA	0-2043	1
JX985650	NA-NA	NA	NA-NA	NA	0-2049	1
JX985649	NA-NA	NA	NA-NA	NA	0-1941	1
JX985648	NA-NA	NA	NA-NA	NA	0-2031	1
JX985647	NA-NA	NA	NA-NA	NA	0-2031	1
GQ914773	19-4210	1	NA-NA	NA	4202-6530	1
JX179278	NA-NA	NA	1-390	1	NA-NA	NA
Y15936	10-3310	1	3300-4839	1	4857-6873	1
JX087964	NA-NA	NA	0-759	1	751-3151	1
JX087963	NA-NA	NA	0-735	1	727-3127	1
JX544746	NA-NA	NA	NA-NA	NA	28-2485	1
JX544745	NA-NA	NA	NA-NA	NA	28-2479	1
JX544744	46-2818	1	2760-4266	1	4258-6715	1
JX544743	46-2830	1	2772-4278	1	4270-6727	1
JQ898337	NA-NA	NA	0-774	1	NA-NA	NA
HQ268793	NA-NA	NA	NA-NA	NA	0-200	1
HQ268792	NA-NA	NA	NA-NA	NA	0-164	1
HQ268791	NA-NA	NA	NA-NA	NA	0-166	1
FJ434664	22-3745	1	3735-5286	1	5309-7505	1
EU143851	20-3386	1	3370-4924	1	4951-7117	1
EU143850	20-3401	1	3385-4939	1	4966-7138	1
EU143849	20-3401	1	3385-4939	1	4966-7138	1
EU143848	20-3401	1	3385-4939	1	4966-7144	1
EU143847	20-3401	1	3385-4939	1	4966-7144	1
EU143846	20-3398	1	3382-4936	1	4954-7135	1
EU143845	20-3398	1	3382-4936	1	4954-7135	1
EU143844	20-3398	1	3382-4936	1	4963-7135	1
EU143843	20-3398	1	3382-4936	1	4963-7141	1
AF206663	20-3398	1	3352-4936	1	4954-7129	1
JF729316	12-3216	1	3167-4700	1	4692-7251	1
GQ502193	42-2706	1	2642-4229	1	4218-6414	1
JQ814871	NA-NA	NA	0-387	1	NA-NA	NA
JQ814870	NA-NA	NA	0-387	1	NA-NA	NA
JQ814869	NA-NA	NA	0-384	1	NA-NA	NA
JQ814868	NA-NA	NA	0-389	1	NA-NA	NA
JQ814867	NA-NA	NA	0-302	1	NA-NA	NA
JQ814866	NA-NA	NA	0-370	1	NA-NA	NA
JQ814865	NA-NA	NA	0-387	1	NA-NA	NA
JQ814864	NA-NA	NA	0-387	1	NA-NA	NA
JQ814863	NA-NA	NA	0-387	1	NA-NA	NA
JQ814862	NA-NA	NA	0-387	1	NA-NA	NA
JQ814861	NA-NA	NA	0-387	1	NA-NA	NA
JQ814860	NA-NA	NA	0-387	1	NA-NA	NA
JQ814859	NA-NA	NA	0-387	1	NA-NA	NA
JQ814858	NA-NA	NA	0-387	1	NA-NA	NA
JQ814857	NA-NA	NA	0-387	1	NA-NA	NA
JQ814856	NA-NA	NA	0-387	1	NA-NA	NA
JQ898573	NA-NA	NA	NA-NA	NA	0-626	1
JQ898572	NA-NA	NA	NA-NA	NA	0-626	1
JQ898571	NA-NA	NA	NA-NA	NA	0-626	1
JQ898570	NA-NA	NA	NA-NA	NA	0-626	1
JQ898569	NA-NA	NA	NA-NA	NA	0-626	1
JQ898568	NA-NA	NA	NA-NA	NA	0-626	1
JQ898567	NA-NA	NA	NA-NA	NA	0-626	1
JX232627	NA-NA	NA	0-410	1	NA-NA	NA
JX232626	NA-NA	NA	0-410	1	NA-NA	NA
JX232625	NA-NA	NA	0-410	1	NA-NA	NA
JX171290	NA-NA	NA	2-217	1	NA-NA	NA
JX171289	NA-NA	NA	2-217	1	NA-NA	NA
JX171288	NA-NA	NA	2-217	1	NA-NA	NA
JX171287	NA-NA	NA	2-217	1	NA-NA	NA
JX171286	NA-NA	NA	2-217	1	NA-NA	NA
JX171285	NA-NA	NA	2-217	1	NA-NA	NA
JX171284	NA-NA	NA	2-217	1	NA-NA	NA
JX171283	NA-NA	NA	2-217	1	NA-NA	NA
JX171282	NA-NA	NA	2-217	1	NA-NA	NA
JX171281	NA-NA	NA	2-217	1	NA-NA	NA
JQ307845	NA-NA	NA	0-846	1	873-3078	1
JQ307844	NA-NA	NA	0-846	1	873-3078	1
JQ307843	NA-NA	NA	0-846	1	873-3078	1
JQ307842	NA-NA	NA	0-846	1	873-3081	1
JQ307841	NA-NA	NA	0-846	1	873-3081	1
JQ307840	NA-NA	NA	0-846	1	873-3087	1
JQ307839	NA-NA	NA	0-846	1	873-3090	1
JQ307838	NA-NA	NA	0-846	1	873-3093	1
JQ307837	NA-NA	NA	0-846	1	873-3081	1
JQ307836	NA-NA	NA	0-846	1	873-3093	1
JQ307835	NA-NA	NA	0-846	1	873-3081	1
JQ307834	NA-NA	NA	0-846	1	873-3078	1
JQ307833	NA-NA	NA	0-846	1	873-3075	1
JQ307832	NA-NA	NA	1-847	1	874-3079	1
JQ307831	NA-NA	NA	0-846	1	873-3093	1
JQ307830	NA-NA	NA	0-846	1	873-3081	1
JN985815	NA-NA	NA	2-248	1	275-2483	1
JF803961	NA-NA	NA	NA-NA	NA	0-449	1
JF803960	NA-NA	NA	NA-NA	NA	0-449	1
FJ959040	0-407	1	NA-NA	NA	NA-NA	NA
FJ959039	0-407	1	NA-NA	NA	NA-NA	NA
FJ959038	0-407	1	NA-NA	NA	NA-NA	NA
FJ959037	0-407	1	NA-NA	NA	NA-NA	NA
FJ959036	0-407	1	NA-NA	NA	NA-NA	NA
FJ959035	0-407	1	NA-NA	NA	NA-NA	NA
FJ959034	0-407	1	NA-NA	NA	NA-NA	NA
FJ959033	0-407	1	NA-NA	NA	NA-NA	NA
FJ959032	0-407	1	NA-NA	NA	NA-NA	NA
FJ940720	0-407	1	NA-NA	NA	NA-NA	NA
JF832365	16-3442	1	3432-4986	1	5010-6945	1
JQ796916	NA-NA	NA	NA-NA	NA	0-407	1
JQ796915	NA-NA	NA	NA-NA	NA	0-428	1
JQ796914	NA-NA	NA	NA-NA	NA	0-410	1
JQ796913	NA-NA	NA	NA-NA	NA	0-425	1
JQ796912	NA-NA	NA	NA-NA	NA	0-296	1
JQ796911	NA-NA	NA	NA-NA	NA	0-414	1
JQ796910	NA-NA	NA	NA-NA	NA	0-426	1
JQ796909	NA-NA	NA	NA-NA	NA	0-330	1
JQ796908	NA-NA	NA	NA-NA	NA	0-280	1
JQ796907	NA-NA	NA	NA-NA	NA	0-422	1
JQ796906	NA-NA	NA	NA-NA	NA	0-426	1
JQ796905	NA-NA	NA	NA-NA	NA	0-340	1
JQ796904	NA-NA	NA	NA-NA	NA	0-206	1
JQ796903	NA-NA	NA	NA-NA	NA	0-308	1
JQ796902	NA-NA	NA	NA-NA	NA	0-401	1
JQ796901	NA-NA	NA	NA-NA	NA	0-427	1
JQ796900	NA-NA	NA	NA-NA	NA	0-436	1
JQ796899	NA-NA	NA	NA-NA	NA	0-263	1
JQ796898	NA-NA	NA	NA-NA	NA	0-376	1
JQ796897	NA-NA	NA	NA-NA	NA	0-428	1
JQ796896	NA-NA	NA	NA-NA	NA	0-435	1
JQ796895	NA-NA	NA	NA-NA	NA	0-436	1
JQ796894	NA-NA	NA	NA-NA	NA	0-410	1
JQ796893	NA-NA	NA	NA-NA	NA	0-424	1
JQ796892	NA-NA	NA	NA-NA	NA	0-425	1
JQ796891	NA-NA	NA	NA-NA	NA	0-437	1
JQ796890	NA-NA	NA	NA-NA	NA	0-427	1
JQ796889	NA-NA	NA	NA-NA	NA	0-303	1
JQ796888	NA-NA	NA	NA-NA	NA	0-426	1
JQ796887	NA-NA	NA	NA-NA	NA	0-407	1
JQ796886	NA-NA	NA	NA-NA	NA	0-370	1
JN582328	NA-NA	NA	1-685	1	709-2926	1
JN582327	NA-NA	NA	1-685	1	709-2926	1
JN582326	NA-NA	NA	NA-NA	NA	0-2163	1
JN582325	NA-NA	NA	NA-NA	NA	0-2163	1
JN582324	NA-NA	NA	NA-NA	NA	0-2163	1
JN582323	NA-NA	NA	NA-NA	NA	0-2163	1
JN582322	NA-NA	NA	NA-NA	NA	0-2160	1
JN582321	NA-NA	NA	NA-NA	NA	0-2160	1
JN582320	NA-NA	NA	NA-NA	NA	0-2160	1
JN582319	NA-NA	NA	NA-NA	NA	0-2160	1
JN582318	NA-NA	NA	NA-NA	NA	20-2174	1
JN582317	NA-NA	NA	NA-NA	NA	0-2151	1
JN582316	NA-NA	NA	NA-NA	NA	0-2229	1
JN582315	NA-NA	NA	NA-NA	NA	0-2229	1
JN582314	NA-NA	NA	NA-NA	NA	0-2229	1
JN582313	NA-NA	NA	NA-NA	NA	0-2229	1
JN582312	NA-NA	NA	NA-NA	NA	0-2229	1
JN582311	NA-NA	NA	NA-NA	NA	0-2214	1
JN582310	NA-NA	NA	NA-NA	NA	0-2214	1
JN582309	NA-NA	NA	NA-NA	NA	0-2214	1
JN582308	NA-NA	NA	NA-NA	NA	0-2214	1
JN582307	NA-NA	NA	NA-NA	NA	0-2214	1
JN582306	NA-NA	NA	NA-NA	NA	0-2214	1
JN582305	NA-NA	NA	NA-NA	NA	0-2214	1
JQ340310	103-2662	1	2541-4110	1	4102-6640	1
JN871268	NA-NA	NA	NA-NA	NA	0-449	1
JN871267	NA-NA	NA	NA-NA	NA	0-449	1
JN871266	NA-NA	NA	NA-NA	NA	0-449	1
JN871265	NA-NA	NA	NA-NA	NA	0-449	1
JN871264	NA-NA	NA	NA-NA	NA	0-449	1
JN871263	NA-NA	NA	NA-NA	NA	0-449	1
JN871262	NA-NA	NA	NA-NA	NA	0-449	1
JN871261	NA-NA	NA	NA-NA	NA	0-449	1
JN871260	NA-NA	NA	NA-NA	NA	0-449	1
JN871259	NA-NA	NA	NA-NA	NA	0-449	1
JN871258	NA-NA	NA	NA-NA	NA	0-449	1
JN871257	NA-NA	NA	NA-NA	NA	0-449	1
JN871256	NA-NA	NA	NA-NA	NA	0-449	1
JN871255	NA-NA	NA	NA-NA	NA	0-449	1
JN871254	NA-NA	NA	NA-NA	NA	0-449	1
JN871253	NA-NA	NA	NA-NA	NA	0-449	1
JN871252	NA-NA	NA	NA-NA	NA	0-449	1
JN871251	NA-NA	NA	NA-NA	NA	0-449	1
JN871250	NA-NA	NA	NA-NA	NA	2-402	1
JN871249	NA-NA	NA	NA-NA	NA	2-402	1
JN871248	NA-NA	NA	NA-NA	NA	2-402	1
JN871247	NA-NA	NA	NA-NA	NA	2-402	1
JN871246	NA-NA	NA	NA-NA	NA	2-402	1
JN871245	NA-NA	NA	NA-NA	NA	2-402	1
JN871244	NA-NA	NA	NA-NA	NA	2-402	1
JN871243	NA-NA	NA	NA-NA	NA	2-402	1
JN871242	NA-NA	NA	NA-NA	NA	2-402	1
JN871241	NA-NA	NA	NA-NA	NA	2-402	1
JN871240	NA-NA	NA	NA-NA	NA	2-402	1
JN871239	NA-NA	NA	NA-NA	NA	2-402	1
JN871238	NA-NA	NA	NA-NA	NA	2-402	1
JN871237	NA-NA	NA	NA-NA	NA	2-402	1
JN871236	NA-NA	NA	NA-NA	NA	2-402	1
JN871235	NA-NA	NA	NA-NA	NA	2-402	1
JN871234	NA-NA	NA	NA-NA	NA	2-402	1
JN871233	NA-NA	NA	NA-NA	NA	2-402	1
JN048425	NA-NA	NA	0-500	1	NA-NA	NA
JN048424	NA-NA	NA	0-501	1	NA-NA	NA
JN048423	NA-NA	NA	0-503	1	NA-NA	NA
JN048422	NA-NA	NA	0-503	1	NA-NA	NA
JN048421	NA-NA	NA	0-501	1	NA-NA	NA
JN048420	NA-NA	NA	0-503	1	NA-NA	NA
JN048419	NA-NA	NA	0-501	1	NA-NA	NA
JN048418	NA-NA	NA	0-503	1	NA-NA	NA
JN048417	NA-NA	NA	0-503	1	NA-NA	NA
JN048416	NA-NA	NA	0-503	1	NA-NA	NA
JN048415	NA-NA	NA	0-503	1	NA-NA	NA
JN048414	NA-NA	NA	0-503	1	NA-NA	NA
JN048413	NA-NA	NA	0-503	1	NA-NA	NA
JN048412	NA-NA	NA	0-503	1	NA-NA	NA
JN048411	NA-NA	NA	0-503	1	NA-NA	NA
JN048410	NA-NA	NA	0-503	1	NA-NA	NA
JN048409	NA-NA	NA	0-503	1	NA-NA	NA
JN048408	NA-NA	NA	0-504	1	NA-NA	NA
JN048407	NA-NA	NA	0-503	1	NA-NA	NA
JN048406	NA-NA	NA	0-503	1	NA-NA	NA
JN048405	NA-NA	NA	0-503	1	NA-NA	NA
JN048404	NA-NA	NA	0-503	1	NA-NA	NA
JN048403	NA-NA	NA	0-503	1	NA-NA	NA
JN048402	NA-NA	NA	0-501	1	NA-NA	NA
JN048401	NA-NA	NA	0-501	1	NA-NA	NA
JN048400	NA-NA	NA	0-501	1	NA-NA	NA
JN048399	NA-NA	NA	0-501	1	NA-NA	NA
JN048398	NA-NA	NA	0-501	1	NA-NA	NA
JN048397	NA-NA	NA	0-402	1	NA-NA	NA
JN048396	NA-NA	NA	0-501	1	NA-NA	NA
JN048395	NA-NA	NA	0-501	1	NA-NA	NA
JN048394	NA-NA	NA	0-501	1	NA-NA	NA
JN048393	NA-NA	NA	0-501	1	NA-NA	NA
JN048392	NA-NA	NA	0-501	1	NA-NA	NA
JN048391	NA-NA	NA	0-501	1	NA-NA	NA
JN048390	NA-NA	NA	0-501	1	NA-NA	NA
JN048389	NA-NA	NA	0-501	1	NA-NA	NA
JN048388	NA-NA	NA	0-501	1	NA-NA	NA
JN048387	NA-NA	NA	0-501	1	NA-NA	NA
JN048386	NA-NA	NA	0-501	1	NA-NA	NA
JN048385	NA-NA	NA	0-501	1	NA-NA	NA
JN048384	NA-NA	NA	0-501	1	NA-NA	NA
JN048383	NA-NA	NA	0-501	1	NA-NA	NA
JN048382	NA-NA	NA	0-501	1	NA-NA	NA
JN048381	NA-NA	NA	0-501	1	NA-NA	NA
JN048380	NA-NA	NA	0-498	1	NA-NA	NA
JN048379	NA-NA	NA	0-498	1	NA-NA	NA
HM450043	NA-NA	NA	NA-NA	NA	2-323	1
HM450042	NA-NA	NA	NA-NA	NA	2-323	1
HM450041	NA-NA	NA	NA-NA	NA	2-323	1
HM450040	NA-NA	NA	NA-NA	NA	2-323	1
HM450039	NA-NA	NA	NA-NA	NA	2-323	1
HM450038	NA-NA	NA	NA-NA	NA	2-323	1
HM450037	NA-NA	NA	NA-NA	NA	2-323	1
HM450036	NA-NA	NA	NA-NA	NA	2-323	1
JQ260764	NA-NA	NA	NA-NA	NA	0-378	1
JQ260763	NA-NA	NA	NA-NA	NA	0-406	1
JQ260762	NA-NA	NA	NA-NA	NA	0-390	1
JQ260761	NA-NA	NA	NA-NA	NA	0-426	1
JQ260760	NA-NA	NA	NA-NA	NA	0-427	1
JQ260759	NA-NA	NA	NA-NA	NA	0-421	1
JQ403108	83-2846	1	2785-4333	1	4325-6677	1
JQ086552	14-2378	1	2335-3850	1	3842-6113	1
JN985814	NA-NA	NA	NA-NA	NA	0-654	1
JN985813	NA-NA	NA	NA-NA	NA	0-611	1
JN985812	NA-NA	NA	NA-NA	NA	1-563	1
JN985811	NA-NA	NA	NA-NA	NA	0-635	1
JN985810	NA-NA	NA	NA-NA	NA	0-656	1
JN985809	NA-NA	NA	NA-NA	NA	0-629	1
JN985808	NA-NA	NA	NA-NA	NA	0-664	1
JN985807	NA-NA	NA	NA-NA	NA	0-533	1
JN985806	NA-NA	NA	NA-NA	NA	0-654	1
JN985805	NA-NA	NA	NA-NA	NA	2-626	1
JN985804	NA-NA	NA	NA-NA	NA	2-511	1
JN985803	NA-NA	NA	NA-NA	NA	2-511	1
JN985802	NA-NA	NA	NA-NA	NA	2-533	1
JN985801	NA-NA	NA	NA-NA	NA	2-474	1
JN985800	NA-NA	NA	NA-NA	NA	0-520	1
JN985799	NA-NA	NA	NA-NA	NA	0-520	1
JN985798	NA-NA	NA	NA-NA	NA	0-530	1
JN985797	NA-NA	NA	NA-NA	NA	0-521	1
JN985796	NA-NA	NA	NA-NA	NA	2-517	1
JN985795	NA-NA	NA	NA-NA	NA	1-509	1
JN985794	NA-NA	NA	NA-NA	NA	2-604	1
JN985793	NA-NA	NA	NA-NA	NA	0-500	1
JN985792	NA-NA	NA	NA-NA	NA	0-652	1
JN985791	NA-NA	NA	NA-NA	NA	0-487	1
JN985790	NA-NA	NA	NA-NA	NA	2-660	1
JN985789	NA-NA	NA	NA-NA	NA	2-443	1
JN985788	NA-NA	NA	NA-NA	NA	0-449	1
JN985787	NA-NA	NA	NA-NA	NA	0-420	1
JN985786	NA-NA	NA	NA-NA	NA	1-540	1
JN985785	NA-NA	NA	NA-NA	NA	0-552	1
JN985784	NA-NA	NA	NA-NA	NA	0-300	1
JN985783	NA-NA	NA	NA-NA	NA	2-293	1
JN985782	NA-NA	NA	NA-NA	NA	0-223	1
HQ185566	NA-NA	NA	NA-NA	NA	0-864	1
HQ185565	NA-NA	NA	NA-NA	NA	0-883	1
HQ185564	NA-NA	NA	NA-NA	NA	0-855	1
HQ185563	NA-NA	NA	NA-NA	NA	0-855	1
HQ185562	NA-NA	NA	NA-NA	NA	0-855	1
HQ185561	NA-NA	NA	NA-NA	NA	0-864	1
HQ185560	NA-NA	NA	NA-NA	NA	0-864	1
HQ185559	NA-NA	NA	NA-NA	NA	0-861	1
HQ185558	NA-NA	NA	NA-NA	NA	0-861	1
HQ185557	NA-NA	NA	NA-NA	NA	0-861	1
HQ185556	NA-NA	NA	NA-NA	NA	0-861	1
HQ185555	NA-NA	NA	NA-NA	NA	0-876	1
HQ185554	NA-NA	NA	NA-NA	NA	0-876	1
HQ185553	NA-NA	NA	NA-NA	NA	0-876	1
HQ185552	NA-NA	NA	NA-NA	NA	0-876	1
HQ185551	NA-NA	NA	NA-NA	NA	0-876	1
GU562296	NA-NA	NA	1-1054	1	1046-3602	1
GQ920672	NA-NA	NA	NA-NA	NA	0-348	1
GQ920671	NA-NA	NA	NA-NA	NA	0-348	1
GQ920670	NA-NA	NA	NA-NA	NA	0-348	1
GQ920669	NA-NA	NA	NA-NA	NA	0-348	1
GQ920668	NA-NA	NA	NA-NA	NA	0-449	1
GQ920667	NA-NA	NA	NA-NA	NA	0-420	1
GQ920666	NA-NA	NA	NA-NA	NA	0-348	1
GQ920665	NA-NA	NA	NA-NA	NA	0-348	1
GQ920664	NA-NA	NA	NA-NA	NA	0-348	1
GQ920663	NA-NA	NA	NA-NA	NA	0-348	1
GQ920662	NA-NA	NA	NA-NA	NA	0-348	1
GQ920661	NA-NA	NA	NA-NA	NA	0-348	1
GQ920660	NA-NA	NA	NA-NA	NA	0-348	1
GQ920659	NA-NA	NA	NA-NA	NA	0-348	1
GQ920658	NA-NA	NA	NA-NA	NA	0-348	1
GQ920657	NA-NA	NA	NA-NA	NA	0-348	1
GQ920656	NA-NA	NA	NA-NA	NA	0-348	1
GQ920655	NA-NA	NA	NA-NA	NA	0-348	1
GQ920654	NA-NA	NA	NA-NA	NA	0-348	1
GQ920653	NA-NA	NA	NA-NA	NA	0-348	1
GQ920652	NA-NA	NA	NA-NA	NA	0-348	1
GQ920651	NA-NA	NA	NA-NA	NA	0-348	1
GQ920650	NA-NA	NA	NA-NA	NA	0-348	1
GQ920649	NA-NA	NA	NA-NA	NA	0-348	1
GQ920648	NA-NA	NA	NA-NA	NA	0-348	1
GQ920647	NA-NA	NA	NA-NA	NA	0-348	1
GQ920646	NA-NA	NA	NA-NA	NA	0-348	1
GQ920645	NA-NA	NA	NA-NA	NA	0-348	1
GQ920644	NA-NA	NA	NA-NA	NA	0-348	1
GQ920643	NA-NA	NA	NA-NA	NA	0-348	1
GQ920642	NA-NA	NA	NA-NA	NA	0-348	1
GQ920641	NA-NA	NA	NA-NA	NA	0-348	1
GQ920640	NA-NA	NA	NA-NA	NA	0-348	1
GQ920639	NA-NA	NA	NA-NA	NA	0-348	1
GQ920638	NA-NA	NA	NA-NA	NA	0-348	1
GQ920637	NA-NA	NA	NA-NA	NA	0-348	1
GQ920636	NA-NA	NA	NA-NA	NA	0-348	1
GQ920634	NA-NA	NA	NA-NA	NA	0-348	1
GQ920633	NA-NA	NA	NA-NA	NA	0-348	1
GQ920632	NA-NA	NA	NA-NA	NA	0-348	1
GQ920631	NA-NA	NA	NA-NA	NA	0-348	1
GQ920630	NA-NA	NA	NA-NA	NA	0-348	1
GU247900	NA-NA	NA	NA-NA	NA	1-373	1
GU247899	NA-NA	NA	NA-NA	NA	1-373	1
GU212869	NA-NA	NA	0-363	1	NA-NA	NA
FJ227123	2-1178	1	NA-NA	NA	NA-NA	NA
FJ227122	2-1178	1	NA-NA	NA	NA-NA	NA
EU165348	NA-NA	NA	0-376	1	NA-NA	NA
EU165347	NA-NA	NA	0-373	1	NA-NA	NA
EU165346	NA-NA	NA	0-380	1	NA-NA	NA
EU165345	NA-NA	NA	0-781	1	NA-NA	NA
EU165344	NA-NA	NA	0-672	1	NA-NA	NA
EU165343	NA-NA	NA	0-796	1	NA-NA	NA
EF535793	NA-NA	NA	NA-NA	NA	0-348	1
EF535792	NA-NA	NA	NA-NA	NA	0-348	1
EF535791	NA-NA	NA	NA-NA	NA	0-348	1
EF535790	NA-NA	NA	NA-NA	NA	0-348	1
EF535789	NA-NA	NA	NA-NA	NA	0-348	1
EF535788	NA-NA	NA	NA-NA	NA	0-348	1
EF535787	NA-NA	NA	NA-NA	NA	0-348	1
EF535786	NA-NA	NA	NA-NA	NA	0-348	1
EF535785	NA-NA	NA	NA-NA	NA	0-348	1
EF535784	NA-NA	NA	NA-NA	NA	0-348	1
EF535783	NA-NA	NA	NA-NA	NA	0-348	1
EF535782	NA-NA	NA	NA-NA	NA	0-348	1
EF535781	NA-NA	NA	NA-NA	NA	0-348	1
EF535780	NA-NA	NA	NA-NA	NA	0-348	1
EF535779	NA-NA	NA	NA-NA	NA	0-348	1
EF535778	NA-NA	NA	NA-NA	NA	0-348	1
EF535777	NA-NA	NA	NA-NA	NA	0-348	1
EF535776	NA-NA	NA	NA-NA	NA	0-348	1
EF535775	NA-NA	NA	NA-NA	NA	0-348	1
EF535774	NA-NA	NA	NA-NA	NA	0-348	1
EF535773	NA-NA	NA	NA-NA	NA	0-348	1
EF535772	NA-NA	NA	NA-NA	NA	0-348	1
EF535771	NA-NA	NA	NA-NA	NA	0-348	1
EF535770	NA-NA	NA	NA-NA	NA	0-348	1
EF535769	NA-NA	NA	NA-NA	NA	0-348	1
EF535768	NA-NA	NA	NA-NA	NA	0-348	1
EF535767	NA-NA	NA	NA-NA	NA	0-348	1
EF535766	NA-NA	NA	NA-NA	NA	0-348	1
EF535765	NA-NA	NA	NA-NA	NA	0-348	1
EF535764	NA-NA	NA	NA-NA	NA	0-348	1
EF535763	NA-NA	NA	NA-NA	NA	0-348	1
EF535762	NA-NA	NA	NA-NA	NA	0-348	1
EF535761	NA-NA	NA	NA-NA	NA	0-348	1
EF535760	NA-NA	NA	NA-NA	NA	0-348	1
EF535759	NA-NA	NA	NA-NA	NA	0-348	1
EF535758	NA-NA	NA	NA-NA	NA	0-348	1
EF535757	NA-NA	NA	NA-NA	NA	0-348	1
EF535756	NA-NA	NA	NA-NA	NA	0-348	1
EF535755	NA-NA	NA	NA-NA	NA	0-348	1
EF535754	NA-NA	NA	NA-NA	NA	0-348	1
EF535753	NA-NA	NA	NA-NA	NA	0-348	1
EF535752	NA-NA	NA	NA-NA	NA	0-348	1
EF535751	NA-NA	NA	NA-NA	NA	0-348	1
EF535750	NA-NA	NA	NA-NA	NA	0-348	1
EF535749	NA-NA	NA	NA-NA	NA	0-348	1
EF535748	NA-NA	NA	NA-NA	NA	0-348	1
EF535747	NA-NA	NA	NA-NA	NA	0-348	1
EF535746	NA-NA	NA	NA-NA	NA	0-348	1
EF535745	NA-NA	NA	NA-NA	NA	0-348	1
EF535744	NA-NA	NA	NA-NA	NA	0-348	1
EF535743	NA-NA	NA	NA-NA	NA	0-348	1
EF535742	NA-NA	NA	NA-NA	NA	0-348	1
EF535741	NA-NA	NA	NA-NA	NA	0-348	1
EF535740	NA-NA	NA	NA-NA	NA	0-348	1
EF535739	NA-NA	NA	NA-NA	NA	0-348	1
EF535738	NA-NA	NA	NA-NA	NA	0-348	1
EF535737	NA-NA	NA	NA-NA	NA	0-348	1
EF535736	NA-NA	NA	NA-NA	NA	0-348	1
EF535735	NA-NA	NA	NA-NA	NA	0-348	1
EF535734	NA-NA	NA	NA-NA	NA	0-348	1
EF535733	NA-NA	NA	NA-NA	NA	0-348	1
EF547371	NA-NA	NA	NA-NA	NA	0-348	1
EU022556	NA-NA	NA	NA-NA	NA	0-627	1
EU022555	NA-NA	NA	NA-NA	NA	0-627	1
EU022554	NA-NA	NA	NA-NA	NA	0-627	1
EU022553	NA-NA	NA	NA-NA	NA	0-627	1
EU022552	NA-NA	NA	NA-NA	NA	0-627	1
EU022551	NA-NA	NA	NA-NA	NA	0-627	1
DQ917407	NA-NA	NA	NA-NA	NA	0-348	1
DQ917406	NA-NA	NA	NA-NA	NA	0-348	1
DQ917405	NA-NA	NA	NA-NA	NA	0-348	1
DQ917404	NA-NA	NA	NA-NA	NA	0-348	1
DQ917403	NA-NA	NA	NA-NA	NA	0-348	1
DQ917402	NA-NA	NA	NA-NA	NA	0-348	1
DQ917401	NA-NA	NA	NA-NA	NA	0-348	1
DQ917400	NA-NA	NA	NA-NA	NA	0-348	1
DQ917399	NA-NA	NA	NA-NA	NA	0-348	1
DQ917398	NA-NA	NA	NA-NA	NA	0-348	1
DQ917397	NA-NA	NA	NA-NA	NA	0-348	1
DQ917396	NA-NA	NA	NA-NA	NA	0-348	1
DQ917395	NA-NA	NA	NA-NA	NA	0-348	1
DQ917394	NA-NA	NA	NA-NA	NA	0-348	1
DQ917393	NA-NA	NA	NA-NA	NA	0-348	1
DQ917392	NA-NA	NA	NA-NA	NA	0-348	1
DQ917391	NA-NA	NA	NA-NA	NA	0-348	1
DQ917390	NA-NA	NA	NA-NA	NA	0-348	1
DQ917389	NA-NA	NA	NA-NA	NA	0-348	1
DQ917388	NA-NA	NA	NA-NA	NA	0-348	1
DQ917387	NA-NA	NA	NA-NA	NA	0-348	1
DQ917386	NA-NA	NA	NA-NA	NA	0-348	1
DQ917385	NA-NA	NA	NA-NA	NA	0-348	1
DQ917384	NA-NA	NA	NA-NA	NA	0-348	1
DQ917383	NA-NA	NA	NA-NA	NA	0-348	1
DQ917382	NA-NA	NA	NA-NA	NA	0-348	1
DQ917381	NA-NA	NA	NA-NA	NA	0-348	1
DQ917380	NA-NA	NA	NA-NA	NA	0-348	1
DQ917379	NA-NA	NA	NA-NA	NA	0-348	1
DQ917378	NA-NA	NA	NA-NA	NA	0-348	1
DQ917377	NA-NA	NA	NA-NA	NA	0-348	1
DQ917376	NA-NA	NA	NA-NA	NA	0-348	1
DQ917375	NA-NA	NA	NA-NA	NA	0-348	1
DQ381360	NA-NA	NA	1-675	1	NA-NA	NA
DQ381359	NA-NA	NA	NA-NA	NA	0-749	1
DQ381358	NA-NA	NA	1-692	1	NA-NA	NA
DQ381357	NA-NA	NA	NA-NA	NA	2-747	1
DQ381356	NA-NA	NA	1-678	1	NA-NA	NA
DQ381355	NA-NA	NA	NA-NA	NA	1-635	1
DQ381354	NA-NA	NA	0-615	1	NA-NA	NA
DQ381353	NA-NA	NA	NA-NA	NA	2-745	1
DQ381352	NA-NA	NA	2-679	1	NA-NA	NA
DQ381351	NA-NA	NA	NA-NA	NA	2-734	1
DQ381350	NA-NA	NA	2-665	1	NA-NA	NA
DQ381349	NA-NA	NA	NA-NA	NA	0-707	1
DQ381348	NA-NA	NA	2-645	1	NA-NA	NA
DQ381347	NA-NA	NA	NA-NA	NA	1-742	1
DQ381346	NA-NA	NA	0-641	1	NA-NA	NA
DQ381345	NA-NA	NA	NA-NA	NA	2-730	1
DQ381344	NA-NA	NA	1-622	1	NA-NA	NA
DQ381343	NA-NA	NA	NA-NA	NA	0-729	1
DQ381342	NA-NA	NA	0-619	1	NA-NA	NA
DQ381341	NA-NA	NA	NA-NA	NA	1-705	1
DQ381340	NA-NA	NA	2-658	1	NA-NA	NA
DQ381339	NA-NA	NA	NA-NA	NA	0-692	1
DQ381338	NA-NA	NA	1-572	1	NA-NA	NA
DQ381337	NA-NA	NA	NA-NA	NA	1-736	1
DQ381336	NA-NA	NA	2-579	1	NA-NA	NA
DQ381335	NA-NA	NA	NA-NA	NA	1-735	1
DQ381334	NA-NA	NA	0-535	1	NA-NA	NA
DQ381333	NA-NA	NA	NA-NA	NA	1-744	1
DQ381332	NA-NA	NA	1-644	1	NA-NA	NA
DQ381331	NA-NA	NA	NA-NA	NA	0-734	1
DQ381330	NA-NA	NA	0-632	1	NA-NA	NA
DQ381329	NA-NA	NA	NA-NA	NA	2-615	1
DQ381328	NA-NA	NA	2-580	1	NA-NA	NA
DQ381327	NA-NA	NA	NA-NA	NA	1-725	1
DQ381326	NA-NA	NA	2-580	1	NA-NA	NA
DQ381325	NA-NA	NA	NA-NA	NA	0-725	1
DQ381324	NA-NA	NA	1-634	1	NA-NA	NA
DQ381323	NA-NA	NA	NA-NA	NA	0-719	1
DQ381322	NA-NA	NA	1-635	1	NA-NA	NA
DQ381321	NA-NA	NA	NA-NA	NA	0-721	1
DQ381320	NA-NA	NA	1-603	1	NA-NA	NA
DQ381319	NA-NA	NA	NA-NA	NA	2-738	1
DQ381318	NA-NA	NA	1-642	1	NA-NA	NA
DQ381317	NA-NA	NA	NA-NA	NA	1-739	1
DQ381316	NA-NA	NA	2-685	1	NA-NA	NA
DQ381315	NA-NA	NA	NA-NA	NA	0-726	1
DQ381314	NA-NA	NA	2-574	1	NA-NA	NA
DQ381313	NA-NA	NA	NA-NA	NA	2-725	1
DQ381312	NA-NA	NA	2-686	1	NA-NA	NA
DQ381311	NA-NA	NA	NA-NA	NA	0-741	1
DQ381310	NA-NA	NA	0-634	1	NA-NA	NA
DQ381309	NA-NA	NA	NA-NA	NA	1-421	1
DQ381308	NA-NA	NA	1-632	1	NA-NA	NA
DQ381307	NA-NA	NA	NA-NA	NA	1-738	1
DQ381306	NA-NA	NA	1-691	1	NA-NA	NA
DQ381305	NA-NA	NA	NA-NA	NA	0-727	1
DQ381304	NA-NA	NA	1-642	1	NA-NA	NA
DQ381303	NA-NA	NA	NA-NA	NA	2-722	1
DQ381302	NA-NA	NA	0-692	1	NA-NA	NA
DQ381301	NA-NA	NA	NA-NA	NA	0-724	1
DQ381300	NA-NA	NA	1-633	1	NA-NA	NA
DQ381299	NA-NA	NA	NA-NA	NA	2-668	1
DQ381298	NA-NA	NA	2-689	1	NA-NA	NA
DQ381297	NA-NA	NA	NA-NA	NA	2-725	1
DQ381296	NA-NA	NA	0-664	1	NA-NA	NA
DQ381295	NA-NA	NA	NA-NA	NA	0-730	1
DQ381294	NA-NA	NA	2-684	1	NA-NA	NA
DQ381293	NA-NA	NA	NA-NA	NA	1-723	1
DQ381292	NA-NA	NA	0-634	1	NA-NA	NA
DQ381291	NA-NA	NA	NA-NA	NA	0-649	1
DQ381290	NA-NA	NA	2-693	1	NA-NA	NA
DQ381289	NA-NA	NA	NA-NA	NA	1-741	1
DQ381288	NA-NA	NA	0-504	1	NA-NA	NA
DQ381287	NA-NA	NA	NA-NA	NA	1-738	1
DQ381286	NA-NA	NA	2-642	1	NA-NA	NA
DQ381285	NA-NA	NA	NA-NA	NA	0-740	1
DQ381284	NA-NA	NA	0-630	1	NA-NA	NA
DQ381283	NA-NA	NA	NA-NA	NA	0-730	1
DQ381282	NA-NA	NA	0-641	1	NA-NA	NA
DQ322271	NA-NA	NA	NA-NA	NA	0-348	1
DQ322270	NA-NA	NA	NA-NA	NA	0-348	1
DQ322269	NA-NA	NA	NA-NA	NA	0-348	1
DQ322268	NA-NA	NA	NA-NA	NA	0-348	1
DQ322267	NA-NA	NA	NA-NA	NA	0-348	1
DQ322266	NA-NA	NA	NA-NA	NA	0-348	1
DQ322265	NA-NA	NA	NA-NA	NA	0-348	1
DQ322264	NA-NA	NA	NA-NA	NA	0-348	1
DQ322263	NA-NA	NA	NA-NA	NA	0-348	1
DQ322262	NA-NA	NA	NA-NA	NA	0-348	1
DQ322261	NA-NA	NA	NA-NA	NA	0-348	1
DQ322260	NA-NA	NA	NA-NA	NA	0-348	1
DQ322259	NA-NA	NA	NA-NA	NA	0-348	1
DQ322258	NA-NA	NA	NA-NA	NA	0-348	1
DQ322257	NA-NA	NA	NA-NA	NA	0-348	1
DQ322256	NA-NA	NA	NA-NA	NA	0-348	1
DQ322255	NA-NA	NA	NA-NA	NA	0-348	1
DQ071656	NA-NA	NA	NA-NA	NA	0-348	1
DQ071655	NA-NA	NA	NA-NA	NA	0-348	1
DQ071654	NA-NA	NA	NA-NA	NA	0-348	1
DQ071653	NA-NA	NA	NA-NA	NA	0-348	1
DQ071652	NA-NA	NA	NA-NA	NA	0-348	1
DQ071651	NA-NA	NA	NA-NA	NA	0-348	1
DQ071650	NA-NA	NA	NA-NA	NA	0-348	1
DQ071649	NA-NA	NA	NA-NA	NA	0-348	1
DQ071648	NA-NA	NA	NA-NA	NA	0-348	1
AF292077	NA-NA	NA	0-636	1	628-1258	1
AF292076	NA-NA	NA	0-636	1	628-1255	1
AF292075	NA-NA	NA	0-636	1	628-1258	1
AF292074	NA-NA	NA	0-636	1	628-1264	1
AF257226	NA-NA	NA	NA-NA	NA	1-448	1
U49220	NA-NA	NA	NA-NA	NA	0-348	1
U49219	NA-NA	NA	NA-NA	NA	0-348	1
U49218	NA-NA	NA	NA-NA	NA	0-348	1
U49217	NA-NA	NA	NA-NA	NA	0-348	1
U49216	NA-NA	NA	NA-NA	NA	0-348	1
U49215	NA-NA	NA	NA-NA	NA	0-348	1
U49214	NA-NA	NA	NA-NA	NA	0-348	1
U49213	NA-NA	NA	NA-NA	NA	0-348	1
U49212	NA-NA	NA	NA-NA	NA	0-348	1
L38508	NA-NA	NA	NA-NA	NA	0-348	1
L38507	NA-NA	NA	NA-NA	NA	0-348	1
L38506	NA-NA	NA	NA-NA	NA	0-348	1
L38505	NA-NA	NA	NA-NA	NA	0-348	1
L23512	NA-NA	NA	1-598	1	NA-NA	NA
L23510	NA-NA	NA	1-598	1	NA-NA	NA
L23509	NA-NA	NA	1-598	1	NA-NA	NA
L08015	NA-NA	NA	NA-NA	NA	NA-NA	NA
L08014	NA-NA	NA	NA-NA	NA	NA-NA	NA
M87668	NA-NA	NA	NA-NA	NA	NA-NA	NA
JQ303034	NA-NA	NA	NA-NA	NA	0-372	1
JQ303033	NA-NA	NA	NA-NA	NA	0-353	1
JQ303032	NA-NA	NA	NA-NA	NA	0-353	1
JQ303031	NA-NA	NA	NA-NA	NA	0-353	1
JQ303030	NA-NA	NA	NA-NA	NA	0-372	1
JQ303029	NA-NA	NA	NA-NA	NA	0-372	1
JQ303028	NA-NA	NA	NA-NA	NA	0-372	1
JQ303027	NA-NA	NA	NA-NA	NA	0-372	1
JQ303026	NA-NA	NA	NA-NA	NA	0-372	1
JQ303025	NA-NA	NA	NA-NA	NA	0-372	1
JQ303024	NA-NA	NA	NA-NA	NA	0-372	1
JQ303023	NA-NA	NA	NA-NA	NA	0-372	1
JQ303022	NA-NA	NA	NA-NA	NA	0-372	1
JQ303021	NA-NA	NA	NA-NA	NA	0-372	1
JQ303020	NA-NA	NA	NA-NA	NA	0-372	1
JN193534	NA-NA	NA	0-582	1	574-2872	1
JN592482	NA-NA	NA	0-186	1	169-2383	1
JF815371	NA-NA	NA	0-252	1	NA-NA	NA
JF815370	NA-NA	NA	0-252	1	NA-NA	NA
JF815369	NA-NA	NA	0-256	1	NA-NA	NA
JF815368	NA-NA	NA	0-256	1	NA-NA	NA
JF815367	NA-NA	NA	0-256	1	NA-NA	NA
HQ541868	NA-NA	NA	0-264	1	NA-NA	NA
AB693980	NA-NA	NA	NA-NA	NA	1-557	1
HQ396890	NA-NA	NA	NA-NA	NA	109-652	1
HQ396889	NA-NA	NA	NA-NA	NA	109-652	1
HQ396888	NA-NA	NA	NA-NA	NA	109-652	1
HQ396887	NA-NA	NA	NA-NA	NA	109-652	1
HQ396886	NA-NA	NA	NA-NA	NA	109-652	1
HQ396885	NA-NA	NA	NA-NA	NA	109-652	1
HQ396884	NA-NA	NA	NA-NA	NA	109-652	1
HQ396883	NA-NA	NA	NA-NA	NA	109-652	1
HQ396882	NA-NA	NA	NA-NA	NA	109-652	1
HQ396881	NA-NA	NA	NA-NA	NA	109-652	1
HQ396880	NA-NA	NA	NA-NA	NA	109-652	1
HQ674646	NA-NA	NA	1-431	1	NA-NA	NA
HQ674645	NA-NA	NA	1-431	1	NA-NA	NA
HQ674650	NA-NA	NA	NA-NA	NA	1-362	1
HQ674649	NA-NA	NA	NA-NA	NA	1-362	1
HQ674648	NA-NA	NA	NA-NA	NA	1-362	1
HQ674647	NA-NA	NA	NA-NA	NA	1-362	1
HQ674644	NA-NA	NA	NA-NA	NA	0-348	1
HQ674643	NA-NA	NA	NA-NA	NA	0-348	1
HQ674642	NA-NA	NA	NA-NA	NA	1-365	1
HQ674641	NA-NA	NA	NA-NA	NA	1-365	1
HQ674640	NA-NA	NA	NA-NA	NA	1-365	1
HQ674639	NA-NA	NA	NA-NA	NA	1-365	1
HQ674638	NA-NA	NA	NA-NA	NA	1-365	1
HQ674637	NA-NA	NA	NA-NA	NA	1-365	1
HQ674636	NA-NA	NA	NA-NA	NA	1-365	1
HQ674635	NA-NA	NA	NA-NA	NA	1-365	1
HQ674634	NA-NA	NA	NA-NA	NA	1-365	1
HQ674633	NA-NA	NA	NA-NA	NA	0-348	1
HQ674632	NA-NA	NA	NA-NA	NA	0-348	1
HQ674631	NA-NA	NA	NA-NA	NA	0-287	1
HQ674630	NA-NA	NA	NA-NA	NA	0-287	1
GQ323833	NA-NA	NA	NA-NA	NA	0-348	1
GQ323832	NA-NA	NA	NA-NA	NA	0-348	1
GQ323831	NA-NA	NA	NA-NA	NA	0-348	1
GQ323830	NA-NA	NA	NA-NA	NA	0-348	1
GQ323829	NA-NA	NA	NA-NA	NA	0-348	1
GQ323828	NA-NA	NA	NA-NA	NA	0-348	1
GQ323827	NA-NA	NA	NA-NA	NA	0-348	1
GQ323826	NA-NA	NA	NA-NA	NA	0-348	1
GQ323825	NA-NA	NA	NA-NA	NA	0-348	1
GQ323824	NA-NA	NA	NA-NA	NA	0-348	1
GQ323823	NA-NA	NA	NA-NA	NA	0-348	1
GQ323822	NA-NA	NA	NA-NA	NA	0-348	1
GQ323821	NA-NA	NA	NA-NA	NA	0-348	1
GQ323820	NA-NA	NA	NA-NA	NA	0-348	1
GQ323819	NA-NA	NA	NA-NA	NA	0-348	1
GQ323818	NA-NA	NA	NA-NA	NA	0-348	1
GQ323817	NA-NA	NA	NA-NA	NA	0-348	1
GQ323816	NA-NA	NA	NA-NA	NA	0-348	1
GQ323815	NA-NA	NA	NA-NA	NA	0-348	1
GQ323814	NA-NA	NA	NA-NA	NA	0-348	1
GQ323813	NA-NA	NA	NA-NA	NA	0-348	1
GQ323812	NA-NA	NA	NA-NA	NA	0-348	1
GQ323811	NA-NA	NA	NA-NA	NA	0-348	1
GQ323810	NA-NA	NA	NA-NA	NA	0-348	1
GQ323809	NA-NA	NA	NA-NA	NA	0-348	1
GQ323808	NA-NA	NA	NA-NA	NA	0-348	1
GQ323807	NA-NA	NA	NA-NA	NA	0-348	1
GQ323806	NA-NA	NA	NA-NA	NA	0-348	1
GQ323805	NA-NA	NA	NA-NA	NA	0-348	1
GQ323804	NA-NA	NA	NA-NA	NA	0-348	1
GQ323803	NA-NA	NA	NA-NA	NA	0-348	1
GQ323802	NA-NA	NA	NA-NA	NA	0-348	1
GQ323801	NA-NA	NA	NA-NA	NA	0-348	1
GQ323800	NA-NA	NA	NA-NA	NA	0-348	1
GQ323799	NA-NA	NA	NA-NA	NA	0-348	1
GQ323798	NA-NA	NA	NA-NA	NA	0-348	1
GQ323797	NA-NA	NA	NA-NA	NA	0-348	1
GQ323796	NA-NA	NA	NA-NA	NA	0-348	1
GQ323795	NA-NA	NA	NA-NA	NA	0-348	1
GQ323794	NA-NA	NA	NA-NA	NA	0-348	1
GQ323793	NA-NA	NA	NA-NA	NA	0-348	1
GQ323792	NA-NA	NA	NA-NA	NA	0-348	1
GQ323791	NA-NA	NA	NA-NA	NA	0-348	1
GQ323790	NA-NA	NA	NA-NA	NA	0-348	1
GQ323789	NA-NA	NA	NA-NA	NA	0-348	1
GQ323788	NA-NA	NA	NA-NA	NA	0-348	1
GQ323787	NA-NA	NA	NA-NA	NA	0-348	1
GQ323786	NA-NA	NA	NA-NA	NA	0-348	1
GQ323785	NA-NA	NA	NA-NA	NA	0-348	1
GQ323784	NA-NA	NA	NA-NA	NA	0-348	1
GQ323783	NA-NA	NA	NA-NA	NA	0-348	1
JN088537	NA-NA	NA	1-718	1	593-2909	1
JN088536	NA-NA	NA	1-320	1	NA-NA	NA
JN088535	NA-NA	NA	1-310	1	NA-NA	NA
JN088534	NA-NA	NA	1-319	1	NA-NA	NA
JF742759	14-2378	1	2314-3850	1	3842-6080	1
JF742760	NA-NA	NA	NA-NA	NA	0-2238	1
JF713713	74-2627	1	2557-4072	1	4064-6542	1
JF713712	35-2510	1	2464-3973	1	3965-6260	1
JF713711	79-2698	1	2658-4170	1	4153-6361	1
JF713710	39-2514	1	2468-3977	1	3969-6219	1
FJ375759	82-4372	1	NA-NA	NA	4364-6728	1
HQ889774	NA-NA	NA	NA-NA	NA	4570-6613	1
HQ647383	NA-NA	NA	1-1135	1	1127-3440	1
HQ647382	NA-NA	NA	1-422	1	NA-NA	NA
HQ647381	NA-NA	NA	1-422	1	NA-NA	NA
GU248215	NA-NA	NA	NA-NA	NA	29-667	1
GU248214	NA-NA	NA	NA-NA	NA	15-648	1
GU248213	NA-NA	NA	NA-NA	NA	24-652	1
JF755422	14-2564	1	NA-NA	NA	4061-6185	1
GU376736	NA-NA	NA	NA-NA	NA	257-2732	1
JF422783	NA-NA	NA	NA-NA	NA	0-2043	1
HQ662579	NA-NA	NA	NA-NA	NA	NA-NA	NA
HQ330505	NA-NA	NA	NA-NA	NA	0-2040	1
HQ330504	NA-NA	NA	NA-NA	NA	0-2022	1
HQ330503	NA-NA	NA	NA-NA	NA	0-2040	1
HQ330502	NA-NA	NA	NA-NA	NA	0-2034	1
HQ330501	NA-NA	NA	NA-NA	NA	0-2043	1
HQ330500	NA-NA	NA	NA-NA	NA	0-2043	1
HQ330499	NA-NA	NA	NA-NA	NA	0-2010	1
HQ330498	NA-NA	NA	NA-NA	NA	0-2034	1
HQ330497	NA-NA	NA	NA-NA	NA	0-2040	1
HQ330496	NA-NA	NA	NA-NA	NA	0-2046	1
HQ330495	NA-NA	NA	NA-NA	NA	0-2034	1
HQ330494	NA-NA	NA	NA-NA	NA	0-2034	1
HQ330493	NA-NA	NA	NA-NA	NA	0-2034	1
HQ330492	NA-NA	NA	NA-NA	NA	0-2049	1
HQ330491	NA-NA	NA	NA-NA	NA	0-2049	1
HQ330490	NA-NA	NA	NA-NA	NA	0-2043	1
HQ330489	NA-NA	NA	NA-NA	NA	0-2028	1
HQ330488	NA-NA	NA	NA-NA	NA	0-2034	1
HQ330487	NA-NA	NA	NA-NA	NA	0-2040	1
HQ330486	NA-NA	NA	NA-NA	NA	0-2040	1
HQ330485	NA-NA	NA	NA-NA	NA	0-2040	1
HQ330484	NA-NA	NA	NA-NA	NA	0-2040	1
HQ330483	NA-NA	NA	NA-NA	NA	0-2022	1
HQ330482	NA-NA	NA	NA-NA	NA	0-2034	1
HQ330481	NA-NA	NA	NA-NA	NA	0-2034	1
HQ330506	NA-NA	NA	NA-NA	NA	0-2217	1
HQ916317	46-2500	1	2454-3963	1	3907-6226	1
HQ916316	43-2491	1	2445-3954	1	3898-6178	1
HQ916314	22-2470	1	2424-3933	1	3877-6235	1
HQ916313	46-2500	1	2454-3963	1	3907-6226	1
FR727149	NA-NA	NA	0-960	1	978-3009	1
FR727148	NA-NA	NA	0-900	1	918-2922	1
FR727147	NA-NA	NA	0-894	1	912-2934	1
FR727146	NA-NA	NA	0-942	1	960-2985	1
HM029238	13-3048	1	3048-4575	1	4594-6637	1
GU985458	14-2645	1	NA-NA	NA	4168-6496	1
EF490429	NA-NA	NA	NA-NA	NA	NA-NA	NA
GQ174472	NA-NA	NA	NA-NA	NA	NA-NA	NA
GQ174471	NA-NA	NA	NA-NA	NA	NA-NA	NA
GQ174470	NA-NA	NA	NA-NA	NA	NA-NA	NA
GQ174469	NA-NA	NA	NA-NA	NA	NA-NA	NA
GQ174468	NA-NA	NA	NA-NA	NA	NA-NA	NA
GQ174467	NA-NA	NA	NA-NA	NA	NA-NA	NA
GQ174466	NA-NA	NA	NA-NA	NA	NA-NA	NA
GQ174465	NA-NA	NA	NA-NA	NA	NA-NA	NA
GQ174464	NA-NA	NA	NA-NA	NA	NA-NA	NA
GQ174463	NA-NA	NA	NA-NA	NA	NA-NA	NA
GQ174462	NA-NA	NA	NA-NA	NA	NA-NA	NA
GQ174461	NA-NA	NA	NA-NA	NA	NA-NA	NA
GQ174460	NA-NA	NA	NA-NA	NA	NA-NA	NA
GQ174459	NA-NA	NA	NA-NA	NA	NA-NA	NA
GQ174458	NA-NA	NA	NA-NA	NA	NA-NA	NA
GQ174457	NA-NA	NA	NA-NA	NA	NA-NA	NA
GQ174456	NA-NA	NA	NA-NA	NA	NA-NA	NA
GQ174455	NA-NA	NA	NA-NA	NA	NA-NA	NA
GQ174454	NA-NA	NA	NA-NA	NA	NA-NA	NA
GQ174453	NA-NA	NA	NA-NA	NA	NA-NA	NA
GQ174452	NA-NA	NA	NA-NA	NA	NA-NA	NA
GQ174451	NA-NA	NA	NA-NA	NA	NA-NA	NA
GQ174450	NA-NA	NA	NA-NA	NA	NA-NA	NA
GQ174449	NA-NA	NA	NA-NA	NA	NA-NA	NA
GQ174448	NA-NA	NA	NA-NA	NA	NA-NA	NA
GQ174447	NA-NA	NA	NA-NA	NA	NA-NA	NA
GQ174446	NA-NA	NA	NA-NA	NA	NA-NA	NA
GQ174445	NA-NA	NA	NA-NA	NA	NA-NA	NA
GQ174444	NA-NA	NA	NA-NA	NA	NA-NA	NA
GQ174443	NA-NA	NA	NA-NA	NA	NA-NA	NA
GQ174442	NA-NA	NA	NA-NA	NA	NA-NA	NA
GQ174441	NA-NA	NA	NA-NA	NA	NA-NA	NA
GQ174440	NA-NA	NA	NA-NA	NA	NA-NA	NA
GQ174439	NA-NA	NA	NA-NA	NA	NA-NA	NA
AY769616	NA-NA	NA	NA-NA	NA	188-2363	1
U15136	NA-NA	NA	NA-NA	NA	14-2366	1
L06802	NA-NA	NA	NA-NA	NA	11-2402	1
GQ891990	39-2697	1	2651-4220	1	4209-6486	1
AF117209	NA-NA	NA	NA-NA	NA	11-2396	1
GQ405857	NA-NA	NA	NA-NA	NA	0-2307	1
GQ405856	NA-NA	NA	NA-NA	NA	0-2364	1
GQ405855	NA-NA	NA	NA-NA	NA	0-2364	1
L23511	NA-NA	NA	NA-NA	NA	NA-NA	NA
L23508	NA-NA	NA	NA-NA	NA	NA-NA	NA
AY769615	NA-NA	NA	NA-NA	NA	179-2345	1
FM213332	NA-NA	NA	NA-NA	NA	2-2501	1
FM213331	NA-NA	NA	0-354	1	166-2671	1
FM213330	NA-NA	NA	2-356	1	168-2673	1
AB496913	NA-NA	NA	NA-NA	NA	0-2316	1
AB476427	NA-NA	NA	NA-NA	NA	1-557	1
AB211059	2-289	1	NA-NA	NA	NA-NA	NA
DQ630763	NA-NA	NA	NA-NA	NA	11-2396	1
EF138831	NA-NA	NA	NA-NA	NA	0-2349	1
EF138830	NA-NA	NA	NA-NA	NA	0-2349	1
EF138829	NA-NA	NA	NA-NA	NA	0-2385	1
EF138828	NA-NA	NA	NA-NA	NA	11-2396	1
EF138827	NA-NA	NA	NA-NA	NA	11-2411	1
EF138826	NA-NA	NA	NA-NA	NA	0-2364	1
EF138825	NA-NA	NA	NA-NA	NA	0-2364	1
EF138824	NA-NA	NA	NA-NA	NA	0-2370	1
EF138823	NA-NA	NA	NA-NA	NA	0-2364	1
AB009985	NA-NA	NA	NA-NA	NA	11-2375	1
AB009984	NA-NA	NA	NA-NA	NA	11-2372	1
AB000300	NA-NA	NA	NA-NA	NA	11-2387	1
AB000299	NA-NA	NA	NA-NA	NA	11-2381	1
AB000298	NA-NA	NA	NA-NA	NA	11-2363	1
AB000297	NA-NA	NA	NA-NA	NA	11-2402	1
AB000296	NA-NA	NA	NA-NA	NA	11-2333	1
AB000295	NA-NA	NA	NA-NA	NA	11-2399	1
AB000294	NA-NA	NA	NA-NA	NA	11-2399	1
AB000293	NA-NA	NA	NA-NA	NA	11-2399	1
AB000292	NA-NA	NA	NA-NA	NA	11-2399	1
AB000291	NA-NA	NA	NA-NA	NA	11-2399	1
AB000290	NA-NA	NA	NA-NA	NA	11-2402	1
AB000289	NA-NA	NA	NA-NA	NA	11-2399	1
AB000288	NA-NA	NA	NA-NA	NA	11-2402	1
AB000287	NA-NA	NA	NA-NA	NA	11-2375	1
AB000286	NA-NA	NA	NA-NA	NA	11-2375	1
AB000285	NA-NA	NA	NA-NA	NA	11-2375	1
AB000284	NA-NA	NA	NA-NA	NA	11-2375	1
AB000283	NA-NA	NA	NA-NA	NA	11-2375	1
AB000301	NA-NA	NA	NA-NA	NA	11-2375	1
AB025812	NA-NA	NA	NA-NA	NA	11-2327	1
AB025811	NA-NA	NA	NA-NA	NA	11-2327	1
AB025810	NA-NA	NA	NA-NA	NA	11-2327	1
AB025809	NA-NA	NA	NA-NA	NA	11-2327	1
AB025808	NA-NA	NA	NA-NA	NA	11-2327	1
AB025807	NA-NA	NA	NA-NA	NA	11-2327	1
AB025806	NA-NA	NA	NA-NA	NA	11-2327	1
AB025805	NA-NA	NA	NA-NA	NA	11-2327	1
AB025804	NA-NA	NA	NA-NA	NA	11-2327	1
AB025803	NA-NA	NA	NA-NA	NA	11-2327	1
AB025802	NA-NA	NA	NA-NA	NA	11-2327	1
AB025801	NA-NA	NA	NA-NA	NA	11-2327	1
AB037274	NA-NA	NA	NA-NA	NA	303-2655	1
AB037273	NA-NA	NA	NA-NA	NA	64-2416	1
EF583300	NA-NA	NA	NA-NA	NA	11-2396	1
Z25771	85-2839	1	2823-4380	1	4372-6733	1
AB194280	2-289	1	NA-NA	NA	NA-NA	NA
AB191789	2-289	1	NA-NA	NA	NA-NA	NA
AB126674	2-289	1	NA-NA	NA	NA-NA	NA
AB126673	2-289	1	NA-NA	NA	NA-NA	NA
AB126672	2-289	1	NA-NA	NA	NA-NA	NA
AB126671	2-289	1	NA-NA	NA	NA-NA	NA
AB126670	2-242	1	NA-NA	NA	NA-NA	NA
AB116554	2-289	1	NA-NA	NA	NA-NA	NA
AB033998	13-3025	1	3024-4551	1	4570-6622	1
Z11682	NA-NA	NA	NA-NA	NA	NA-NA	NA
AB046864	NA-NA	NA	NA-NA	NA	192-2232	1
AB105177	NA-NA	NA	2-289	1	NA-NA	NA
AJ620760	NA-NA	NA	NA-NA	NA	2-206	1
AJ620759	NA-NA	NA	NA-NA	NA	0-240	1
AJ620758	NA-NA	NA	NA-NA	NA	2-200	1
AJ620757	NA-NA	NA	NA-NA	NA	1-226	1
AJ620756	NA-NA	NA	NA-NA	NA	1-229	1
AJ620755	NA-NA	NA	NA-NA	NA	0-240	1
AJ620754	NA-NA	NA	NA-NA	NA	2-236	1
AJ620753	NA-NA	NA	NA-NA	NA	2-224	1
AJ620752	NA-NA	NA	NA-NA	NA	0-240	1
AJ620751	NA-NA	NA	NA-NA	NA	0-240	1
Z33883	NA-NA	NA	NA-NA	NA	0-2316	1
Y15937	45-2580	1	2528-4100	1	4092-6381	1
AB005257	NA-NA	NA	NA-NA	NA	0-276	1
Y15938	NA-NA	NA	NA-NA	NA	25-2377	1
Y08632	NA-NA	NA	NA-NA	NA	26-2402	1
Y08634	NA-NA	NA	NA-NA	NA	1-211	1
Y08633	NA-NA	NA	NA-NA	NA	2-314	1
Y08631	NA-NA	NA	NA-NA	NA	1-220	1
Y08630	NA-NA	NA	NA-NA	NA	1-214	1
Y08629	NA-NA	NA	NA-NA	NA	1-220	1
Y08628	NA-NA	NA	NA-NA	NA	1-220	1
Y08627	NA-NA	NA	NA-NA	NA	1-220	1
Z66541	NA-NA	NA	NA-NA	NA	0-2349	1
Z46658	NA-NA	NA	NA-NA	NA	0-2337	1
L13745	NA-NA	NA	NA-NA	NA	NA-NA	NA
